ResultRaw1 ResultRaw2 ResultRaw3 ResultRaw4 ResultRaw5 ResultRaw6 ResultRaw7 ResultRaw8 ResultRaw9 ResultRaw10 ResultRaw11 ResultRaw12 ResultRaw13 ResultRaw14 ResultRaw15 ResultRaw16 ResultRaw17 ResultRaw18 ResultRaw19 ResultRaw20 ResultRaw21 ResultRaw22 ResultRaw23 ResultRaw24 ResultRaw25 ResultRaw26 ResultRaw27 ResultRaw28 ResultRaw29 ResultRaw30 ResultRaw31 ResultRaw32 ResultRaw33
img15241.jpg 1381 992 1381 781 1413 538 1365 554 1365 797 1413 1008 1397 554 1381 263 1365 230 1284 69 1365 506 1413 409 1397 263 1332 279 1316 441 1251 587
img15242.jpg 1398 995 1393 783 1419 543 1370 554 1365 788 1408 1007 1397 548 1381 265 1359 227 1294 69 1364 510 1413 412 1397 265 1332 281 1315 445 1250 587
img15243.jpg 1409 997 1392 781 1407 549 1364 555 1361 791 1404 1010 1387 552 1378 266 1358 226 1298 73 1357 518 1411 419 1394 263 1338 276 1312 442 1251 589
img15244.jpg 1413 998 1391 777 1404 551 1364 554 1357 787 1401 1014 1384 555 1377 267 1357 226 1300 74 1353 525 1411 426 1394 264 1344 274 1311 443 1252 588
img15245.jpg 1417 1002 1391 775 1401 555 1363 555 1349 788 1398 1023 1380 558 1377 269 1360 224 1298 76 1347 529 1410 429 1394 262 1346 272 1309 441 1257 586
img15246.jpg 1411 1005 1385 772 1399 554 1361 557 1337 789 1396 1025 1379 561 1375 269 1358 227 1299 79 1346 532 1412 430 1396 259 1347 269 1310 436 1261 588
img15247.jpg 1398 1007 1381 767 1406 552 1364 556 1322 785 1392 1022 1381 559 1378 270 1357 228 1297 79 1344 534 1415 432 1399 260 1346 270 1313 433 1263 587
img15248.jpg 1392 1012 1379 766 1411 550 1365 557 1303 777 1390 1021 1386 557 1379 270 1358 228 1295 78 1343 534 1417 429 1397 257 1344 270 1313 431 1267 588
img15249.jpg 1392 1018 1380 766 1415 550 1366 557 1282 769 1383 1018 1390 553 1376 270 1359 228 1296 78 1340 532 1418 426 1397 256 1341 270 1313 427 1271 588
img15250.jpg 1390 1022 1379 762 1417 547 1365 554 1257 755 1353 1011 1393 550 1376 269 1358 231 1299 78 1338 535 1418 422 1396 255 1341 269 1317 425 1275 588
img15251.jpg 1389 1027 1377 759 1415 546 1363 553 1236 742 1314 1007 1394 546 1376 269 1359 231 1300 77 1335 537 1415 420 1394 256 1345 269 1319 426 1282 584
img15252.jpg 1396 1027 1375 758 1414 543 1361 550 1214 726 1262 1003 1393 543 1372 269 1361 231 1298 76 1332 538 1410 417 1390 255 1347 269 1321 425 1291 582
img15253.jpg 1396 1024 1372 752 1413 542 1361 545 1197 713 1201 993 1389 542 1371 269 1361 230 1301 77 1329 533 1410 416 1393 255 1350 269 1325 425 1298 577
img15254.jpg 1396 1024 1371 751 1410 543 1361 547 1178 701 1128 974 1385 539 1371 269 1361 231 1304 76 1325 524 1406 415 1389 252 1350 269 1329 425 1308 575
img15255.jpg 1395 1019 1370 747 1405 541 1360 545 1165 690 1071 949 1381 538 1370 269 1360 226 1303 74 1320 515 1401 417 1388 251 1352 269 1330 425 1314 573
img15256.jpg 1397 1014 1372 745 1404 543 1359 543 1193 696 1109 953 1377 539 1369 269 1359 223 1302 72 1303 509 1393 421 1384 251 1352 269 1330 424 1317 571
img15257.jpg 1393 1013 1371 744 1398 543 1356 543 1185 686 1136 917 1374 540 1370 267 1356 222 1304 72 1283 503 1386 424 1381 250 1353 267 1330 423 1318 568
img15258.jpg 1391 1011 1372 744 1394 542 1355 542 1217 697 1197 928 1369 539 1366 267 1352 221 1299 69 1260 503 1375 429 1377 253 1352 267 1330 422 1320 567
img15259.jpg 1382 1010 1363 744 1387 540 1352 540 1212 687 1278 945 1363 540 1363 266 1345 220 1292 69 1240 508 1366 433 1370 255 1352 266 1323 429 1321 565
img15260.jpg 1378 1010 1358 746 1386 539 1351 539 1204 679 1360 967 1358 539 1358 266 1340 224 1288 70 1240 515 1365 431 1361 259 1347 266 1316 436 1320 564
img15261.jpg 1370 1009 1350 747 1381 541 1349 541 1156 658 1309 926 1352 538 1352 267 1335 229 1282 74 1227 514 1367 428 1359 260 1342 267 1308 442 1317 566
img15262.jpg 1372 1006 1346 747 1375 544 1347 540 1150 657 1283 937 1347 537 1347 269 1329 230 1276 75 1217 516 1370 421 1354 266 1336 269 1300 448 1315 569
img15263.jpg 1376 1007 1343 751 1370 547 1342 543 1102 638 1220 907 1342 540 1342 272 1324 230 1271 79 1216 515 1375 409 1349 265 1328 272 1296 452 1310 568
img15264.jpg 1386 1008 1342 752 1367 548 1339 544 1100 643 1154 879 1339 541 1339 273 1321 231 1265 80 1209 520 1374 406 1346 266 1321 277 1300 450 1300 572
img15265.jpg 1388 1009 1339 754 1360 554 1331 547 1099 652 1092 853 1335 543 1331 276 1317 233 1257 82 1187 518 1363 409 1342 265 1314 279 1297 448 1293 575
img15266.jpg 1395 1014 1332 756 1353 553 1322 549 1101 661 1073 865 1332 545 1325 276 1311 233 1248 83 1185 528 1353 412 1336 268 1304 282 1294 448 1283 577
img15267.jpg 1396 1017 1326 761 1347 554 1312 553 1101 673 1056 876 1326 550 1316 276 1302 238 1238 83 1182 532 1338 419 1326 269 1295 287 1288 442 1274 578
img15268.jpg 1393 1013 1320 762 1341 556 1299 556 1103 685 1048 888 1320 553 1306 281 1295 242 1229 85 1173 542 1321 430 1317 273 1285 291 1273 438 1264 581
img15269.jpg 1389 1008 1312 764 1333 561 1284 557 1106 701 1040 903 1308 554 1294 285 1284 247 1221 90 1160 539 1311 430 1309 274 1274 295 1258 435 1253 582
img15270.jpg 1389 1008 1305 766 1326 563 1270 560 1109 714 1035 921 1297 560 1283 287 1273 248 1210 91 1148 542 1306 433 1301 280 1263 301 1247 433 1238 584
img15271.jpg 1386 1003 1298 772 1316 568 1256 561 1109 726 1039 940 1284 565 1270 291 1259 252 1200 95 1139 545 1298 435 1288 284 1249 305 1230 434 1221 589
img15272.jpg 1384 1002 1293 770 1307 570 1240 563 1110 739 1043 953 1271 566 1257 296 1247 254 1190 96 1132 552 1294 438 1282 289 1233 306 1213 440 1201 595
img15273.jpg 1382 1003 1283 771 1291 570 1223 567 1111 750 1044 965 1255 570 1245 296 1231 257 1178 99 1125 556 1286 438 1269 292 1213 310 1199 450 1178 602
img15274.jpg 1382 1007 1276 771 1276 571 1205 570 1107 757 1047 975 1241 574 1230 300 1216 257 1163 99 1128 571 1277 443 1258 300 1191 310 1178 458 1153 606
img15275.jpg 1381 1005 1269 768 1259 569 1189 573 1105 761 1046 981 1224 573 1213 304 1196 259 1151 102 1132 579 1265 442 1241 301 1168 311 1154 461 1126 608
img15276.jpg 1370 1004 1259 762 1242 569 1169 569 1103 766 1044 983 1207 569 1197 306 1180 258 1135 105 1127 583 1250 442 1228 303 1149 310 1132 462 1100 607
img15277.jpg 1361 996 1247 762 1223 565 1151 568 1099 765 1040 986 1189 565 1178 302 1161 257 1116 105 1119 581 1231 437 1210 299 1130 309 1109 465 1075 606
img15278.jpg 1354 986 1233 759 1212 559 1137 563 1092 763 1040 990 1178 556 1161 301 1143 253 1099 105 1119 583 1218 436 1195 298 1113 308 1085 463 1051 601
img15279.jpg 1345 970 1216 759 1202 552 1124 559 1087 763 1039 987 1165 552 1144 297 1124 250 1083 107 1113 580 1201 430 1178 294 1094 308 1063 461 1026 597
img15280.jpg 1327 948 1192 758 1188 548 1113 555 1076 762 1038 986 1154 545 1130 293 1110 246 1066 103 1100 572 1183 426 1168 293 1080 303 1045 457 1001 596
img15281.jpg 1314 926 1170 755 1177 543 1105 553 1067 759 1036 989 1142 543 1115 292 1094 244 1053 97 1100 570 1172 423 1156 289 1064 303 1029 457 978 584
img15282.jpg 1291 910 1145 750 1166 541 1098 548 1060 757 1036 990 1132 537 1104 294 1084 243 1039 95 1097 567 1162 421 1149 291 1050 301 1019 445 954 575
img15283.jpg 1260 906 1121 748 1153 541 1087 545 1053 755 1036 989 1118 538 1094 293 1073 245 1029 93 1085 558 1149 417 1146 290 1036 297 1004 441 932 569
img15284.jpg 1227 900 1103 738 1141 540 1078 540 1047 752 1037 988 1110 533 1085 293 1068 244 1016 87 1081 553 1140 415 1141 289 1023 296 991 435 915 560
img15285.jpg 1209 906 1094 736 1133 536 1070 536 1042 750 1038 992 1098 533 1077 291 1063 245 1007 87 1078 549 1131 414 1136 291 1010 298 982 424 901 546
img15286.jpg 1183 914 1084 735 1126 535 1060 538 1036 749 1039 991 1088 531 1070 289 1057 244 998 91 1077 549 1124 417 1133 292 1001 299 970 420 890 545
img15287.jpg 1171 919 1083 736 1120 533 1052 536 1031 746 1041 986 1083 533 1062 289 1049 244 990 93 1081 546 1119 416 1127 292 990 299 959 419 883 540
img15288.jpg 1165 921 1084 734 1114 533 1047 536 1026 747 1040 984 1077 533 1054 288 1043 241 982 91 1094 545 1116 418 1118 292 982 298 952 413 873 536
img15289.jpg 1151 930 1080 740 1107 534 1040 540 1020 746 1040 988 1070 534 1047 288 1036 241 976 96 1104 546 1113 422 1110 291 976 294 945 412 865 534
img15290.jpg 1124 934 1071 739 1101 532 1031 542 1014 744 1038 983 1064 532 1041 290 1027 239 970 98 1115 548 1108 424 1101 290 966 293 933 421 859 532
img15291.jpg 1096 936 1061 740 1094 534 1024 541 1001 742 1021 979 1058 530 1034 291 1021 241 963 96 1119 543 1101 423 1094 291 956 291 926 420 852 534
img15292.jpg 1060 940 1047 742 1087 537 1014 544 984 741 998 975 1047 531 1027 291 1014 241 957 101 1120 545 1096 427 1087 294 950 291 913 428 843 537
img15293.jpg 1030 942 1035 742 1078 537 1004 543 968 735 973 967 1034 530 1021 291 1004 244 950 103 1116 547 1088 429 1078 294 943 291 903 433 843 540
img15294.jpg 1011 940 1028 740 1068 538 991 541 951 730 947 955 1021 531 1011 296 995 246 944 104 1109 545 1078 430 1072 299 937 293 894 437 843 545
img15295.jpg 987 937 1019 739 1059 541 980 541 937 729 919 946 1013 534 1003 298 987 249 937 107 1102 548 1072 433 1065 301 931 295 888 439 838 551
img15296.jpg 978 937 1015 740 1045 540 969 540 932 727 904 935 1002 537 992 298 979 252 929 109 1092 551 1062 435 1055 305 926 295 882 441 836 554
img15297.jpg 957 932 1005 739 1032 541 959 541 932 732 926 936 992 541 982 300 969 254 919 109 1081 551 1048 436 1045 306 916 297 876 442 833 561
img15298.jpg 935 928 995 739 1018 542 949 546 932 739 951 938 982 546 972 304 959 256 910 111 1070 556 1037 438 1037 314 907 301 871 441 828 565
img15299.jpg 908 924 982 742 1005 546 943 549 936 745 974 947 975 546 962 305 949 260 901 113 1057 563 1028 439 1028 315 897 302 865 442 822 569
img15300.jpg 891 924 966 743 992 547 934 550 937 749 1000 957 963 547 950 306 940 261 891 114 1035 565 1012 440 1015 316 888 303 859 443 817 573
img15301.jpg 877 918 950 740 982 551 925 554 934 753 1029 963 953 551 941 309 931 259 884 122 1018 565 1001 438 1004 315 878 302 853 444 809 576
img15302.jpg 874 918 937 740 971 548 918 552 924 752 1021 959 943 548 934 308 924 258 874 126 999 566 990 432 993 311 871 302 846 442 802 574
img15303.jpg 869 919 922 738 962 550 910 553 913 750 1014 956 937 550 925 305 916 255 866 132 972 564 976 428 981 308 864 298 839 440 793 572
img15304.jpg 870 922 910 734 958 546 904 549 895 749 1007 946 931 549 916 301 910 256 858 140 950 560 964 422 968 304 858 298 834 438 783 571
img15305.jpg 871 921 904 733 949 546 898 549 876 745 995 933 925 549 910 298 901 255 849 140 926 556 954 418 959 304 856 295 828 431 774 564
img15306.jpg 864 919 897 730 943 541 891 544 855 742 979 921 919 544 903 294 891 254 839 136 896 553 942 415 949 303 852 294 824 425 766 559
img15307.jpg 852 916 891 725 939 541 885 547 837 737 964 910 913 547 894 292 885 255 833 137 866 549 929 413 940 304 849 292 821 422 758 553
img15308.jpg 846 912 888 722 936 537 878 543 821 734 945 898 906 540 888 291 878 254 827 136 841 543 921 411 933 300 845 291 820 422 751 543
img15309.jpg 844 909 884 718 926 536 872 542 805 730 927 891 896 539 881 290 869 251 820 129 813 534 911 409 926 299 841 290 817 421 745 533
img15310.jpg 843 904 880 710 922 533 868 539 796 728 910 888 889 536 874 289 862 247 811 133 792 525 903 404 916 295 838 289 817 419 736 524
img15311.jpg 844 908 877 710 919 530 865 539 790 725 895 891 883 533 868 289 859 247 805 133 775 516 898 401 910 292 835 289 814 418 730 512
img15312.jpg 853 912 876 709 912 525 861 534 785 722 882 903 882 525 867 289 855 244 800 132 757 507 892 399 903 289 830 289 809 419 720 502
img15313.jpg 859 916 874 709 907 524 856 530 780 718 868 911 877 524 862 289 850 246 792 129 741 493 886 394 892 286 828 289 807 416 715 489
img15314.jpg 859 920 870 710 904 524 849 530 782 719 852 920 873 524 858 289 846 247 785 128 728 472 883 392 882 283 824 289 803 414 710 476
img15315.jpg 860 926 870 716 900 522 842 531 787 719 839 930 870 525 854 289 842 249 784 124 718 454 882 392 876 283 820 289 793 418 708 465
img15316.jpg 864 927 869 716 893 523 838 533 791 719 828 937 869 526 850 287 838 250 778 122 707 436 878 390 866 281 816 290 788 414 710 451
img15317.jpg 864 929 868 715 890 526 833 532 796 721 820 939 865 529 842 287 830 252 773 120 697 419 875 390 862 281 811 290 786 406 713 437
img15318.jpg 865 931 868 716 884 529 830 535 801 722 817 944 862 532 839 288 827 250 770 121 687 406 872 391 859 282 808 291 779 402 706 430
img15319.jpg 866 933 866 714 882 527 828 536 806 720 815 946 860 533 837 288 822 250 768 120 676 406 867 391 857 282 803 292 771 396 697 424
img15320.jpg 869 935 862 711 878 530 827 536 805 721 818 944 856 533 833 287 818 249 763 121 665 405 861 391 856 281 798 293 764 393 690 417
img15321.jpg 869 934 863 711 876 530 825 536 806 724 819 944 850 536 831 288 812 250 761 120 660 406 859 392 854 282 796 295 752 394 671 416
img15322.jpg 870 935 864 713 873 529 823 541 807 725 820 938 845 538 829 287 810 249 756 119 678 419 852 392 848 281 797 294 737 399 655 414
img15323.jpg 872 932 862 713 875 525 821 541 809 725 821 938 843 535 824 287 805 252 754 119 673 422 848 395 847 284 793 294 723 401 643 411
img15324.jpg 872 929 863 714 872 527 819 543 809 726 825 938 840 536 819 287 803 252 752 119 668 427 844 398 844 287 790 293 714 407 635 412
img15325.jpg 871 928 862 714 871 525 818 544 812 726 824 941 840 534 815 289 799 251 745 118 665 428 841 399 837 286 786 292 708 405 628 412
img15326.jpg 871 930 859 713 868 526 821 542 815 725 824 940 840 533 812 290 796 252 742 119 658 433 836 400 830 283 783 290 701 406 627 412
img15327.jpg 872 928 856 714 868 529 821 538 818 724 824 944 840 532 809 289 793 251 739 119 665 433 834 400 827 283 777 292 699 405 629 414
img15328.jpg 870 931 855 713 864 526 826 535 817 722 823 944 839 529 808 289 792 251 734 121 684 444 828 397 820 279 775 292 699 406 634 418
img15329.jpg 871 934 855 712 861 527 829 534 817 721 823 943 839 527 804 289 788 251 731 121 694 449 823 395 813 276 775 292 695 404 635 415
img15330.jpg 871 934 855 711 862 527 830 533 817 721 823 940 839 527 801 288 785 253 731 122 694 451 819 396 810 278 775 291 692 403 637 415
img15331.jpg 873 933 857 710 864 524 826 533 813 719 823 943 838 524 801 288 782 253 725 124 695 450 816 396 810 278 778 291 689 404 639 417
img15332.jpg 873 936 857 707 863 523 823 532 810 720 823 945 838 523 798 288 779 254 723 126 661 444 813 398 810 279 776 291 687 404 642 417
img15333.jpg 872 934 857 706 866 524 817 531 810 722 823 940 838 524 795 287 777 253 721 127 640 437 816 401 813 281 774 293 684 404 644 417
img15334.jpg 870 932 858 706 867 520 815 530 811 721 824 938 836 524 796 286 778 255 719 128 632 431 817 401 814 283 771 295 685 403 648 417
img15335.jpg 868 931 856 704 865 517 813 527 809 719 825 937 834 524 797 284 779 253 716 125 633 430 797 402 815 281 769 297 685 405 651 420
img15336.jpg 866 929 853 704 866 519 809 525 813 719 825 932 834 525 794 284 778 253 716 124 633 432 777 407 819 284 762 300 684 406 652 422
img15337.jpg 865 927 852 704 865 518 811 524 815 719 824 927 833 524 792 285 777 253 714 121 634 430 759 410 818 285 761 301 682 408 650 424
img15338.jpg 865 927 852 704 865 516 814 526 814 720 824 927 833 523 792 284 776 252 712 119 632 431 737 412 814 284 760 300 681 408 646 425
img15339.jpg 866 929 850 705 866 518 815 528 812 721 822 929 834 521 790 284 774 253 711 117 627 433 718 417 812 284 758 300 679 411 643 430
img15340.jpg 867 929 852 705 864 520 814 529 811 721 820 932 836 523 789 287 773 255 710 117 608 432 720 416 811 283 754 302 678 413 641 434
img15341.jpg 869 927 853 706 863 519 816 531 810 721 822 930 838 522 791 285 772 254 710 117 592 430 723 416 810 282 754 301 679 413 639 438
img15342.jpg 871 928 856 706 865 519 815 531 809 722 824 932 840 522 790 285 771 253 712 116 584 431 729 417 809 281 753 300 677 412 635 440
img15343.jpg 873 929 857 707 864 519 813 531 810 722 826 936 838 525 788 287 770 256 713 114 579 429 736 418 810 284 751 299 679 412 635 443
img15344.jpg 873 928 860 709 863 519 812 532 812 722 828 934 838 529 787 288 768 256 715 114 579 422 745 418 816 285 749 297 676 414 632 447
img15345.jpg 874 930 861 709 867 519 814 532 810 721 830 936 836 529 785 289 770 254 713 115 599 422 754 423 820 289 747 295 675 415 630 448
img15346.jpg 874 934 861 707 871 518 813 531 810 723 829 940 836 531 784 291 768 253 714 115 617 422 763 426 823 291 746 294 674 415 631 446
img15347.jpg 874 935 861 706 868 520 813 533 810 722 829 941 832 533 784 291 768 253 714 118 634 418 770 427 823 291 746 295 677 412 634 442
img15348.jpg 872 934 859 708 869 521 814 534 807 721 827 940 833 530 785 291 769 253 711 117 664 421 775 427 824 291 746 295 674 413 632 438
img15349.jpg 873 935 857 708 869 520 815 534 805 721 824 944 834 527 785 291 769 252 708 119 674 423 779 426 821 291 743 297 677 409 638 432
img15350.jpg 872 933 856 710 869 520 813 534 807 720 823 942 836 523 787 291 767 252 708 118 681 422 780 424 820 288 744 298 681 404 643 424
img15351.jpg 871 932 854 712 868 518 812 532 805 718 822 941 835 521 786 289 769 252 707 118 689 420 783 422 822 289 743 299 681 403 644 418
img15352.jpg 869 932 853 711 869 514 813 531 803 718 820 942 836 521 787 290 770 251 708 116 694 421 786 421 826 291 741 297 679 406 644 420
img15353.jpg 872 933 855 711 872 512 813 529 803 721 820 936 839 522 787 290 770 248 709 118 678 420 795 419 832 291 738 297 683 405 650 420
img15354.jpg 874 933 858 710 874 511 813 527 804 723 820 936 842 521 788 289 771 247 710 115 671 426 802 417 835 289 739 295 684 402 650 415
img15355.jpg 881 933 862 710 875 509 815 525 805 726 821 936 843 522 789 286 773 248 716 114 667 432 810 414 840 289 738 296 684 401 646 412
img15356.jpg 891 934 865 712 878 510 818 525 805 728 821 941 846 522 793 285 777 247 720 111 655 439 815 412 843 288 739 298 691 396 649 407
img15357.jpg 902 932 870 714 880 512 817 525 807 730 823 942 848 522 795 285 779 247 725 111 679 450 822 410 848 288 741 298 697 392 650 395
img15358.jpg 914 931 875 717 882 515 817 527 808 733 824 948 850 521 798 284 782 248 734 111 710 455 829 407 853 287 740 300 695 393 643 385
img15359.jpg 929 932 881 718 884 516 819 529 809 734 822 949 851 526 802 285 786 246 744 110 748 455 838 407 861 289 744 301 698 392 644 371
img15360.jpg 943 934 884 718 887 521 821 531 808 734 818 947 854 528 808 285 792 246 749 108 749 449 815 409 868 288 749 301 703 390 650 354
img15361.jpg 957 933 891 718 891 526 825 533 811 734 818 946 858 526 815 287 798 248 758 109 757 443 796 411 874 287 755 300 705 390 658 338
img15362.jpg 969 936 896 717 896 527 830 534 813 733 816 949 863 527 823 285 806 248 766 105 733 431 773 411 879 285 763 301 710 388 675 321
img15363.jpg 981 941 902 717 902 529 833 535 816 733 816 951 866 529 833 284 816 248 773 103 712 427 753 418 886 288 773 301 718 387 698 307
img15364.jpg 989 946 909 720 909 530 836 536 819 733 819 953 869 526 843 286 826 249 783 103 691 420 736 423 896 290 779 299 723 390 699 325
img15365.jpg 995 950 919 723 915 530 842 537 822 736 822 956 875 527 849 287 835 247 792 104 699 414 751 424 906 290 789 300 726 397 701 346
img15366.jpg 999 955 926 724 923 529 850 539 827 737 820 958 883 529 857 290 843 244 804 109 709 405 768 428 916 294 797 300 731 403 701 371
img15367.jpg 1004 957 934 725 931 530 854 540 831 738 821 957 891 530 865 294 854 245 815 109 719 389 789 434 928 298 805 301 739 410 695 401
img15368.jpg 1003 954 940 725 937 533 860 539 834 738 821 957 900 533 871 297 864 244 827 108 729 360 807 434 937 297 814 300 748 416 688 430
img15369.jpg 1006 952 947 726 944 535 868 541 838 739 819 956 911 538 878 298 875 245 842 107 744 327 824 434 941 294 825 301 756 423 700 436
img15370.jpg 1007 951 954 723 954 535 874 545 841 737 818 954 917 542 887 300 884 248 858 105 768 296 839 435 947 293 835 300 768 426 712 443
img15371.jpg 1007 954 960 724 960 536 881 543 842 737 819 954 924 543 898 299 894 249 871 104 787 268 848 432 954 292 848 299 785 424 720 450
img15372.jpg 1006 956 966 726 966 538 891 544 841 736 822 956 930 544 907 297 904 248 884 102 804 250 855 429 960 290 858 300 795 426 732 455
img15373.jpg 1009 961 972 724 975 537 900 543 844 734 828 958 936 543 919 296 913 244 900 105 818 237 859 426 962 286 870 300 807 425 742 464
img15374.jpg 1008 964 975 722 982 538 907 541 844 735 838 961 939 541 926 292 920 243 910 105 827 242 875 427 969 289 880 299 821 420 749 472
img15375.jpg 1008 967 976 722 986 541 912 541 847 734 850 964 947 538 934 289 928 240 921 110 830 240 892 425 973 289 889 298 831 418 756 482
img15376.jpg 1007 964 978 724 991 543 913 543 849 734 868 964 949 539 939 286 936 238 933 108 838 234 909 423 975 286 894 299 835 419 764 487
img15377.jpg 1007 965 981 724 994 542 916 542 854 734 883 965 951 539 945 288 942 239 942 108 843 228 925 421 981 288 899 297 844 418 769 500
img15378.jpg 1006 966 980 730 993 542 918 542 859 736 898 966 954 539 947 288 947 242 951 103 847 222 948 420 987 292 901 298 849 416 776 509
img15379.jpg 1006 967 980 735 990 544 921 544 865 738 915 967 954 541 954 292 954 243 960 104 852 206 956 415 990 292 904 298 849 423 780 518
img15380.jpg 1006 968 983 739 989 546 923 546 873 742 926 972 953 543 959 293 959 243 966 100 856 200 962 413 996 296 909 296 853 423 783 526
img15381.jpg 1007 973 980 738 987 547 923 550 879 745 933 977 953 543 963 295 963 245 973 97 859 198 966 409 997 298 913 295 852 426 786 537
img15382.jpg 1007 973 977 740 984 550 924 553 888 750 937 980 951 547 968 293 968 244 981 97 864 194 970 404 994 297 918 293 854 427 788 540
img15383.jpg 1005 974 979 739 982 551 923 557 893 752 942 980 949 547 969 293 969 244 986 98 866 191 967 399 995 296 920 293 856 429 791 541
img15384.jpg 1004 973 978 737 981 551 922 558 898 754 941 983 948 548 971 292 971 241 988 99 868 189 965 395 998 295 922 295 861 425 795 541
img15385.jpg 1005 975 975 738 979 548 922 554 902 751 942 979 945 548 969 294 972 243 992 96 872 187 963 392 995 290 922 297 865 424 795 544
img15386.jpg 1008 976 978 741 978 549 921 553 907 754 944 980 944 549 967 294 974 243 994 95 870 186 962 391 998 290 921 301 866 425 796 542
img15387.jpg 1010 978 979 741 979 545 918 551 908 751 945 978 945 545 966 294 976 243 996 97 867 186 962 391 999 291 918 301 871 423 796 541
img15388.jpg 1014 981 980 744 980 545 919 552 912 751 942 981 946 549 967 292 977 244 998 96 867 186 963 390 1001 288 919 302 870 422 795 542
img15389.jpg 1017 982 980 744 983 542 918 553 915 750 942 979 949 546 966 291 976 246 1000 96 867 188 963 391 1000 290 918 301 870 420 789 542
img15390.jpg 1018 980 978 743 984 543 917 554 917 753 940 983 950 547 968 290 978 246 1001 97 869 189 963 392 1001 293 917 300 869 418 785 540
img15391.jpg 1017 975 976 743 983 541 919 554 919 749 939 978 952 544 970 288 976 248 1003 100 875 187 965 398 1003 291 919 298 872 416 781 541
img15392.jpg 1014 973 974 744 980 545 920 555 920 754 937 976 954 548 971 289 977 248 1004 97 880 184 967 406 1004 292 920 299 869 417 779 541
img15393.jpg 1012 970 972 742 978 544 921 551 921 752 938 977 955 544 972 289 978 249 1005 98 884 185 970 414 1005 292 921 299 867 417 777 541
img15394.jpg 1011 972 974 744 977 544 919 551 923 754 940 975 953 544 970 293 980 249 1004 97 889 181 972 422 1008 293 923 300 865 419 777 541
img15395.jpg 1010 971 976 746 976 544 921 551 925 752 942 971 955 544 972 291 979 250 1007 96 890 182 977 429 1010 291 925 301 863 421 778 541
img15396.jpg 1009 972 978 745 978 546 920 549 923 752 941 972 954 546 971 292 978 251 1006 96 893 182 978 432 1009 292 923 302 858 422 779 539
img15397.jpg 1011 973 980 746 980 546 922 546 925 749 942 977 953 546 970 288 977 250 1008 96 894 185 980 429 1011 292 925 302 856 422 777 540
img15398.jpg 1011 974 980 743 983 546 921 550 925 750 942 978 952 546 970 291 976 249 1008 94 897 184 983 425 1011 291 925 301 855 422 776 540
img15399.jpg 1010 974 979 743 983 547 921 547 924 747 941 981 952 547 972 289 976 248 1007 93 897 183 983 420 1010 289 924 300 855 423 777 540
img15400.jpg 1010 973 982 744 982 546 920 550 923 748 940 984 951 546 972 290 975 245 1007 92 899 183 981 415 1010 290 923 297 854 425 778 540
img15401.jpg 1011 973 983 747 979 545 920 548 923 750 941 983 951 545 972 291 976 243 1007 89 899 180 979 408 1014 291 923 295 854 423 778 541
img15402.jpg 1009 973 984 748 981 544 919 551 922 752 939 980 953 544 974 295 974 243 1005 91 898 177 978 408 1015 288 922 295 853 427 780 541
img15403.jpg 1008 974 987 750 980 543 918 550 921 750 942 978 952 543 973 295 973 241 1004 92 897 178 977 412 1018 289 921 295 852 426 780 540
img15404.jpg 1006 973 988 750 981 543 919 553 919 750 943 977 954 546 971 298 971 240 1006 91 899 181 978 414 1019 288 919 298 851 425 781 539
img15405.jpg 1006 975 985 751 981 543 919 550 919 751 943 975 954 547 971 298 971 240 1006 91 899 181 978 417 1019 288 919 298 850 422 785 540
img15406.jpg 1006 974 985 750 985 546 919 552 919 750 943 974 954 549 971 296 971 238 1006 92 899 182 980 421 1020 286 919 300 850 424 788 539
img15407.jpg 1007 975 983 748 983 546 920 553 920 748 944 975 955 550 972 295 972 236 1004 89 899 180 981 421 1018 288 920 299 850 424 791 539
img15408.jpg 1007 975 983 750 983 549 919 553 919 750 944 978 954 553 972 292 972 236 1004 88 898 180 980 419 1018 289 919 299 849 426 793 538
img15409.jpg 1009 975 981 749 981 551 921 551 921 753 942 975 956 551 970 290 974 237 1002 88 896 180 982 417 1016 290 917 300 847 428 794 537
img15410.jpg 1008 976 983 746 983 553 921 553 917 753 941 980 955 550 970 291 973 238 1001 88 896 182 988 416 1019 291 917 301 847 427 791 536
img15411.jpg 1007 979 980 744 983 553 921 553 917 754 942 983 955 550 970 293 973 241 1000 89 897 182 993 413 1015 290 917 300 845 429 789 536
img15412.jpg 1008 980 981 741 984 551 918 551 915 755 943 987 953 548 967 295 970 240 1001 91 898 188 994 411 1015 288 915 302 842 427 784 534
img15413.jpg 1010 980 980 742 983 549 918 549 914 756 942 983 952 546 966 295 969 240 1000 92 897 188 993 410 1014 288 914 302 842 425 780 536
img15414.jpg 1011 980 980 742 984 549 915 549 911 756 942 983 949 545 966 294 966 239 1001 91 897 187 990 410 1015 287 915 298 842 425 777 535
img15415.jpg 1013 981 979 742 982 549 913 549 913 756 944 977 947 549 965 294 965 238 999 90 895 187 985 409 1013 287 913 297 840 425 775 535
img15416.jpg 1015 981 980 745 980 548 911 548 911 756 946 974 946 548 963 292 963 236 994 88 894 188 980 410 1015 288 911 296 842 423 773 534
img15417.jpg 1016 982 981 746 981 549 912 549 912 753 946 968 946 549 964 290 964 238 991 86 894 186 980 412 1012 290 912 294 843 421 774 536
img15418.jpg 1014 979 982 744 982 548 913 551 913 752 944 966 948 548 962 292 962 240 989 85 896 185 980 413 1010 292 910 292 841 423 772 534
img15419.jpg 1012 977 984 745 984 545 915 552 915 749 942 967 949 545 960 293 960 241 987 86 894 183 982 414 1008 290 908 293 839 425 770 535
img15420.jpg 1012 973 984 745 984 545 915 552 915 749 942 966 949 545 956 293 956 241 984 85 891 182 981 413 1004 289 904 293 835 428 770 534
img15421.jpg 1009 973 985 743 982 543 916 551 916 746 940 969 947 543 954 293 954 242 982 87 886 183 979 413 1002 289 903 293 834 427 769 537
img15422.jpg 1009 973 983 741 983 542 915 549 915 747 939 976 946 542 949 293 949 240 979 88 879 182 977 409 1000 286 895 296 831 428 767 536
img15423.jpg 1012 974 982 741 982 544 912 551 916 751 939 977 942 547 949 290 949 237 976 90 872 187 976 409 999 287 893 297 829 427 769 534
img15424.jpg 1014 974 980 738 980 545 910 552 914 752 940 981 940 548 947 289 947 236 970 89 867 193 974 407 997 289 891 295 827 425 771 535
img15425.jpg 1014 976 977 738 977 545 911 552 914 751 941 986 941 545 948 286 948 237 964 90 865 194 972 406 997 290 891 296 828 426 768 535
img15426.jpg 1014 976 974 736 977 546 910 552 914 753 940 986 940 546 947 285 947 236 960 88 863 192 971 405 994 289 891 295 827 426 767 536
img15427.jpg 1012 974 971 737 974 547 910 554 913 754 940 984 940 544 947 284 947 236 954 87 863 196 971 406 994 290 893 294 825 429 765 541
img15428.jpg 1008 969 964 735 971 549 910 552 910 752 943 979 940 542 943 285 943 237 947 85 859 196 970 404 991 288 893 295 825 430 764 542
img15429.jpg 1006 967 959 737 969 551 908 551 908 754 945 973 938 544 942 284 942 237 942 84 857 199 969 403 989 287 891 297 823 432 762 541
img15430.jpg 1003 965 952 738 969 552 905 552 905 755 945 971 935 548 938 285 938 234 935 82 850 203 969 402 986 285 888 298 820 433 762 542
img15431.jpg 1004 960 943 738 967 552 903 552 903 755 947 970 937 546 937 283 933 233 926 81 842 209 967 402 984 283 883 300 815 435 761 539
img15432.jpg 1001 955 937 739 964 553 903 550 903 756 947 969 933 550 937 283 930 233 920 81 835 216 965 402 980 283 879 300 812 435 761 536
img15433.jpg 999 953 931 740 961 550 904 550 904 757 945 970 934 547 938 283 928 232 914 79 829 222 964 402 982 283 877 299 809 435 758 537
img15434.jpg 992 950 924 738 962 548 904 551 904 755 945 969 935 545 938 283 924 232 907 79 822 225 963 403 982 283 873 300 809 433 754 538
img15435.jpg 986 945 921 737 959 546 904 549 901 754 945 962 935 542 935 283 921 235 904 81 813 240 957 400 979 283 870 300 805 430 754 535
img15436.jpg 970 942 917 737 958 544 899 548 896 754 944 963 930 544 930 283 920 239 899 84 808 250 953 397 979 283 869 301 803 428 752 537
img15437.jpg 958 942 913 738 957 543 896 549 890 751 938 962 930 543 926 283 917 240 893 88 801 260 950 395 977 283 866 300 802 428 751 536
img15438.jpg 944 940 909 738 955 543 892 546 886 748 943 965 926 543 922 284 913 241 886 92 792 275 951 393 972 284 863 301 800 426 750 536
img15439.jpg 931 938 906 739 953 543 889 543 879 746 944 970 923 543 919 283 910 244 880 94 786 288 953 391 969 283 859 300 796 426 750 533
img15440.jpg 913 935 903 738 953 542 886 542 876 742 944 976 919 542 916 287 906 244 873 94 781 293 952 394 969 287 856 300 797 426 747 532
img15441.jpg 899 932 905 741 951 542 885 542 875 741 946 976 918 542 911 289 901 243 868 93 772 306 954 397 968 289 851 299 795 425 745 525
img15442.jpg 885 927 906 738 950 540 882 544 875 742 954 976 916 544 906 292 899 244 865 90 763 316 953 399 964 292 848 298 793 421 742 520
img15443.jpg 870 925 908 736 949 543 880 546 873 743 949 980 915 546 901 291 898 243 860 91 758 319 951 401 963 295 846 298 797 415 739 515
img15444.jpg 859 928 909 734 947 543 879 547 875 744 947 979 913 547 896 292 896 241 855 94 750 332 947 404 960 298 844 298 797 414 731 515
img15445.jpg 852 929 910 737 943 545 876 548 876 747 947 979 910 548 893 292 893 238 849 97 742 350 945 405 953 299 842 299 795 414 724 512
img15446.jpg 849 930 905 734 939 547 872 550 872 747 945 980 905 550 889 290 889 237 846 101 737 369 941 407 949 301 839 301 792 414 718 511
img15447.jpg 845 933 901 735 934 547 871 551 871 748 943 982 904 547 887 290 884 238 838 106 736 396 933 408 944 301 835 301 795 409 723 508
img15448.jpg 845 932 895 736 927 546 868 552 868 749 944 975 898 549 881 294 878 241 833 107 733 430 922 410 934 301 829 301 790 412 722 505
img15449.jpg 843 928 889 740 918 547 866 554 866 749 944 974 892 551 876 297 870 244 827 111 726 434 911 410 925 300 824 300 785 410 721 497
img15450.jpg 841 929 883 739 915 548 863 558 863 749 944 975 889 554 873 296 863 248 821 115 726 450 903 410 921 299 818 299 786 406 726 490
img15451.jpg 839 929 877 740 912 548 861 561 861 747 944 974 887 554 871 298 858 251 813 119 721 459 892 410 912 298 813 298 787 401 729 485
img15452.jpg 838 928 873 741 908 546 857 559 857 744 943 973 880 556 864 298 851 251 806 123 716 461 883 410 905 298 809 298 781 400 718 478
img15453.jpg 838 926 867 743 901 550 851 560 851 746 940 970 876 557 861 295 845 248 801 125 708 457 877 411 901 298 807 295 779 396 713 470
img15454.jpg 840 926 863 743 900 548 847 561 844 749 935 966 872 557 856 294 841 246 794 124 704 474 869 410 894 297 803 294 778 394 712 465
img15455.jpg 843 923 859 748 894 550 843 560 834 751 928 958 865 556 850 290 834 246 787 121 694 470 863 410 881 293 803 293 774 394 704 458
img15456.jpg 849 914 856 746 885 546 841 553 825 752 920 948 859 553 844 288 828 246 781 120 687 455 860 409 872 291 803 291 768 395 693 451
img15457.jpg 851 906 852 744 881 546 836 550 810 754 912 938 855 550 839 286 823 248 775 117 680 441 858 409 867 289 801 289 759 401 682 450
img15458.jpg 854 902 853 741 879 544 833 547 798 750 901 932 849 547 833 285 817 250 769 117 675 430 856 406 859 285 798 292 752 402 672 443
img15459.jpg 853 894 849 734 875 543 829 543 784 746 891 924 845 543 829 285 813 253 762 120 668 420 852 404 852 285 797 291 742 404 659 437
img15460.jpg 856 888 847 723 870 537 824 537 775 743 880 919 844 537 824 285 811 253 756 122 656 389 840 399 850 285 792 292 733 406 649 432
img15461.jpg 856 891 846 720 869 538 820 538 768 739 869 919 839 538 820 283 807 251 748 121 643 374 826 394 846 283 787 293 722 407 645 428
img15462.jpg 857 894 845 717 868 535 819 535 764 736 855 922 838 535 816 281 803 249 744 118 635 370 816 389 838 281 783 294 718 404 649 423
img15463.jpg 854 898 842 715 868 530 816 530 761 734 845 930 839 530 813 280 800 247 739 117 630 372 810 388 833 280 777 293 712 403 649 422
img15464.jpg 855 907 840 718 866 528 814 528 762 734 834 935 837 528 808 278 795 246 733 116 630 375 808 386 830 278 772 294 707 401 650 422
img15465.jpg 848 914 837 721 865 527 814 527 763 737 818 944 833 527 805 278 789 246 728 118 640 402 815 387 824 278 766 294 700 402 646 425
img15466.jpg 843 924 836 719 864 521 814 524 763 735 805 950 833 521 798 277 782 249 726 119 654 427 823 387 820 277 763 293 697 400 641 425
img15467.jpg 842 931 836 721 861 521 811 527 764 734 796 954 830 521 796 279 780 251 720 122 663 443 827 389 817 279 758 295 692 398 632 425
img15468.jpg 838 936 834 721 859 519 809 529 766 731 787 958 828 519 791 280 775 252 716 124 668 451 825 388 812 280 757 292 685 401 622 429
img15469.jpg 835 938 835 719 857 519 807 529 767 728 782 959 826 519 788 279 773 251 714 123 666 450 819 388 810 282 751 292 686 398 622 431
img15470.jpg 835 940 835 716 854 521 804 530 766 726 782 959 826 517 785 281 769 253 712 120 655 450 816 388 807 281 750 290 684 398 623 428
img15471.jpg 835 941 832 719 854 523 800 532 769 726 781 960 826 523 785 285 769 250 709 120 667 440 814 389 803 282 747 291 680 399 625 431
img15472.jpg 836 941 829 719 852 522 798 531 772 725 782 960 826 525 782 286 763 248 706 118 677 428 812 389 801 280 747 290 677 401 629 433
img15473.jpg 839 943 829 718 851 522 797 532 775 728 781 959 826 526 781 288 758 250 704 115 686 419 812 391 800 282 742 292 675 401 633 432
img15474.jpg 840 943 827 718 853 522 795 531 776 728 782 960 827 525 779 290 753 252 702 116 696 420 814 394 795 281 744 290 670 403 631 432
img15475.jpg 841 945 829 721 854 522 796 531 780 727 784 961 825 528 777 288 751 250 697 118 708 411 813 395 796 282 742 291 665 400 627 431
img15476.jpg 839 942 829 718 852 523 797 532 781 728 784 961 823 529 775 286 749 251 695 119 694 414 809 397 797 283 739 292 663 398 621 431
img15477.jpg 836 943 830 718 852 524 798 534 782 730 788 959 824 528 772 286 749 254 691 122 679 422 807 400 798 286 736 293 659 396 614 432
img15478.jpg 835 943 829 718 851 523 797 532 784 728 790 959 822 529 771 285 748 253 687 125 662 427 803 399 797 285 735 292 655 391 610 430
img15479.jpg 835 942 832 719 851 522 797 535 784 729 790 958 822 531 768 286 749 254 685 124 648 431 802 400 800 286 730 293 656 388 616 432
img15480.jpg 835 941 832 719 851 519 794 538 784 731 791 957 822 531 769 287 749 255 683 125 645 431 806 401 797 287 727 293 654 389 616 435
img15481.jpg 836 942 833 718 852 521 795 537 785 730 792 955 823 531 770 287 747 255 681 126 643 432 809 401 798 287 725 293 652 389 616 434
img15482.jpg 838 941 832 717 854 521 794 537 784 730 791 957 822 531 769 285 746 253 680 124 668 435 806 399 797 285 724 291 652 389 615 431
img15483.jpg 839 940 836 716 854 524 795 540 782 732 791 959 823 530 766 285 747 253 681 125 695 436 805 399 801 285 722 294 656 392 616 431
img15484.jpg 839 943 836 712 854 526 795 539 785 728 791 962 823 529 766 286 747 254 681 128 722 444 803 402 801 286 722 295 652 397 607 431
img15485.jpg 840 946 836 709 855 528 795 534 786 727 792 965 824 528 763 288 745 256 681 130 739 458 796 406 805 288 719 294 653 399 609 431
img15486.jpg 841 945 835 712 853 527 793 537 787 728 793 964 822 527 761 288 745 256 682 129 754 468 789 408 802 288 720 291 653 400 611 431
img15487.jpg 841 944 838 716 850 528 790 538 787 728 794 963 819 528 762 290 746 258 683 129 743 473 789 413 806 290 718 294 654 402 617 434
img15488.jpg 843 946 836 714 849 531 789 537 789 727 792 962 818 531 764 290 745 258 681 128 732 475 787 414 805 290 719 293 653 404 615 433
img15489.jpg 843 945 834 717 850 528 790 540 787 730 793 961 818 531 764 290 746 256 679 126 723 474 788 414 805 290 720 294 654 401 617 434
img15490.jpg 844 943 831 723 850 528 790 543 784 729 793 959 819 531 765 291 746 256 677 127 713 471 789 413 806 291 721 294 655 402 615 434
img15491.jpg 842 946 833 721 852 525 789 540 783 731 792 962 820 531 767 294 749 256 677 128 705 465 792 411 808 290 717 297 658 400 615 435
img15492.jpg 842 948 829 718 854 523 792 538 783 730 792 964 823 532 767 292 749 255 674 131 696 459 792 408 805 289 718 296 659 398 612 435
img15493.jpg 840 948 827 719 855 521 793 539 781 731 793 963 824 530 766 295 750 258 673 134 688 453 794 408 806 291 716 295 657 397 611 437
img15494.jpg 839 948 827 717 855 520 792 536 783 729 792 964 824 527 764 293 749 258 674 134 678 441 793 405 805 289 718 293 658 399 611 436
img15495.jpg 840 946 827 715 855 519 793 535 784 728 793 965 824 528 765 291 749 257 674 132 672 430 794 402 802 288 718 294 659 397 612 438
img15496.jpg 841 946 828 713 856 522 793 535 784 726 793 962 825 528 762 290 746 259 674 133 662 432 792 402 803 290 722 293 655 400 611 438
img15497.jpg 841 944 828 712 853 525 793 535 784 725 793 963 825 528 761 290 746 259 676 132 648 429 793 401 806 290 724 293 657 401 612 436
img15498.jpg 841 944 828 715 854 526 793 533 784 724 793 963 825 530 761 287 746 259 679 131 641 429 793 399 806 290 727 294 659 402 615 437
img15499.jpg 840 942 830 717 852 530 792 536 783 727 792 961 824 533 763 288 748 260 681 133 636 431 792 398 805 291 726 295 659 403 614 438
img15500.jpg 840 943 830 718 849 533 792 536 783 730 792 959 821 533 763 287 748 259 684 131 632 428 791 395 808 291 728 291 662 405 614 437
img15501.jpg 842 943 829 721 848 530 791 537 782 731 791 962 820 534 766 286 750 258 686 131 641 420 796 394 810 292 728 292 671 404 616 435
img15502.jpg 840 942 830 723 852 528 789 537 783 732 792 958 818 531 767 286 752 258 689 132 655 417 798 394 811 292 726 292 673 405 616 434
img15503.jpg 838 940 832 721 850 527 788 536 785 733 791 955 816 530 769 289 753 257 691 132 661 413 799 391 813 292 725 292 675 404 616 429
img15504.jpg 838 942 831 722 850 523 787 533 784 731 790 958 816 530 768 287 753 256 690 130 670 418 804 392 816 290 728 290 677 407 617 428
img15505.jpg 839 942 832 721 851 518 788 531 785 727 788 958 820 528 769 288 753 256 690 129 675 427 808 395 816 291 728 291 677 408 620 426
img15506.jpg 838 943 832 720 851 520 790 529 784 727 787 959 819 526 768 288 752 259 688 131 676 432 810 395 816 288 730 288 673 412 619 427
img15507.jpg 838 947 832 721 848 519 790 529 784 724 784 963 819 529 768 286 752 257 688 129 676 434 812 394 816 286 730 289 672 411 621 426
img15508.jpg 838 950 831 721 848 518 793 531 783 724 783 966 819 528 767 287 751 257 686 129 680 434 815 395 815 287 728 290 670 412 622 431
img15509.jpg 841 949 831 721 847 522 796 532 783 725 783 965 818 529 767 288 751 259 687 131 680 426 815 393 815 288 725 291 671 410 622 429
img15510.jpg 839 948 830 722 849 524 795 533 782 725 785 964 817 530 769 291 753 259 686 132 679 411 813 389 817 288 724 294 670 409 622 428
img15511.jpg 837 947 831 719 850 523 793 532 780 726 787 963 818 529 771 292 755 257 685 131 678 397 812 386 818 289 723 295 673 406 625 428
img15512.jpg 839 946 833 718 852 524 794 533 778 727 788 959 820 527 772 292 756 257 686 130 681 396 813 387 817 289 725 295 671 406 622 431
img15513.jpg 842 945 832 717 854 525 794 534 778 727 791 961 823 528 772 290 756 255 687 129 682 391 813 388 816 287 725 294 671 407 626 429
img15514.jpg 840 944 831 714 856 522 793 534 777 727 793 960 825 525 774 289 759 254 686 128 686 390 815 390 815 286 727 292 670 409 626 430
img15515.jpg 840 944 831 712 856 523 793 535 777 727 793 960 824 523 774 287 759 255 686 129 690 396 818 394 812 287 727 290 671 410 626 431
img15516.jpg 841 946 828 713 857 524 794 537 778 729 791 962 825 524 775 288 756 254 687 128 689 406 818 398 810 288 724 292 668 414 624 433
img15517.jpg 840 944 827 716 855 525 793 538 780 732 790 963 824 525 774 288 755 253 686 128 686 407 817 399 812 291 724 291 671 413 628 430
img15518.jpg 839 944 827 715 855 526 790 538 780 730 790 960 821 526 774 287 756 253 687 129 685 413 818 400 812 293 724 293 672 411 626 431
img15519.jpg 840 943 828 717 855 526 791 539 781 730 791 958 822 526 772 286 754 252 689 128 682 418 816 401 813 295 723 295 674 409 628 432
img15520.jpg 841 942 829 718 853 527 789 539 783 730 792 955 820 527 773 287 752 250 690 130 675 421 813 401 814 296 721 296 675 410 632 430
img15521.jpg 841 940 828 718 853 527 788 540 782 727 794 956 819 527 773 287 754 250 689 133 676 421 814 400 816 296 723 296 674 410 631 429
img15522.jpg 841 941 828 715 853 527 788 536 782 725 794 957 819 527 773 289 754 249 689 135 673 421 813 398 816 295 723 295 674 410 631 428
img15523.jpg 839 942 829 716 851 529 789 535 783 726 792 957 820 526 773 292 755 251 689 136 669 420 810 396 817 295 723 295 673 411 629 426
img15524.jpg 838 944 829 716 851 527 788 533 782 726 791 960 820 527 775 294 757 250 687 136 666 418 809 393 820 294 725 294 671 414 627 423
img15525.jpg 838 943 828 718 854 525 790 531 781 724 790 965 822 528 774 294 759 250 686 133 666 419 809 392 822 294 724 294 670 414 623 425
img15526.jpg 838 945 829 717 854 524 791 533 782 726 791 964 823 527 775 293 756 252 686 132 669 419 808 389 819 293 722 293 671 413 623 422
img15527.jpg 841 944 828 718 854 524 790 533 781 727 790 966 822 527 774 292 755 254 685 130 672 417 809 388 819 292 721 292 669 416 619 424
img15528.jpg 840 944 827 720 853 522 790 534 780 729 793 963 821 528 774 292 755 254 686 132 678 418 811 390 818 292 721 292 670 418 617 426
img15529.jpg 841 943 829 718 851 524 788 536 782 730 791 962 820 527 773 293 754 255 688 130 683 420 812 393 817 293 720 293 669 417 620 429
img15530.jpg 840 945 830 718 849 527 786 536 783 734 789 960 818 524 771 291 752 257 689 131 687 417 813 392 815 291 720 291 670 414 620 431
img15531.jpg 841 943 832 717 848 525 785 535 785 733 788 962 816 522 769 290 754 256 688 134 689 413 815 391 816 290 722 290 669 413 619 434
img15532.jpg 843 944 830 718 849 526 786 535 786 730 789 960 818 523 770 291 755 256 689 130 693 414 819 393 818 291 723 291 670 410 623 434
img15533.jpg 846 946 830 717 849 527 785 536 785 730 788 965 817 524 769 289 757 254 687 128 695 412 820 391 817 289 722 289 668 410 625 435
img15534.jpg 845 947 829 720 848 528 784 537 784 730 791 966 816 525 768 288 756 256 685 129 697 410 822 391 816 288 720 288 669 410 626 436
img15535.jpg 849 947 830 720 849 527 785 539 782 729 792 963 817 527 769 290 757 255 684 129 699 410 823 394 817 290 719 290 669 413 629 436
img15536.jpg 848 946 829 722 848 527 787 540 781 732 794 962 816 527 768 291 755 256 685 125 699 408 822 397 816 291 717 291 669 416 633 433
img15537.jpg 846 947 830 720 849 525 786 541 779 733 792 963 814 525 766 292 757 254 683 129 701 408 823 396 818 292 715 292 667 420 633 435
img15538.jpg 846 948 830 721 852 523 786 539 779 730 792 964 817 523 766 293 757 252 683 130 701 406 820 396 820 293 715 293 667 421 635 431
img15539.jpg 845 946 829 720 855 520 785 536 778 733 791 963 816 523 769 294 759 250 683 128 700 403 816 393 823 294 715 294 667 421 635 427
img15540.jpg 843 946 827 721 856 517 785 534 778 734 791 966 814 524 769 292 759 250 682 128 699 402 817 389 823 292 714 292 665 421 633 424
img15541.jpg 841 948 825 722 857 517 781 530 777 731 790 964 813 524 768 291 761 249 682 128 699 404 819 387 825 291 714 291 666 419 635 422
img15542.jpg 841 947 828 723 854 520 780 530 777 733 793 963 812 527 767 289 761 251 681 126 694 403 815 386 822 289 713 289 668 415 641 414
img15543.jpg 841 945 828 722 854 519 780 529 776 732 793 964 809 529 767 287 760 252 683 123 696 404 819 384 821 287 712 291 670 410 646 410
img15544.jpg 841 946 831 721 853 523 780 532 777 731 793 962 809 529 764 286 757 254 684 126 699 406 822 383 821 286 709 292 671 408 650 411
img15545.jpg 841 944 834 720 854 525 777 534 777 730 793 960 809 528 761 285 755 253 684 125 704 410 823 382 822 285 707 294 672 407 654 413
img15546.jpg 841 944 837 720 854 524 777 537 777 733 793 960 812 527 761 287 754 252 687 123 710 414 824 381 821 284 703 296 671 403 656 416
img15547.jpg 840 946 836 720 856 523 777 536 777 733 792 962 814 527 760 288 754 250 687 123 719 420 827 382 824 285 700 298 665 406 657 429
img15548.jpg 839 947 839 719 855 527 776 536 776 735 792 960 817 527 760 292 754 251 688 125 727 427 830 386 827 289 694 299 656 410 657 448
img15549.jpg 839 946 839 723 855 525 775 531 775 735 791 962 820 525 762 292 756 251 692 123 744 443 838 395 829 292 692 298 647 413 658 462
img15550.jpg 840 947 837 726 853 523 774 530 774 738 790 963 821 526 765 292 758 251 698 122 764 456 848 400 831 293 689 299 641 416 661 480
img15551.jpg 842 949 836 727 852 524 773 530 773 739 788 961 820 527 766 292 757 251 700 121 784 468 859 406 836 295 687 298 636 422 665 497
img15552.jpg 848 947 835 730 852 523 772 529 772 739 788 959 816 526 769 290 756 251 708 121 803 476 871 411 842 293 683 299 634 420 666 509
img15553.jpg 854 952 837 733 851 521 770 531 770 739 786 958 815 528 770 286 754 248 716 116 820 484 879 415 844 290 680 299 635 421 667 514
img15554.jpg 861 957 839 738 848 522 768 535 771 741 787 960 813 531 768 289 755 247 723 115 829 484 884 412 848 286 677 299 639 418 671 521
img15555.jpg 868 963 842 742 849 525 768 538 771 742 787 963 810 532 768 291 758 246 732 119 842 497 887 411 855 285 677 301 641 414 673 524
img15556.jpg 873 965 847 746 847 530 764 540 770 743 786 962 806 537 770 292 760 246 744 123 861 514 892 414 857 282 676 301 644 408 677 524
img15557.jpg 874 967 852 747 842 533 759 543 772 747 785 961 804 540 769 294 765 246 755 124 879 529 896 418 861 284 679 300 650 409 686 523
img15558.jpg 874 964 855 748 839 539 756 545 772 748 785 961 798 542 769 294 769 247 766 126 899 545 899 421 864 285 683 297 658 418 695 528
img15559.jpg 872 960 863 748 837 539 751 546 771 751 783 957 793 539 774 293 774 245 777 125 919 559 903 429 869 286 685 296 663 423 700 523
img15560.jpg 867 957 867 750 832 542 745 545 771 753 781 954 790 542 778 293 778 246 791 117 934 561 905 437 870 290 688 293 669 428 710 512
img15561.jpg 860 957 869 751 831 542 744 545 773 754 779 953 789 542 779 291 783 243 802 111 940 561 908 442 872 291 689 291 673 430 717 499
img15562.jpg 851 960 874 756 832 541 744 548 770 752 780 950 786 544 786 291 786 243 812 110 949 564 909 444 874 291 692 291 676 428 721 489
img15563.jpg 845 964 873 759 831 541 743 547 770 753 779 948 786 544 792 291 792 245 825 108 952 564 912 444 877 291 698 294 678 414 723 474
img15564.jpg 837 971 870 759 834 543 746 546 772 752 779 945 785 546 795 292 798 246 837 109 951 566 912 442 876 292 703 295 690 409 743 468
img15565.jpg 833 979 869 760 840 547 748 550 771 750 781 943 787 547 797 292 803 246 846 109 947 570 911 442 879 292 712 295 702 410 758 474
img15566.jpg 829 988 869 764 839 547 750 551 770 748 783 942 787 547 800 294 809 248 859 110 944 577 908 442 878 291 721 298 714 413 774 484
img15567.jpg 827 994 864 769 841 550 751 550 774 752 784 944 788 547 804 292 814 248 870 110 940 583 903 444 877 292 731 298 725 418 784 499
img15568.jpg 824 1001 861 775 844 553 751 553 778 755 788 948 791 549 805 293 821 246 881 110 934 589 897 450 874 293 741 296 738 430 800 519
img15569.jpg 823 1009 860 782 843 555 756 555 779 759 796 962 796 552 810 292 826 245 890 109 930 595 890 452 873 292 753 295 746 435 805 537
img15570.jpg 820 1011 857 786 840 554 764 551 787 760 807 969 797 551 814 290 830 243 899 111 926 597 883 452 870 290 760 293 760 435 823 544
img15571.jpg 818 1010 852 788 842 555 772 549 798 761 812 975 805 549 818 287 835 240 908 111 921 599 875 453 868 290 772 290 775 439 838 557
img15572.jpg 817 1012 850 788 840 557 781 547 807 761 821 977 811 547 821 286 840 240 920 115 916 600 870 455 864 290 781 286 791 439 856 567
img15573.jpg 816 1011 849 787 839 560 793 543 816 764 830 979 813 543 826 287 843 240 928 115 915 599 866 454 859 290 787 283 805 434 875 574
img15574.jpg 816 1012 845 792 839 564 809 548 839 762 836 971 819 548 829 288 846 242 938 120 915 598 865 456 855 291 796 281 818 431 894 583
img15575.jpg 815 1013 845 793 838 566 821 553 862 763 838 963 828 553 831 286 851 240 948 119 918 597 864 460 851 290 808 280 825 429 896 591
img15576.jpg 817 1013 843 796 837 571 834 561 881 765 850 956 834 561 833 286 857 239 958 118 924 591 867 460 847 289 817 279 830 426 902 599
img15577.jpg 815 1015 842 795 839 576 853 569 904 765 863 954 843 569 836 286 859 235 964 114 934 586 866 461 846 286 826 279 836 426 908 598
img15578.jpg 816 1017 843 796 836 578 870 578 928 762 873 945 853 578 840 286 863 235 972 116 945 582 867 459 846 282 836 279 842 422 912 589
img15579.jpg 817 1014 845 795 838 577 878 577 940 764 888 945 861 577 845 284 868 233 981 114 957 577 868 458 848 281 845 281 844 422 911 582
img15580.jpg 818 1012 845 794 842 579 889 579 947 766 906 943 869 579 852 286 872 234 988 115 968 572 872 456 848 282 852 282 851 423 921 575
img15581.jpg 815 1014 846 792 846 578 900 578 955 768 924 946 873 578 860 288 876 236 996 117 979 567 873 454 852 284 860 281 859 423 934 559
img15582.jpg 817 1014 848 794 848 579 906 579 958 770 941 948 879 579 869 291 886 239 1002 119 988 561 875 451 858 287 872 284 873 424 953 550
img15583.jpg 819 1013 849 794 855 575 909 575 960 774 956 955 886 575 876 289 896 242 1010 124 997 558 879 451 862 289 886 285 887 428 972 541
img15584.jpg 818 1013 854 794 864 576 920 579 960 774 970 962 894 576 884 291 904 245 1016 132 1006 556 884 450 867 288 900 288 902 433 995 534
img15585.jpg 820 1011 860 796 873 578 926 578 966 776 979 971 900 578 893 294 913 247 1025 134 1015 555 886 449 877 287 913 290 918 438 1009 531
img15586.jpg 825 1010 872 797 882 582 935 582 972 777 984 976 912 582 902 293 922 250 1035 133 1025 558 895 449 885 286 928 296 933 444 1017 533
img15587.jpg 828 1005 889 798 892 581 942 581 979 781 988 982 922 581 912 294 932 251 1046 133 1029 561 905 448 892 284 939 298 946 444 1025 531
img15588.jpg 834 1003 913 799 906 584 953 584 981 782 990 986 933 584 923 295 940 247 1052 127 1031 564 912 448 902 285 950 298 957 443 1029 532
img15589.jpg 840 1001 938 796 921 588 959 584 983 783 990 984 942 588 935 294 949 247 1061 130 1034 567 918 448 911 284 959 298 966 441 1028 532
img15590.jpg 847 994 962 794 931 584 959 584 973 781 993 983 949 584 945 293 959 246 1067 134 1034 574 928 445 922 283 972 297 973 435 1030 531
img15591.jpg 857 983 986 793 941 579 969 579 975 776 996 983 952 579 955 294 969 243 1074 134 1029 579 935 443 931 281 982 294 979 429 1033 529
img15592.jpg 870 973 1007 790 955 579 976 575 973 768 995 977 958 579 962 292 975 244 1081 130 1025 582 941 442 941 282 992 296 985 428 1037 531
img15593.jpg 884 962 1025 788 959 578 987 567 983 763 993 969 966 575 969 293 987 245 1090 130 1023 585 949 440 949 279 1000 297 993 430 1044 535
img15594.jpg 908 955 1043 785 961 576 1000 557 994 755 991 962 975 568 975 291 999 241 1099 117 1016 590 957 437 957 281 1010 295 1003 430 1053 537
img15595.jpg 930 953 1060 783 967 574 1017 552 1008 752 982 957 984 567 984 289 1006 242 1111 112 1009 589 959 433 963 278 1017 296 1017 430 1069 540
img15596.jpg 955 956 1078 781 973 577 1022 549 1012 751 976 954 994 567 994 286 1015 243 1117 113 1005 588 963 430 970 275 1025 296 1032 430 1089 547
img15597.jpg 976 964 1090 781 980 574 1032 543 1020 749 975 954 1005 560 1004 284 1025 242 1125 115 1002 588 964 426 977 270 1035 294 1045 429 1104 549
img15598.jpg 997 972 1099 781 990 573 1034 542 1020 752 978 963 1011 562 1014 282 1031 244 1134 114 997 590 963 422 983 269 1044 296 1061 429 1123 548
img15599.jpg 1012 979 1110 783 1005 572 1038 545 1019 757 980 970 1018 562 1025 281 1035 247 1140 115 998 586 964 416 991 264 1052 295 1076 427 1144 548
img15600.jpg 1030 991 1117 784 1016 574 1050 550 1026 760 989 974 1026 567 1030 283 1046 245 1145 110 999 587 968 415 996 266 1063 297 1087 425 1162 546
img15601.jpg 1049 994 1121 786 1028 574 1059 557 1031 762 992 976 1034 571 1034 286 1052 244 1153 109 1000 588 972 414 1000 269 1073 300 1101 428 1177 539
img15602.jpg 1071 999 1127 788 1035 576 1067 566 1035 763 993 978 1038 577 1042 288 1060 242 1158 108 1003 590 979 414 1003 270 1081 302 1113 428 1190 534
img15603.jpg 1091 1003 1130 790 1044 577 1076 574 1037 762 998 971 1048 577 1048 289 1066 239 1165 108 1009 591 988 413 1009 272 1091 304 1119 428 1201 531
img15604.jpg 1113 1010 1128 793 1046 578 1084 575 1041 757 1003 967 1056 579 1053 292 1077 239 1173 108 1014 593 993 416 1014 274 1102 310 1130 430 1208 525
img15605.jpg 1131 1011 1132 797 1049 578 1092 575 1044 755 1007 965 1063 575 1060 291 1085 237 1184 109 1021 593 1000 415 1021 273 1110 312 1142 433 1216 522
img15606.jpg 1148 1016 1137 798 1055 579 1097 576 1044 757 1010 967 1072 576 1069 292 1094 239 1196 108 1030 594 1005 416 1030 274 1119 314 1147 434 1225 523
img15607.jpg 1125 1008 1125 798 1061 583 1107 576 1047 758 1015 966 1082 576 1075 292 1103 239 1209 108 1039 594 1015 420 1039 274 1128 314 1153 434 1234 523
img15608.jpg 1101 1002 1118 800 1068 589 1118 578 1054 762 1016 970 1089 578 1086 292 1114 243 1220 109 1051 596 1022 423 1051 278 1135 314 1163 433 1245 525
img15609.jpg 1116 1002 1129 803 1079 592 1125 581 1056 767 1014 970 1093 585 1097 292 1122 243 1235 111 1061 599 1032 428 1061 278 1143 314 1171 435 1253 528
img15610.jpg 1083 993 1137 807 1088 598 1130 588 1056 776 1009 972 1102 591 1109 296 1130 247 1246 117 1074 602 1042 433 1074 282 1151 310 1179 437 1260 532
img15611.jpg 1049 986 1146 811 1097 603 1143 589 1063 780 1010 967 1115 593 1122 298 1143 249 1258 119 1083 603 1055 439 1086 284 1160 309 1192 439 1269 537
img15612.jpg 1098 1002 1174 815 1108 606 1153 589 1068 781 1010 960 1125 596 1136 300 1153 255 1271 123 1094 606 1066 443 1098 290 1170 311 1205 443 1278 544
img15613.jpg 1098 1003 1198 818 1118 607 1163 589 1073 784 1011 954 1136 596 1149 301 1167 257 1288 125 1104 607 1076 447 1111 288 1184 312 1212 447 1285 552
img15614.jpg 1102 1002 1209 818 1129 605 1178 592 1081 788 1016 949 1150 595 1164 303 1181 258 1303 126 1115 613 1091 453 1125 289 1198 310 1219 449 1292 561
img15615.jpg 1150 1011 1217 819 1144 606 1193 589 1096 784 1025 941 1165 592 1179 302 1196 260 1322 124 1123 613 1105 456 1140 288 1214 312 1227 452 1297 568
img15616.jpg 1197 1022 1225 820 1159 603 1204 586 1112 784 1032 938 1177 593 1194 296 1215 258 1340 125 1138 614 1121 453 1159 285 1229 313 1232 450 1302 572
img15617.jpg 1197 1017 1228 819 1172 601 1203 591 1130 789 1035 939 1186 591 1207 291 1232 253 1358 122 1154 619 1133 446 1179 281 1238 305 1235 446 1302 573
img15618.jpg 1246 1027 1233 820 1184 599 1205 592 1149 789 1039 931 1195 592 1218 288 1246 247 1377 129 1170 623 1153 447 1197 278 1246 296 1245 441 1302 572
img15619.jpg 1248 1028 1238 823 1193 601 1210 591 1173 789 1049 924 1204 590 1231 283 1262 242 1395 129 1186 625 1169 443 1214 276 1252 290 1252 438 1303 570
img15620.jpg 1250 1030 1246 820 1202 599 1209 592 1186 794 1051 921 1209 592 1242 278 1276 235 1406 137 1209 629 1185 448 1229 275 1256 279 1257 431 1308 566
img15621.jpg 1251 1031 1251 821 1215 601 1205 598 1196 800 1057 923 1215 591 1251 276 1287 230 1418 140 1231 631 1201 452 1241 273 1261 267 1263 425 1308 560
img15622.jpg 1253 1033 1260 822 1227 602 1217 598 1213 804 1081 929 1223 592 1260 272 1296 227 1431 140 1254 628 1220 460 1253 269 1266 263 1270 421 1315 557
img15623.jpg 1253 1034 1267 822 1237 603 1231 600 1238 811 1117 947 1233 589 1267 270 1304 226 1439 127 1278 623 1237 461 1264 270 1270 263 1276 420 1327 553
img15624.jpg 1252 1036 1269 822 1253 605 1240 605 1265 819 1159 968 1246 594 1272 268 1310 224 1443 120 1305 618 1253 461 1277 272 1272 262 1281 417 1338 547
img15625.jpg 1254 1032 1272 823 1265 603 1245 592 1291 810 1205 972 1255 585 1279 267 1314 222 1450 106 1332 613 1272 459 1286 271 1275 261 1281 415 1335 544
img15626.jpg 1255 1030 1276 820 1272 598 1254 580 1323 798 1258 972 1262 576 1287 265 1315 222 1455 94 1358 612 1294 462 1294 269 1276 262 1283 415 1336 542
img15627.jpg 1253 1028 1281 817 1277 586 1256 568 1348 784 1306 966 1267 568 1295 265 1320 222 1457 92 1382 609 1312 462 1305 272 1277 261 1281 413 1331 540
img15628.jpg 1252 1028 1287 813 1284 574 1252 553 1367 765 1348 952 1270 556 1305 263 1326 221 1460 91 1407 609 1333 461 1319 274 1280 260 1278 410 1321 538
img15629.jpg 1254 1029 1296 809 1285 562 1250 537 1377 749 1372 940 1268 541 1314 262 1331 223 1466 89 1430 608 1353 463 1331 272 1285 258 1277 408 1314 536
img15630.jpg 1252 1032 1305 803 1291 551 1259 537 1392 752 1395 946 1273 537 1319 260 1340 225 1466 88 1449 607 1371 463 1347 274 1287 260 1280 408 1318 535
img15631.jpg 1253 1032 1316 803 1298 546 1267 539 1398 759 1406 954 1281 539 1327 261 1348 226 1467 89 1468 606 1387 462 1362 279 1288 261 1282 409 1320 533
img15632.jpg 1257 1032 1329 803 1311 552 1275 541 1397 770 1411 971 1293 541 1333 262 1354 226 1465 86 1487 606 1404 462 1376 280 1290 262 1285 412 1324 534
img15633.jpg 1262 1031 1343 807 1326 559 1287 549 1395 789 1405 993 1308 549 1336 265 1358 226 1461 91 1503 606 1418 460 1386 279 1290 265 1285 416 1322 537
img15634.jpg 1264 1032 1359 812 1341 561 1295 554 1389 801 1405 1013 1320 554 1341 267 1363 229 1455 94 1515 604 1434 459 1395 278 1288 271 1284 418 1321 537
img15635.jpg 1267 1038 1374 819 1356 569 1302 562 1386 804 1410 1027 1331 562 1349 271 1367 229 1453 92 1528 601 1446 458 1406 279 1288 275 1281 418 1316 536
img15636.jpg 1272 1042 1389 823 1372 576 1311 566 1384 805 1411 1039 1339 566 1354 276 1372 229 1447 93 1540 598 1461 455 1418 276 1290 279 1283 422 1316 539
img15637.jpg 1280 1042 1407 829 1386 580 1315 570 1387 803 1418 1041 1347 570 1358 282 1375 232 1443 93 1549 595 1475 453 1429 275 1290 285 1283 431 1316 545
img15638.jpg 1294 1039 1426 826 1394 572 1317 568 1384 794 1422 1037 1349 568 1363 282 1380 233 1438 91 1557 589 1486 452 1437 271 1286 289 1282 427 1317 539
img15639.jpg 1313 1034 1442 824 1404 572 1317 571 1387 789 1428 1028 1355 568 1366 283 1383 234 1433 90 1566 585 1495 449 1450 269 1285 290 1278 431 1310 542
img15640.jpg 1337 1020 1458 819 1413 572 1322 571 1385 788 1425 1018 1361 564 1371 282 1385 237 1424 93 1574 582 1507 446 1458 268 1280 292 1277 439 1311 548
img15641.jpg 1366 1012 1472 813 1420 564 1323 567 1386 788 1429 1007 1368 560 1375 280 1385 236 1417 93 1579 577 1517 446 1468 270 1275 294 1271 443 1304 550
img15642.jpg 1395 1002 1480 804 1425 557 1332 564 1380 787 1417 996 1373 557 1380 278 1387 234 1411 92 1583 574 1525 443 1477 271 1273 292 1267 440 1299 549
img15643.jpg 1420 997 1484 801 1435 560 1339 563 1378 790 1408 993 1384 556 1384 278 1388 233 1405 92 1587 573 1535 443 1487 274 1277 291 1267 443 1296 561
img15644.jpg 1447 1002 1488 798 1444 560 1348 560 1376 791 1399 997 1393 553 1389 277 1389 229 1396 96 1590 570 1546 444 1495 277 1277 287 1267 444 1294 566
img15645.jpg 1465 1009 1492 797 1454 557 1356 557 1377 794 1401 1005 1404 551 1390 280 1390 229 1390 97 1593 568 1552 443 1502 277 1282 287 1268 446 1289 571
img15646.jpg 1485 1010 1494 798 1467 558 1365 558 1375 795 1396 1015 1416 551 1396 280 1392 232 1385 100 1592 568 1558 439 1508 276 1287 283 1267 446 1284 574
img15647.jpg 1501 1012 1496 799 1480 558 1374 558 1381 796 1398 1024 1429 551 1401 279 1398 235 1377 105 1591 568 1564 438 1513 275 1289 286 1268 445 1278 578
img15648.jpg 1516 1017 1498 802 1492 555 1385 559 1385 795 1402 1036 1440 548 1406 281 1402 239 1371 109 1591 569 1567 438 1519 277 1296 284 1272 452 1275 579
img15649.jpg 1525 1018 1501 799 1504 554 1394 558 1390 795 1404 1043 1452 551 1414 279 1408 241 1366 111 1590 572 1569 434 1521 279 1305 286 1277 454 1273 578
img15650.jpg 1538 1016 1504 800 1514 555 1404 555 1397 797 1404 1048 1463 552 1421 276 1414 242 1359 115 1587 576 1573 431 1525 280 1311 283 1280 452 1273 579
img15651.jpg 1544 1020 1506 800 1519 555 1413 555 1402 796 1406 1051 1471 552 1426 276 1419 242 1351 121 1578 578 1571 431 1526 280 1323 283 1292 452 1275 579
img15652.jpg 1547 1023 1509 799 1526 554 1420 554 1406 796 1406 1058 1482 551 1433 275 1423 244 1347 124 1563 581 1568 431 1530 282 1337 279 1302 451 1278 575
img15653.jpg 1549 1023 1515 797 1532 556 1426 556 1412 797 1405 1061 1487 552 1443 274 1429 243 1343 130 1548 582 1565 426 1529 281 1347 278 1312 449 1285 573
img15654.jpg 1550 1018 1519 794 1536 556 1436 556 1416 798 1405 1053 1495 553 1447 277 1433 246 1336 139 1523 582 1555 422 1526 280 1360 273 1326 446 1295 574
img15655.jpg 1550 1018 1522 790 1543 555 1446 559 1419 797 1405 1049 1501 555 1450 276 1436 248 1333 148 1490 580 1542 418 1522 279 1374 272 1343 445 1308 573
img15656.jpg 1550 1020 1526 790 1550 553 1457 560 1423 793 1406 1041 1508 553 1454 276 1440 252 1331 156 1460 578 1531 413 1519 279 1382 272 1354 444 1320 577
img15657.jpg 1550 1021 1526 787 1554 553 1468 564 1425 791 1408 1032 1512 553 1455 275 1442 255 1326 167 1433 576 1519 408 1509 275 1390 272 1370 442 1333 580
img15658.jpg 1547 1024 1527 786 1561 551 1480 558 1423 789 1410 1018 1520 551 1453 275 1440 259 1319 178 1414 577 1512 403 1500 272 1399 269 1386 440 1346 584
img15659.jpg 1547 1031 1527 789 1571 547 1491 557 1421 786 1411 1015 1527 547 1448 274 1435 264 1315 184 1407 579 1506 404 1494 271 1401 271 1398 440 1358 589
img15660.jpg 1549 1034 1529 792 1576 544 1503 554 1420 782 1413 1007 1536 544 1447 275 1430 268 1307 193 1415 581 1504 401 1483 269 1403 272 1407 441 1370 593
img15661.jpg 1551 1036 1531 792 1584 541 1515 551 1419 785 1413 1006 1541 545 1439 274 1426 271 1297 202 1431 584 1505 399 1472 268 1406 271 1416 442 1383 594
img15662.jpg 1549 1040 1536 791 1592 540 1520 546 1415 786 1412 1010 1546 543 1435 278 1419 275 1285 209 1446 591 1510 399 1464 268 1406 275 1422 445 1396 595
img15663.jpg 1551 1037 1538 794 1594 538 1528 548 1418 788 1413 1014 1551 541 1430 278 1413 278 1275 216 1454 589 1512 398 1459 272 1403 278 1430 443 1407 597
img15664.jpg 1551 1033 1541 793 1594 540 1531 549 1422 794 1413 1016 1554 543 1426 282 1410 282 1261 223 1460 591 1517 395 1452 273 1403 282 1436 444 1416 599
img15665.jpg 1550 1034 1543 790 1592 539 1530 552 1427 799 1413 1021 1553 542 1419 288 1403 288 1250 232 1484 592 1519 399 1443 284 1400 288 1442 441 1423 604
img15666.jpg 1548 1035 1545 792 1590 543 1528 555 1432 804 1415 1025 1551 546 1415 293 1393 293 1240 241 1504 587 1519 398 1432 293 1396 293 1448 439 1428 610
img15667.jpg 1549 1031 1542 790 1585 542 1532 555 1442 804 1422 1021 1552 546 1406 298 1386 298 1233 255 1531 579 1519 397 1422 301 1393 298 1448 438 1431 617
img15668.jpg 1548 1032 1541 785 1580 547 1532 556 1447 806 1422 1026 1551 550 1397 305 1378 305 1223 269 1557 574 1514 398 1407 311 1384 305 1442 447 1435 623
img15669.jpg 1549 1027 1539 785 1574 546 1533 553 1452 803 1425 1027 1549 550 1387 314 1368 314 1215 288 1578 569 1507 400 1390 323 1377 314 1438 454 1437 629
img15670.jpg 1550 1024 1534 784 1575 545 1534 551 1452 797 1427 1027 1550 548 1377 323 1355 323 1207 304 1579 567 1503 400 1380 330 1370 320 1433 465 1436 632
img15671.jpg 1551 1018 1530 781 1573 543 1536 550 1450 791 1431 1027 1551 543 1366 335 1345 332 1193 319 1576 570 1495 405 1366 341 1360 332 1425 474 1434 636
img15672.jpg 1546 1017 1524 786 1575 546 1539 555 1444 793 1428 1027 1554 546 1356 347 1333 344 1182 332 1572 576 1487 413 1353 356 1347 341 1418 482 1431 642
img15673.jpg 1549 1015 1519 790 1581 544 1537 562 1436 793 1430 1023 1554 550 1347 359 1320 356 1174 347 1569 580 1481 419 1344 368 1341 353 1413 490 1427 651
img15674.jpg 1554 1013 1512 792 1585 547 1536 567 1428 798 1431 1020 1556 553 1337 371 1308 368 1165 360 1565 583 1473 424 1335 380 1332 363 1417 497 1419 661
img15675.jpg 1559 1009 1507 799 1585 551 1536 574 1423 805 1432 1022 1556 557 1331 383 1302 380 1157 375 1561 585 1466 428 1328 392 1322 375 1418 503 1414 672
img15676.jpg 1563 1006 1502 802 1586 553 1531 579 1418 808 1430 1022 1554 562 1326 394 1296 394 1155 394 1558 583 1466 424 1332 391 1314 383 1424 510 1409 683
img15677.jpg 1577 1003 1499 806 1586 555 1525 584 1415 812 1430 1023 1551 567 1320 405 1291 407 1147 410 1556 582 1461 425 1329 399 1309 396 1420 523 1401 696
img15678.jpg 1578 999 1495 809 1584 559 1529 585 1412 811 1429 1027 1549 568 1317 416 1289 419 1142 427 1545 589 1459 427 1329 398 1303 407 1414 530 1392 708
img15679.jpg 1582 997 1494 810 1581 560 1525 589 1408 813 1428 1029 1547 572 1315 424 1287 430 1139 444 1534 599 1459 433 1329 399 1298 421 1399 540 1383 719
img15680.jpg 1586 997 1494 811 1581 563 1525 592 1410 815 1427 1028 1547 577 1311 434 1283 439 1137 456 1522 610 1456 439 1325 400 1294 436 1383 550 1373 729
img15681.jpg 1591 997 1493 813 1579 566 1526 594 1409 819 1426 1029 1551 580 1307 447 1280 453 1135 469 1506 626 1448 454 1315 411 1293 450 1371 564 1363 741
img15682.jpg 1590 1000 1491 816 1579 567 1530 598 1411 822 1429 1031 1551 581 1306 460 1279 460 1138 485 1488 642 1446 464 1311 413 1295 463 1366 573 1356 752
img15683.jpg 1590 1004 1489 821 1577 573 1525 601 1410 827 1427 1029 1552 585 1302 469 1275 469 1138 494 1469 660 1439 479 1305 423 1294 475 1362 585 1349 763
img15684.jpg 1583 1009 1484 824 1577 581 1530 609 1412 832 1472 1023 1552 590 1301 481 1274 480 1138 505 1452 677 1434 496 1304 435 1298 489 1358 595 1342 775
img15685.jpg 1576 1016 1478 830 1575 589 1526 617 1404 837 1470 1023 1551 598 1300 493 1276 492 1139 520 1435 698 1434 516 1308 447 1300 498 1357 609 1335 786
img15686.jpg 1572 1028 1475 840 1577 601 1529 628 1402 845 1469 1027 1548 607 1300 500 1276 500 1138 527 1414 718 1429 536 1308 460 1300 506 1350 617 1330 798
img15687.jpg 1569 1039 1471 851 1575 617 1526 641 1394 855 1462 1033 1547 620 1300 513 1279 513 1140 536 1397 746 1425 565 1308 484 1300 513 1345 626 1321 811
img15688.jpg 1554 1059 1456 871 1561 636 1536 657 1401 868 1468 1043 1545 637 1303 529 1283 529 1141 549 1373 773 1421 598 1313 508 1305 535 1345 640 1311 826
img15689.jpg 1554 1076 1452 889 1557 652 1536 674 1396 881 1418 1065 1542 657 1303 542 1284 540 1144 559 1348 787 1415 620 1315 522 1303 539 1341 648 1302 839
img15690.jpg 1543 1097 1439 911 1544 674 1547 694 1403 897 1423 1082 1538 674 1305 556 1286 554 1145 568 1328 799 1408 637 1314 535 1307 551 1337 668 1292 853
img15691.jpg 1535 1118 1428 933 1533 697 1555 714 1407 914 1426 1100 1539 697 1306 571 1290 568 1149 578 1319 810 1408 653 1320 550 1311 568 1337 694 1281 869
img15692.jpg 1522 1141 1413 957 1517 722 1565 733 1413 930 1431 1118 1536 720 1307 583 1289 583 1147 588 1258 784 1394 677 1321 565 1312 590 1334 720 1271 884
img15693.jpg 1527 1158 1415 975 1519 740 1562 752 1406 945 1423 1134 1535 741 1308 596 1290 593 1146 596 1211 744 1380 687 1320 570 1310 598 1326 743 1262 895
img15694.jpg 1528 1174 1414 991 1518 758 1567 769 1408 958 1423 1149 1534 758 1309 612 1293 610 1149 607 1169 729 1370 708 1318 589 1313 623 1320 774 1259 902
img15695.jpg 1536 1184 1419 1002 1522 769 1556 787 1393 972 1407 1164 1534 776 1308 626 1292 624 1151 617 1122 717 1358 735 1317 610 1312 644 1315 791 1257 908
img15696.jpg 1550 1192 1430 1011 1533 779 1545 796 1378 978 1391 1171 1530 785 1308 641 1291 636 1151 626 1073 715 1343 764 1311 632 1313 665 1306 807 1254 913
img15697.jpg 1565 1202 1443 1022 1546 791 1531 809 1360 986 1372 1181 1529 800 1309 655 1291 648 1153 633 1068 722 1335 769 1309 637 1314 679 1300 822 1255 914
img15698.jpg 1575 1208 1450 1028 1552 798 1518 819 1344 993 1355 1189 1527 809 1309 664 1292 660 1156 639 1065 737 1329 779 1309 649 1311 692 1294 834 1255 918
img15699.jpg 1579 1216 1452 1038 1553 808 1507 827 1330 996 1339 1195 1526 817 1310 673 1291 667 1156 640 1060 739 1318 784 1308 657 1310 701 1289 844 1253 926
img15700.jpg 1590 1230 1460 1053 1562 824 1502 832 1321 997 1329 1196 1524 824 1311 679 1291 673 1160 646 1056 739 1308 785 1307 661 1309 708 1285 852 1251 932
img15701.jpg 1588 1239 1457 1063 1557 835 1497 841 1313 1002 1320 1203 1523 833 1311 684 1291 680 1166 653 1053 726 1300 780 1310 658 1309 712 1281 859 1250 936
img15702.jpg 1593 1243 1459 1068 1559 841 1495 847 1309 1003 1314 1206 1522 839 1309 689 1292 685 1170 659 1056 739 1299 785 1313 665 1307 716 1276 864 1247 939
img15703.jpg 1599 1250 1462 1076 1562 849 1500 853 1311 1005 1315 1209 1522 848 1309 694 1291 688 1172 664 1059 756 1299 790 1315 670 1307 718 1273 867 1232 947
img15704.jpg 1605 1256 1466 1084 1566 858 1503 858 1311 1005 1313 1211 1526 856 1308 697 1292 691 1178 670 1063 773 1300 794 1316 675 1304 720 1268 871 1216 957
img15705.jpg 1607 1258 1465 1086 1564 861 1507 861 1312 1004 1313 1211 1527 863 1307 700 1293 692 1176 667 1067 788 1300 797 1317 678 1301 722 1263 875 1200 965
img15706.jpg 1606 1254 1462 1084 1561 859 1505 863 1308 1001 1307 1209 1526 865 1306 699 1292 691 1175 668 1070 806 1298 800 1314 680 1302 715 1259 877 1186 974
img15707.jpg 1608 1252 1461 1083 1560 859 1504 865 1304 999 1301 1208 1526 865 1305 698 1291 692 1175 667 1074 816 1296 798 1314 679 1299 717 1258 877 1184 973
img15708.jpg 1608 1252 1459 1084 1557 861 1499 865 1297 995 1293 1205 1524 865 1306 696 1291 690 1176 665 1076 824 1293 797 1312 678 1297 715 1257 877 1199 964
img15709.jpg 1611 1249 1460 1083 1557 861 1492 862 1287 987 1282 1200 1518 859 1305 692 1291 687 1176 665 1079 832 1290 794 1309 675 1300 706 1258 876 1216 954
img15710.jpg 1614 1242 1460 1078 1557 856 1491 862 1284 982 1277 1196 1517 854 1305 688 1291 686 1179 666 1088 844 1290 793 1309 674 1300 707 1258 876 1218 953
img15711.jpg 1619 1238 1463 1075 1560 854 1495 858 1286 974 1278 1189 1518 850 1305 685 1290 683 1180 663 1096 851 1290 790 1309 671 1296 712 1258 874 1221 952
img15712.jpg 1624 1230 1466 1068 1562 848 1499 852 1288 963 1278 1179 1520 846 1305 682 1289 680 1181 660 1105 860 1290 787 1307 668 1297 707 1258 870 1208 958
img15713.jpg 1632 1217 1471 1057 1567 838 1501 846 1288 952 1276 1170 1523 842 1304 678 1287 678 1182 655 1120 871 1294 786 1308 666 1297 704 1259 866 1193 962
img15714.jpg 1634 1210 1471 1051 1566 833 1506 845 1292 947 1278 1165 1527 843 1304 676 1287 674 1179 649 1130 874 1295 781 1310 661 1296 707 1258 860 1177 964
img15715.jpg 1637 1200 1472 1042 1567 825 1508 837 1292 934 1277 1154 1529 840 1304 671 1287 664 1179 643 1137 871 1294 772 1310 652 1298 696 1261 849 1172 953
img15716.jpg 1642 1193 1474 1037 1569 820 1509 828 1291 920 1274 1141 1533 833 1304 664 1289 658 1179 632 1146 867 1295 764 1313 645 1300 686 1262 839 1167 941
img15717.jpg 1645 1179 1475 1025 1569 809 1510 817 1291 904 1273 1127 1534 822 1306 657 1291 649 1179 623 1158 861 1297 754 1315 636 1302 677 1260 830 1165 927
img15718.jpg 1647 1168 1474 1016 1568 800 1514 812 1294 894 1274 1118 1535 812 1310 648 1295 637 1176 607 1168 854 1297 744 1317 626 1306 667 1257 820 1162 914
img15719.jpg 1651 1155 1477 1004 1570 789 1516 797 1294 873 1272 1099 1539 798 1313 636 1295 627 1176 595 1180 851 1299 736 1318 616 1306 655 1257 807 1160 901
img15720.jpg 1657 1140 1481 991 1574 777 1521 787 1291 861 1267 1088 1539 785 1315 622 1294 618 1174 581 1196 850 1301 729 1318 607 1310 636 1257 796 1163 886
img15721.jpg 1653 1124 1474 977 1567 764 1528 779 1289 850 1264 1078 1541 773 1319 610 1297 605 1172 566 1207 844 1303 721 1321 593 1314 625 1259 783 1165 871
img15722.jpg 1635 1111 1453 966 1546 753 1532 771 1287 843 1264 1072 1541 763 1320 594 1300 589 1170 549 1208 840 1298 718 1322 584 1317 609 1265 771 1168 855
img15723.jpg 1616 1096 1433 952 1525 741 1536 751 1286 830 1270 1061 1540 746 1316 577 1299 571 1170 533 1206 830 1290 710 1319 569 1319 592 1275 760 1170 839
img15724.jpg 1599 1077 1413 936 1505 725 1538 740 1287 827 1281 1059 1535 730 1316 560 1300 552 1169 512 1206 816 1285 698 1321 552 1324 571 1284 749 1175 821
img15725.jpg 1588 1061 1401 921 1492 711 1535 722 1293 823 1306 1055 1532 714 1315 542 1301 532 1165 488 1212 807 1282 690 1320 537 1323 556 1287 731 1176 803
img15726.jpg 1590 1042 1400 904 1491 695 1531 703 1297 819 1328 1051 1528 697 1313 526 1297 510 1161 465 1227 796 1282 679 1313 524 1325 531 1290 712 1178 786
img15727.jpg 1602 1029 1413 891 1499 681 1529 684 1303 816 1353 1046 1523 681 1312 506 1292 489 1155 441 1236 783 1280 666 1311 503 1326 508 1297 693 1181 771
img15728.jpg 1616 1017 1426 875 1506 667 1523 669 1307 815 1375 1042 1517 667 1312 488 1289 468 1153 413 1246 770 1281 654 1312 485 1327 482 1296 669 1184 755
img15729.jpg 1628 1009 1438 863 1514 653 1517 653 1312 815 1395 1039 1511 653 1312 468 1286 445 1147 387 1269 756 1289 640 1309 468 1326 459 1292 644 1187 737
img15730.jpg 1626 1004 1437 851 1511 639 1514 639 1314 812 1403 1034 1508 639 1314 451 1282 421 1146 362 1281 731 1291 620 1308 448 1329 436 1297 627 1190 721
img15731.jpg 1620 999 1436 839 1511 625 1507 628 1321 812 1412 1032 1502 628 1315 429 1282 399 1149 333 1282 712 1289 605 1312 426 1330 414 1303 609 1193 708
img15732.jpg 1614 992 1434 827 1514 607 1495 617 1325 809 1416 1029 1498 614 1316 409 1282 379 1151 305 1298 690 1294 588 1309 409 1331 394 1304 589 1196 693
img15733.jpg 1605 985 1430 816 1514 591 1480 607 1331 804 1418 1029 1493 601 1318 388 1284 357 1156 281 1311 663 1300 565 1312 388 1331 376 1304 571 1193 677
img15734.jpg 1593 977 1426 807 1509 578 1470 597 1336 800 1416 1026 1490 587 1323 368 1288 339 1162 255 1304 640 1297 547 1313 368 1332 358 1315 557 1198 665
img15735.jpg 1577 973 1423 800 1504 567 1466 586 1342 796 1416 1026 1485 576 1325 347 1296 321 1171 229 1283 629 1293 536 1318 350 1331 344 1323 539 1215 649
img15736.jpg 1558 972 1420 795 1499 557 1456 577 1348 791 1416 1028 1483 567 1328 330 1301 304 1179 205 1276 612 1295 521 1324 333 1331 333 1326 523 1233 631
img15737.jpg 1538 976 1419 788 1488 554 1449 570 1357 791 1419 1025 1476 560 1333 317 1307 287 1188 185 1265 601 1314 502 1336 317 1330 323 1326 510 1245 618
img15738.jpg 1517 979 1421 785 1487 551 1447 564 1365 788 1421 1019 1470 557 1342 304 1315 274 1196 165 1272 597 1344 485 1348 304 1335 313 1329 498 1259 607
img15739.jpg 1502 986 1422 782 1482 549 1442 559 1373 785 1422 1019 1462 555 1347 296 1324 263 1212 148 1285 594 1373 467 1360 292 1337 309 1332 484 1273 594
img15740.jpg 1491 987 1425 775 1478 546 1431 556 1382 782 1425 1014 1454 553 1356 287 1329 254 1223 134 1311 586 1405 446 1372 284 1338 304 1334 471 1267 593
img15741.jpg 1485 993 1429 773 1473 545 1426 555 1386 783 1429 1008 1446 549 1366 284 1336 247 1236 126 1328 585 1436 430 1382 277 1342 297 1341 456 1260 595
img15742.jpg 1482 997 1431 770 1469 546 1424 552 1391 780 1431 1012 1442 549 1374 280 1346 239 1252 114 1337 582 1445 421 1391 270 1350 290 1345 448 1259 593
img15743.jpg 1491 1000 1436 768 1457 548 1422 551 1395 781 1433 1012 1440 548 1378 279 1354 234 1264 104 1329 578 1443 416 1395 265 1354 286 1349 442 1262 592
img15744.jpg 1483 1008 1439 767 1457 547 1418 551 1397 781 1432 1014 1439 547 1383 276 1359 230 1275 95 1319 572 1443 416 1401 265 1359 283 1346 440 1258 592
img15745.jpg 1482 1017 1445 768 1456 550 1414 553 1397 782 1431 1019 1438 550 1390 275 1365 226 1285 87 1311 566 1442 415 1404 261 1365 278 1341 442 1261 591
img15746.jpg 1483 1021 1451 767 1454 552 1412 552 1401 781 1430 1023 1437 552 1394 271 1373 226 1296 78 1305 560 1440 412 1405 261 1370 278 1335 447 1264 587
img15747.jpg 1484 1024 1454 767 1454 553 1409 553 1402 781 1430 1022 1437 550 1398 270 1377 228 1304 80 1301 553 1443 411 1412 263 1370 280 1339 448 1265 588
img15748.jpg 1478 1030 1454 770 1458 550 1406 554 1405 780 1426 1028 1433 550 1402 268 1381 230 1312 83 1302 546 1448 409 1419 265 1371 282 1339 446 1266 588
img15749.jpg 1483 1028 1455 767 1459 551 1407 558 1407 781 1427 1028 1431 551 1407 270 1382 228 1316 85 1306 546 1449 405 1420 263 1379 276 1340 447 1267 590
img15750.jpg 1489 1029 1454 769 1457 551 1405 561 1412 783 1433 1028 1429 551 1409 270 1388 229 1322 86 1309 546 1453 404 1426 263 1381 277 1343 443 1267 589
img15751.jpg 1495 1029 1452 771 1455 551 1404 565 1414 781 1438 1029 1431 551 1411 273 1390 228 1325 90 1313 549 1458 406 1431 262 1383 276 1345 441 1266 589
img15752.jpg 1495 1027 1452 770 1458 547 1404 564 1414 781 1438 1031 1431 550 1411 273 1390 224 1328 90 1312 553 1458 409 1431 262 1387 276 1348 434 1266 588
img15753.jpg 1500 1023 1453 769 1460 546 1406 563 1413 780 1443 1030 1433 550 1413 275 1392 224 1330 90 1316 561 1460 411 1429 261 1389 275 1350 433 1265 587
img15754.jpg 1501 1018 1455 770 1461 545 1407 558 1414 780 1444 1029 1434 548 1414 276 1397 224 1332 91 1318 565 1463 414 1434 262 1387 279 1352 429 1264 586
img15755.jpg 1495 1009 1456 770 1460 547 1408 557 1412 781 1443 1028 1432 551 1412 276 1395 224 1333 87 1315 569 1459 416 1429 262 1388 280 1353 434 1264 585
img15756.jpg 1489 1002 1458 773 1457 549 1410 556 1410 783 1440 1027 1430 553 1410 275 1392 223 1334 85 1309 574 1453 418 1423 264 1389 278 1354 437 1265 584
img15757.jpg 1487 999 1459 774 1455 549 1410 556 1410 784 1441 1023 1431 556 1410 276 1393 224 1331 82 1313 578 1454 417 1421 262 1393 276 1352 442 1265 580
img15758.jpg 1477 999 1456 773 1453 554 1411 557 1407 787 1439 1024 1432 557 1411 272 1393 223 1331 80 1312 578 1452 414 1418 261 1397 272 1352 444 1265 582
img15759.jpg 1474 999 1457 772 1450 556 1408 559 1404 786 1439 1024 1432 559 1408 269 1394 224 1331 81 1307 576 1449 412 1418 262 1397 269 1353 447 1265 580
img15760.jpg 1473 1003 1456 770 1453 551 1411 558 1404 784 1438 1021 1435 558 1407 265 1393 223 1331 84 1308 574 1451 408 1421 262 1400 265 1353 445 1264 582
img15761.jpg 1474 1000 1454 766 1458 547 1413 558 1403 783 1437 1017 1440 554 1406 263 1392 225 1328 85 1309 570 1452 402 1423 260 1403 263 1352 445 1263 585
img15762.jpg 1474 996 1454 767 1461 548 1416 558 1403 784 1437 1017 1440 552 1406 261 1392 226 1327 83 1306 568 1450 399 1423 261 1403 261 1352 444 1263 586
img15763.jpg 1476 999 1453 769 1463 546 1416 556 1402 786 1436 1016 1443 549 1402 262 1389 228 1321 89 1299 569 1444 399 1419 262 1402 262 1351 444 1268 585
img15764.jpg 1475 996 1452 768 1465 541 1417 555 1404 785 1438 1013 1445 548 1400 263 1387 226 1316 87 1286 579 1434 401 1414 260 1400 263 1348 445 1268 587
img15765.jpg 1476 989 1450 771 1470 543 1416 557 1403 788 1437 1010 1447 547 1400 265 1386 228 1309 84 1272 585 1427 405 1410 262 1396 265 1344 446 1266 586
img15766.jpg 1475 996 1448 773 1472 545 1417 558 1404 791 1438 1013 1444 548 1396 267 1383 230 1301 83 1257 592 1418 408 1407 261 1390 267 1341 446 1263 584
img15767.jpg 1477 1000 1444 775 1473 546 1417 560 1400 791 1437 1014 1447 549 1393 270 1379 233 1292 91 1235 593 1411 410 1400 263 1383 270 1335 448 1259 588
img15768.jpg 1478 994 1438 776 1475 545 1417 562 1397 794 1438 1011 1448 549 1390 273 1373 232 1285 89 1216 593 1405 413 1397 266 1373 276 1329 450 1250 589
img15769.jpg 1486 996 1435 781 1479 546 1422 563 1391 799 1435 1013 1449 550 1384 277 1367 236 1275 97 1210 588 1403 414 1391 270 1367 281 1326 450 1244 590
img15770.jpg 1492 1000 1430 783 1481 545 1426 562 1388 801 1433 1021 1454 549 1378 279 1360 238 1264 107 1207 587 1399 414 1385 272 1360 286 1324 452 1240 597
img15771.jpg 1500 994 1427 787 1486 544 1431 562 1386 804 1430 1022 1462 548 1375 281 1354 240 1254 119 1207 584 1396 416 1379 278 1358 292 1322 454 1240 600
img15772.jpg 1511 990 1425 791 1491 544 1442 562 1383 806 1428 1025 1470 548 1369 287 1345 245 1244 127 1218 589 1390 418 1373 280 1352 301 1322 460 1250 603
img15773.jpg 1528 986 1427 791 1500 544 1448 565 1378 805 1427 1028 1475 551 1361 290 1340 252 1232 137 1220 595 1384 422 1368 283 1350 300 1318 460 1249 606
img15774.jpg 1543 980 1427 791 1509 547 1458 568 1376 805 1427 1031 1485 550 1359 292 1334 261 1221 148 1226 603 1380 426 1362 289 1345 306 1311 465 1245 615
img15775.jpg 1558 976 1429 795 1517 552 1463 573 1371 805 1425 1031 1490 555 1354 302 1326 271 1210 162 1238 607 1376 435 1357 299 1343 312 1305 469 1244 620
img15776.jpg 1575 978 1433 796 1524 556 1470 576 1361 803 1422 1033 1497 559 1348 312 1321 285 1199 177 1247 612 1370 445 1348 309 1341 319 1297 474 1236 630
img15777.jpg 1589 980 1438 798 1528 562 1475 580 1354 805 1421 1034 1502 566 1340 323 1317 296 1189 192 1252 619 1366 459 1344 323 1340 326 1289 477 1219 640
img15778.jpg 1597 983 1438 801 1531 572 1488 583 1349 804 1418 1033 1508 572 1336 337 1309 314 1180 211 1264 624 1363 473 1339 337 1339 340 1286 486 1213 655
img15779.jpg 1602 987 1441 807 1533 580 1493 593 1343 804 1415 1030 1513 583 1330 357 1304 330 1169 235 1273 636 1359 493 1333 357 1336 357 1285 507 1212 669
img15780.jpg 1608 990 1444 810 1534 591 1505 604 1338 804 1415 1029 1518 594 1325 375 1299 352 1161 262 1269 649 1354 511 1328 375 1332 375 1285 533 1209 687
img15781.jpg 1611 994 1442 816 1538 603 1513 615 1335 804 1416 1029 1520 609 1320 398 1294 373 1154 288 1270 668 1352 535 1326 398 1326 395 1285 561 1209 706
img15782.jpg 1610 997 1440 821 1545 614 1517 630 1332 803 1415 1028 1523 620 1320 419 1292 398 1147 317 1270 686 1348 555 1320 419 1320 419 1287 593 1209 728
img15783.jpg 1609 999 1440 829 1545 628 1521 644 1330 805 1415 1029 1527 634 1318 443 1291 422 1145 355 1268 706 1343 579 1315 443 1315 443 1290 628 1209 749
img15784.jpg 1608 1000 1435 836 1548 644 1524 657 1328 806 1417 1033 1527 650 1319 465 1286 448 1146 388 1266 723 1342 602 1316 465 1316 465 1291 653 1208 773
img15785.jpg 1605 999 1432 843 1552 658 1525 670 1323 808 1417 1034 1531 667 1317 490 1287 473 1146 419 1268 740 1342 624 1317 487 1314 493 1293 675 1208 793
img15786.jpg 1600 996 1433 853 1556 674 1527 688 1317 813 1409 1038 1539 682 1316 514 1290 497 1151 456 1266 756 1340 645 1316 509 1311 525 1293 697 1206 815
img15787.jpg 1599 997 1436 866 1561 691 1530 705 1313 818 1402 1044 1541 699 1316 538 1291 521 1155 492 1266 772 1340 667 1319 530 1311 551 1293 718 1206 834
img15788.jpg 1584 1002 1427 880 1557 705 1538 725 1315 828 1402 1055 1546 714 1316 561 1294 544 1159 516 1262 787 1337 687 1319 550 1311 577 1292 738 1206 852
img15789.jpg 1583 1004 1432 890 1561 716 1537 742 1310 842 1392 1067 1548 726 1316 583 1298 564 1160 540 1260 796 1334 702 1319 565 1308 604 1292 756 1206 869
img15790.jpg 1573 1022 1428 912 1557 737 1541 763 1312 861 1389 1086 1549 744 1318 599 1300 583 1162 562 1249 799 1326 715 1321 578 1310 622 1289 776 1205 887
img15791.jpg 1576 1038 1430 928 1558 753 1540 781 1312 881 1388 1105 1548 760 1319 612 1299 602 1164 579 1244 803 1322 727 1325 589 1314 638 1289 796 1203 905
img15792.jpg 1574 1053 1428 942 1555 766 1542 799 1314 901 1390 1124 1546 778 1318 628 1301 618 1170 593 1238 804 1317 736 1328 599 1315 653 1288 809 1203 921
img15793.jpg 1586 1066 1439 955 1566 779 1535 815 1309 920 1384 1142 1543 798 1320 641 1301 633 1170 603 1239 806 1317 744 1332 607 1317 668 1288 822 1199 936
img15794.jpg 1570 1083 1422 971 1549 795 1541 825 1316 934 1391 1154 1544 813 1318 650 1301 647 1171 613 1226 806 1306 754 1334 619 1320 678 1287 837 1198 948
img15795.jpg 1581 1092 1432 979 1558 802 1537 838 1313 949 1388 1168 1544 820 1317 660 1301 658 1170 620 1230 814 1307 765 1335 631 1319 691 1288 847 1199 960
img15796.jpg 1580 1101 1431 988 1556 811 1537 841 1314 956 1389 1173 1539 831 1317 667 1304 665 1168 626 1225 815 1300 772 1334 638 1319 699 1287 854 1198 970
img15797.jpg 1580 1110 1430 996 1555 819 1537 842 1315 959 1389 1176 1539 830 1319 669 1304 671 1163 625 1223 818 1296 780 1334 648 1321 705 1285 865 1197 979
img15798.jpg 1581 1120 1430 1005 1554 828 1523 823 1302 943 1376 1158 1532 832 1320 671 1305 675 1165 624 1219 815 1290 783 1334 653 1322 710 1281 871 1191 982
img15799.jpg 1581 1104 1430 988 1553 811 1511 835 1291 958 1365 1172 1523 843 1323 676 1309 678 1173 632 1232 820 1297 788 1336 656 1323 715 1277 875 1188 989
img15800.jpg 1564 1085 1412 969 1535 791 1509 833 1291 959 1364 1171 1523 849 1325 680 1309 682 1176 629 1241 821 1301 792 1340 660 1323 718 1275 877 1187 992
img15801.jpg 1564 1092 1411 976 1534 797 1508 840 1291 968 1364 1179 1526 851 1327 683 1311 683 1178 625 1242 816 1300 791 1345 663 1325 719 1275 882 1188 996
img15802.jpg 1550 1075 1397 958 1518 779 1506 847 1291 979 1364 1189 1526 861 1328 687 1314 683 1181 625 1250 815 1304 793 1350 665 1328 717 1274 883 1188 999
img15803.jpg 1538 1056 1383 939 1505 759 1520 873 1306 1007 1379 1216 1535 865 1328 691 1316 683 1183 633 1260 818 1309 797 1354 669 1328 719 1276 887 1193 1005
img15804.jpg 1554 1087 1399 970 1520 790 1528 870 1315 1007 1387 1214 1544 864 1328 692 1316 684 1183 634 1251 805 1298 792 1358 670 1330 718 1278 890 1193 1006
img15805.jpg 1560 1090 1404 972 1524 792 1530 871 1319 1011 1390 1217 1542 865 1327 694 1317 684 1183 635 1250 801 1293 791 1357 671 1333 716 1277 893 1193 1007
img15806.jpg 1551 1067 1394 948 1514 767 1532 872 1322 1015 1394 1219 1542 866 1326 696 1316 686 1183 635 1259 807 1298 796 1356 673 1334 716 1277 894 1193 1005
img15807.jpg 1553 1068 1396 949 1515 768 1535 873 1327 1018 1398 1221 1545 867 1325 697 1316 687 1182 634 1262 806 1297 797 1355 673 1333 719 1276 895 1193 1003
img15808.jpg 1553 1068 1395 948 1513 767 1535 872 1328 1020 1399 1222 1545 868 1325 696 1315 686 1181 627 1264 804 1296 796 1355 673 1335 716 1276 894 1192 1003
img15809.jpg 1539 1043 1380 922 1498 741 1536 872 1331 1022 1401 1223 1544 866 1326 695 1316 685 1177 616 1275 813 1305 802 1355 673 1336 715 1276 894 1193 1003
img15810.jpg 1538 1044 1378 923 1495 741 1535 873 1332 1026 1402 1226 1545 865 1326 694 1316 686 1177 616 1277 814 1308 804 1356 673 1336 714 1276 893 1192 1003
img15811.jpg 1536 1046 1376 924 1493 742 1535 872 1333 1028 1403 1226 1547 866 1326 692 1316 686 1178 616 1279 816 1310 804 1356 672 1336 712 1276 892 1192 1002
img15812.jpg 1537 1043 1376 921 1492 739 1530 874 1330 1032 1400 1229 1547 868 1327 690 1317 686 1179 616 1283 819 1315 804 1357 670 1337 713 1277 892 1192 1002
img15813.jpg 1541 1043 1380 920 1495 738 1528 871 1329 1032 1399 1228 1531 843 1329 689 1319 685 1182 614 1285 823 1320 805 1357 669 1337 714 1279 891 1196 1003
img15814.jpg 1547 1041 1384 918 1499 735 1515 847 1319 1011 1388 1205 1519 818 1332 688 1319 684 1182 612 1288 829 1324 807 1354 667 1338 715 1281 890 1199 1002
img15815.jpg 1548 1038 1385 915 1500 731 1503 821 1309 988 1377 1181 1505 795 1333 686 1321 680 1189 618 1294 834 1332 808 1355 665 1337 715 1284 888 1202 1000
img15816.jpg 1551 1036 1388 911 1501 728 1505 818 1312 987 1380 1179 1493 765 1336 682 1323 676 1189 612 1296 837 1336 806 1354 661 1338 713 1288 885 1206 998
img15817.jpg 1559 1033 1395 908 1508 724 1504 805 1312 976 1380 1167 1477 735 1336 677 1324 671 1191 607 1301 841 1340 804 1351 658 1338 710 1293 879 1219 984
img15818.jpg 1578 1052 1413 927 1525 743 1506 803 1317 977 1384 1166 1492 756 1338 672 1323 666 1196 610 1295 840 1337 801 1348 653 1338 706 1296 871 1223 980
img15819.jpg 1596 1072 1430 946 1542 761 1518 820 1331 996 1398 1184 1506 777 1339 668 1324 659 1201 611 1290 833 1335 792 1351 644 1336 699 1301 863 1228 977
img15820.jpg 1608 1082 1442 956 1553 771 1530 832 1345 1011 1412 1197 1518 793 1340 659 1323 650 1200 601 1283 828 1330 784 1349 635 1337 689 1304 855 1230 972
img15821.jpg 1608 1096 1440 968 1551 783 1529 822 1346 1003 1413 1189 1528 811 1341 649 1321 637 1206 601 1269 817 1321 773 1348 624 1338 677 1306 843 1235 963
img15822.jpg 1617 1111 1449 983 1559 798 1531 819 1350 1003 1416 1187 1541 826 1342 638 1321 624 1210 594 1259 808 1315 762 1349 613 1337 664 1308 832 1235 963
img15823.jpg 1615 1098 1447 969 1556 784 1532 805 1353 992 1419 1175 1539 812 1341 626 1322 611 1209 577 1264 802 1321 751 1351 600 1338 647 1310 819 1243 952
img15824.jpg 1606 1086 1437 957 1545 772 1530 796 1353 985 1419 1166 1537 798 1342 607 1323 598 1209 562 1269 803 1325 742 1350 588 1340 630 1313 805 1251 940
img15825.jpg 1598 1083 1427 954 1536 768 1532 788 1357 980 1423 1160 1537 783 1342 592 1324 582 1209 543 1271 803 1329 731 1347 577 1339 615 1316 788 1261 925
img15826.jpg 1604 1075 1433 945 1540 758 1536 777 1363 970 1428 1149 1541 769 1341 577 1325 567 1204 527 1285 807 1343 723 1347 567 1339 601 1320 771 1271 913
img15827.jpg 1597 1064 1426 933 1533 746 1538 765 1367 961 1432 1138 1538 757 1342 563 1326 550 1198 508 1291 804 1349 711 1344 553 1339 584 1326 757 1276 903
img15828.jpg 1591 1056 1418 925 1525 738 1541 754 1372 952 1437 1129 1538 743 1342 547 1325 531 1191 491 1294 801 1353 702 1344 539 1339 568 1331 743 1280 891
img15829.jpg 1586 1045 1413 913 1518 726 1543 740 1376 940 1440 1115 1534 731 1339 533 1323 512 1184 468 1294 794 1353 696 1342 525 1342 549 1331 729 1282 878
img15830.jpg 1589 1032 1416 900 1521 713 1543 724 1379 926 1443 1100 1532 718 1338 519 1321 494 1175 450 1297 783 1353 687 1341 508 1344 530 1332 712 1288 865
img15831.jpg 1587 1021 1413 888 1517 700 1537 708 1375 913 1439 1086 1526 705 1336 504 1319 477 1171 426 1299 771 1350 679 1339 493 1345 510 1333 697 1292 854
img15832.jpg 1590 1010 1415 876 1519 688 1536 694 1376 901 1439 1072 1524 691 1336 489 1316 463 1168 409 1305 759 1351 670 1339 480 1345 491 1332 679 1297 839
img15833.jpg 1589 1001 1411 865 1514 676 1528 679 1371 888 1434 1058 1519 679 1336 475 1313 449 1166 386 1311 742 1351 657 1336 466 1344 472 1330 663 1301 826
img15834.jpg 1594 994 1412 855 1518 664 1521 666 1366 878 1428 1047 1518 664 1335 460 1312 434 1164 368 1327 722 1359 639 1335 452 1341 457 1337 636 1317 803
img15835.jpg 1598 990 1412 851 1518 652 1509 657 1357 871 1422 1040 1512 652 1337 446 1310 420 1167 347 1344 702 1368 622 1337 440 1340 443 1345 606 1333 777
img15836.jpg 1601 987 1414 844 1518 642 1500 648 1350 864 1422 1038 1509 639 1337 431 1307 407 1165 327 1359 679 1376 603 1337 425 1337 428 1348 590 1338 762
img15837.jpg 1596 985 1410 837 1512 632 1487 638 1340 856 1418 1037 1503 626 1334 415 1304 391 1166 306 1373 656 1383 584 1334 412 1337 412 1353 574 1342 748
img15838.jpg 1592 977 1408 830 1509 622 1478 627 1336 844 1417 1036 1497 616 1335 398 1304 373 1166 290 1389 633 1392 565 1335 398 1338 398 1357 558 1345 735
img15839.jpg 1587 970 1405 823 1505 610 1471 616 1333 832 1421 1036 1490 607 1333 381 1302 360 1167 272 1405 609 1401 547 1333 388 1340 381 1357 553 1339 728
img15840.jpg 1579 964 1403 814 1499 602 1464 609 1332 824 1423 1038 1483 600 1333 366 1301 347 1170 251 1413 583 1407 526 1333 372 1340 366 1354 557 1326 729
img15841.jpg 1573 958 1401 809 1495 594 1460 601 1336 819 1420 1036 1476 595 1336 354 1304 331 1177 230 1425 556 1415 505 1336 357 1342 350 1355 544 1330 715
img15842.jpg 1564 955 1400 803 1492 583 1453 593 1341 813 1420 1037 1469 590 1341 342 1308 316 1183 210 1437 528 1426 482 1344 339 1344 336 1354 532 1327 697
img15843.jpg 1553 955 1399 802 1490 574 1446 584 1343 811 1419 1039 1463 581 1343 330 1313 303 1192 190 1444 499 1431 459 1350 323 1346 323 1352 519 1325 684
img15844.jpg 1538 956 1399 797 1481 569 1440 576 1349 810 1416 1038 1457 572 1345 321 1318 290 1203 168 1448 475 1436 440 1356 307 1345 314 1350 509 1322 675
img15845.jpg 1522 960 1399 795 1478 561 1433 568 1354 805 1416 1036 1454 565 1351 310 1323 276 1210 149 1454 455 1443 426 1365 293 1347 304 1347 497 1317 662
img15846.jpg 1505 971 1401 794 1474 555 1425 565 1356 804 1418 1033 1450 558 1356 299 1328 264 1218 132 1458 442 1448 418 1374 285 1349 295 1343 486 1307 650
img15847.jpg 1490 976 1399 792 1472 552 1420 562 1361 802 1420 1029 1448 552 1361 288 1333 253 1229 117 1466 404 1457 386 1378 277 1350 288 1341 476 1305 640
img15848.jpg 1475 988 1401 788 1467 550 1412 564 1366 802 1422 1026 1443 550 1366 281 1338 247 1237 103 1464 359 1456 348 1384 271 1352 281 1340 467 1303 629
img15849.jpg 1460 1001 1402 787 1466 550 1403 567 1368 804 1426 1024 1437 550 1373 272 1345 237 1246 92 1465 310 1459 306 1391 266 1356 272 1338 456 1300 613
img15850.jpg 1444 1012 1409 783 1462 555 1392 572 1374 801 1427 1029 1427 555 1374 273 1356 238 1251 80 1432 214 1428 218 1392 256 1356 273 1339 449 1304 607
