ResultRaw1 ResultRaw2 ResultRaw3 ResultRaw4 ResultRaw5 ResultRaw6 ResultRaw7 ResultRaw8 ResultRaw9 ResultRaw10 ResultRaw11 ResultRaw12 ResultRaw13 ResultRaw14 ResultRaw15 ResultRaw16 ResultRaw17 ResultRaw18 ResultRaw19 ResultRaw20 ResultRaw21 ResultRaw22 ResultRaw23 ResultRaw24 ResultRaw25 ResultRaw26 ResultRaw27 ResultRaw28 ResultRaw29 ResultRaw30 ResultRaw31 ResultRaw32 ResultRaw33
img04231.jpg 1616 918 1600 727 1616 521 1569 521 1521 727 1537 934 1600 521 1553 298 1537 266 1458 139 1553 505 1600 425 1569 282 1505 298 1505 441 1458 552
img04232.jpg 1609 924 1594 734 1609 524 1557 529 1520 734 1525 935 1594 524 1546 297 1531 265 1457 144 1541 509 1599 425 1573 281 1509 292 1509 439 1467 555
img04233.jpg 1608 921 1586 729 1605 521 1552 533 1520 735 1523 931 1586 527 1542 293 1526 265 1447 145 1536 518 1598 425 1564 281 1504 293 1510 438 1472 558
img04234.jpg 1606 923 1581 728 1600 520 1547 536 1518 737 1518 933 1578 529 1537 293 1521 264 1442 148 1531 525 1597 423 1559 280 1502 293 1512 438 1480 561
img04235.jpg 1602 915 1567 725 1589 520 1542 536 1520 738 1517 931 1567 529 1532 292 1517 264 1434 150 1524 533 1592 422 1551 279 1498 292 1510 438 1485 561
img04236.jpg 1596 909 1552 724 1580 523 1536 539 1517 736 1517 931 1555 532 1526 290 1511 263 1429 146 1527 538 1586 421 1539 281 1492 294 1511 435 1489 564
img04237.jpg 1576 901 1529 725 1564 528 1529 541 1517 737 1520 934 1545 534 1523 294 1504 263 1426 148 1526 541 1578 420 1529 282 1489 294 1510 438 1491 566
img04238.jpg 1563 894 1514 724 1557 532 1526 542 1510 737 1520 937 1535 535 1516 296 1498 265 1423 147 1523 545 1567 421 1523 283 1486 293 1507 439 1495 567
img04239.jpg 1522 882 1480 721 1543 538 1518 544 1508 737 1521 934 1524 541 1511 297 1493 266 1418 148 1521 545 1555 421 1515 284 1480 294 1505 441 1493 569
img04240.jpg 1459 869 1440 713 1527 543 1512 549 1503 740 1522 934 1515 546 1502 301 1487 267 1415 148 1514 549 1541 423 1502 288 1474 298 1503 445 1490 567
img04241.jpg 1391 842 1403 692 1519 545 1509 548 1500 740 1522 933 1506 548 1497 302 1481 267 1409 151 1509 545 1533 421 1500 286 1472 299 1497 447 1481 567
img04242.jpg 1335 815 1374 670 1510 543 1500 547 1497 738 1523 930 1500 547 1491 301 1475 265 1405 150 1500 544 1525 425 1497 288 1465 298 1491 441 1472 566
img04243.jpg 1265 781 1334 646 1498 544 1495 544 1495 739 1521 928 1495 544 1482 298 1469 265 1399 150 1492 541 1516 425 1492 288 1460 298 1482 441 1460 563
img04244.jpg 1224 752 1311 626 1491 542 1491 542 1488 736 1520 929 1491 538 1476 295 1463 263 1392 147 1479 536 1512 425 1488 288 1454 295 1470 441 1445 560
img04245.jpg 1207 732 1305 613 1491 540 1481 540 1485 733 1519 930 1488 533 1472 293 1456 265 1382 146 1473 529 1512 424 1488 287 1447 290 1460 436 1429 562
img04246.jpg 1197 733 1293 616 1477 540 1471 540 1477 732 1521 933 1480 531 1465 293 1449 265 1375 145 1452 526 1500 422 1477 287 1437 293 1447 438 1412 562
img04247.jpg 1189 741 1283 624 1467 543 1467 543 1467 732 1516 934 1470 534 1455 296 1440 269 1367 146 1434 525 1489 419 1467 287 1431 296 1434 442 1394 561
img04248.jpg 1191 758 1276 638 1450 544 1456 544 1459 730 1517 937 1456 538 1447 301 1431 271 1359 149 1414 526 1477 419 1456 289 1419 301 1422 444 1373 562
img04249.jpg 1197 779 1272 655 1434 547 1440 547 1452 731 1517 935 1440 541 1434 304 1419 273 1351 150 1392 532 1460 421 1443 292 1410 304 1410 445 1354 562
img04250.jpg 1199 804 1269 671 1417 547 1432 547 1444 731 1515 936 1423 544 1420 306 1408 275 1344 153 1368 537 1445 424 1426 294 1402 309 1395 449 1337 562
img04251.jpg 1203 826 1267 686 1399 547 1418 547 1436 733 1511 933 1405 547 1405 310 1393 279 1331 155 1347 542 1426 430 1414 301 1390 310 1384 452 1319 563
img04252.jpg 1205 846 1266 697 1381 546 1399 549 1430 732 1511 934 1387 546 1390 314 1381 279 1319 155 1324 543 1405 432 1399 304 1375 314 1372 450 1303 562
img04253.jpg 1204 859 1265 705 1363 548 1382 551 1422 731 1509 930 1366 548 1372 314 1363 280 1304 156 1315 545 1392 435 1385 308 1360 314 1360 448 1288 560
img04254.jpg 1200 870 1262 710 1345 545 1363 551 1410 732 1506 927 1348 545 1357 315 1348 281 1289 156 1307 544 1378 434 1370 309 1342 318 1345 445 1273 557
img04255.jpg 1194 870 1257 712 1332 543 1342 549 1395 729 1504 923 1332 546 1342 315 1329 281 1270 156 1306 542 1364 431 1357 309 1323 318 1329 443 1258 555
img04256.jpg 1185 867 1250 709 1318 541 1324 547 1378 724 1499 918 1318 544 1324 316 1315 279 1253 154 1299 542 1355 429 1343 307 1303 319 1312 438 1244 550
img04257.jpg 1176 857 1246 703 1314 538 1307 541 1358 722 1491 909 1307 542 1310 311 1298 280 1236 155 1302 542 1351 426 1330 305 1286 314 1292 436 1230 548
img04258.jpg 1179 857 1246 702 1307 537 1295 537 1339 720 1479 895 1301 537 1295 310 1283 279 1221 154 1291 538 1339 421 1314 301 1267 310 1273 432 1217 547
img04259.jpg 1185 845 1251 690 1307 530 1284 533 1307 715 1417 889 1296 533 1278 310 1266 277 1205 160 1287 537 1330 417 1299 298 1251 304 1257 426 1205 545
img04260.jpg 1183 843 1246 686 1293 531 1272 530 1280 713 1395 864 1284 527 1264 307 1252 274 1191 159 1265 533 1313 415 1285 295 1233 304 1243 422 1194 542
img04261.jpg 1179 840 1241 681 1281 526 1260 525 1250 710 1336 859 1272 522 1249 302 1234 272 1180 158 1247 528 1296 410 1266 290 1222 299 1228 418 1183 543
img04262.jpg 1183 837 1240 676 1271 520 1248 520 1222 705 1280 858 1259 517 1233 299 1221 269 1166 157 1230 523 1282 405 1253 284 1209 296 1216 417 1174 541
img04263.jpg 1170 829 1230 668 1261 512 1229 518 1191 700 1228 863 1247 512 1221 296 1212 266 1154 158 1214 520 1269 403 1241 281 1197 296 1203 419 1165 539
img04264.jpg 1151 832 1214 672 1245 516 1215 516 1180 696 1225 863 1230 513 1210 292 1201 265 1142 153 1192 514 1253 400 1227 277 1186 295 1195 419 1157 537
img04265.jpg 1145 832 1212 672 1242 516 1204 519 1164 691 1186 882 1222 516 1201 292 1192 266 1131 154 1183 511 1248 400 1216 277 1175 289 1183 419 1148 537
img04266.jpg 1136 831 1207 673 1236 516 1195 522 1151 689 1186 884 1216 519 1192 291 1186 264 1121 155 1177 506 1237 402 1204 279 1163 288 1174 418 1142 534
img04267.jpg 1122 829 1197 672 1226 515 1186 524 1133 681 1174 880 1206 521 1183 290 1174 264 1113 156 1165 506 1225 405 1194 282 1151 290 1165 419 1133 532
img04268.jpg 1110 830 1188 674 1217 516 1178 525 1111 674 1138 873 1195 525 1174 287 1163 264 1102 154 1157 504 1213 407 1185 282 1140 287 1157 414 1123 533
img04269.jpg 1100 830 1178 673 1204 512 1164 524 1106 675 1139 869 1187 521 1164 286 1155 266 1092 153 1146 506 1198 404 1175 280 1129 286 1147 413 1115 532
img04270.jpg 1108 835 1165 671 1192 506 1152 517 1086 669 1109 861 1175 514 1151 285 1143 264 1082 154 1136 511 1182 403 1165 279 1119 288 1137 413 1105 532
img04271.jpg 1123 842 1159 674 1183 505 1134 516 1070 670 1073 854 1160 510 1142 286 1131 265 1074 153 1124 521 1174 402 1160 280 1108 289 1126 415 1094 534
img04272.jpg 1136 856 1150 682 1168 510 1117 519 1058 682 1044 855 1144 513 1132 288 1123 264 1064 152 1116 525 1163 401 1150 279 1094 288 1115 415 1082 537
img04273.jpg 1154 866 1141 687 1153 512 1105 518 1056 693 1037 860 1129 512 1120 291 1114 266 1057 151 1102 528 1155 400 1145 282 1084 291 1102 415 1072 536
img04274.jpg 1173 875 1133 692 1145 517 1091 519 1033 696 993 863 1115 517 1112 294 1103 267 1052 152 1088 530 1147 404 1140 288 1073 294 1088 416 1058 538
img04275.jpg 1172 872 1124 697 1130 520 1076 526 1025 704 979 869 1100 520 1103 297 1094 267 1046 150 1073 528 1136 404 1133 291 1061 297 1073 417 1040 538
img04276.jpg 1170 870 1111 697 1120 521 1066 524 1015 703 970 873 1087 521 1093 299 1084 267 1036 150 1058 524 1128 405 1126 293 1051 299 1060 416 1025 536
img04277.jpg 1164 863 1093 695 1108 520 1054 522 1007 698 964 878 1075 520 1084 302 1075 269 1027 146 1039 520 1116 407 1117 296 1045 299 1045 415 1007 535
img04278.jpg 1154 854 1074 692 1095 520 1042 522 995 695 963 878 1063 517 1074 303 1066 267 1019 144 1022 518 1103 409 1104 297 1034 300 1031 417 986 531
img04279.jpg 1138 842 1054 688 1080 516 1031 522 984 693 961 877 1048 513 1063 301 1057 266 1010 141 1004 515 1090 410 1092 295 1022 298 1019 417 967 525
img04280.jpg 1123 835 1036 682 1071 514 1021 519 980 692 959 876 1038 511 1053 298 1047 265 1003 140 981 508 1080 412 1082 295 1016 295 1009 414 948 517
img04281.jpg 1102 827 1018 680 1058 512 1011 518 975 691 957 877 1028 509 1043 295 1040 265 996 136 959 501 1066 410 1072 292 1008 292 999 415 928 504
img04282.jpg 1082 826 1005 677 1050 510 1003 516 971 691 956 876 1021 507 1036 293 1030 261 989 135 938 494 1056 408 1065 290 998 290 992 413 909 486
img04283.jpg 1063 828 991 676 1043 506 999 511 969 687 957 875 1013 506 1028 292 1022 259 981 133 917 483 1046 407 1060 289 993 289 984 412 893 467
img04284.jpg 1043 833 983 676 1034 505 996 508 969 687 958 875 1005 505 1022 292 1016 256 975 133 896 474 1037 406 1055 289 987 289 973 409 876 447
img04285.jpg 1023 839 974 676 1028 505 993 502 966 687 958 874 999 505 1017 291 1014 256 969 130 882 468 1031 405 1049 288 978 288 961 408 861 426
img04286.jpg 1019 845 972 677 1022 503 990 500 967 689 961 873 996 503 1014 290 1008 255 967 130 869 457 1026 403 1045 287 973 287 950 404 848 410
img04287.jpg 1014 847 971 677 1017 500 985 500 965 688 962 871 991 500 1009 289 1003 254 965 130 856 454 1019 404 1037 289 968 289 934 402 835 396
img04288.jpg 1008 849 971 676 1014 499 982 502 965 691 962 873 991 499 1006 291 1000 253 962 131 845 445 1015 401 1032 288 965 288 922 398 823 386
img04289.jpg 1006 851 968 677 1012 499 980 502 963 692 963 874 992 499 1001 291 995 256 960 129 835 437 1012 399 1027 288 963 288 910 393 816 378
img04290.jpg 1008 850 968 675 1007 498 977 504 962 690 962 873 989 498 998 291 992 256 959 128 824 421 1007 394 1024 285 962 288 900 388 812 374
img04291.jpg 998 849 964 672 1003 502 976 507 961 687 961 875 988 499 994 292 991 256 958 128 815 411 1004 394 1021 286 958 289 892 385 800 367
img04292.jpg 995 851 962 673 998 504 974 510 962 688 962 878 986 501 992 290 989 257 956 124 806 394 1001 389 1019 284 959 287 886 380 790 362
img04293.jpg 994 854 965 675 992 508 971 511 962 690 962 877 983 505 989 290 986 257 953 123 797 382 997 390 1017 287 956 287 877 378 781 359
img04294.jpg 995 854 966 673 990 509 972 512 963 688 963 876 981 506 990 290 984 254 951 123 790 369 994 389 1014 287 954 284 872 375 768 360
img04295.jpg 993 857 969 675 987 507 972 513 963 687 963 879 981 504 987 291 981 251 947 123 788 367 993 392 1011 291 954 282 868 373 755 361
img04296.jpg 995 858 971 675 986 504 968 510 962 687 962 876 977 504 986 291 977 251 943 123 783 358 991 390 1007 291 956 278 864 373 754 364
img04297.jpg 995 856 974 675 986 503 968 506 962 687 962 874 977 503 983 292 977 252 940 123 784 356 991 390 1008 292 953 279 864 371 753 365
img04298.jpg 994 850 973 673 988 501 966 504 960 685 960 872 976 501 982 289 976 252 939 123 786 359 991 385 1007 289 951 280 865 372 755 366
img04299.jpg 997 849 976 673 985 500 963 503 960 682 960 873 976 500 979 288 976 254 935 121 788 361 992 383 1006 288 951 278 868 371 760 365
img04300.jpg 1000 849 975 673 984 503 960 503 960 685 960 873 975 503 978 287 975 257 932 121 787 361 990 381 1006 287 947 278 867 371 763 365
img04301.jpg 998 850 977 674 983 504 961 504 961 686 961 874 974 504 974 286 974 256 931 123 792 369 992 382 1007 289 943 280 866 369 768 363
img04302.jpg 999 852 978 675 978 505 963 505 959 684 959 876 972 505 972 286 972 255 932 122 792 369 992 384 1006 289 941 277 864 369 768 363
img04303.jpg 999 856 981 675 975 504 962 507 959 684 959 877 972 504 972 287 968 253 931 120 794 368 993 387 1002 290 941 275 863 365 767 362
img04304.jpg 986 856 980 673 977 502 962 505 959 685 959 874 971 502 971 286 965 251 934 121 800 369 997 386 1002 289 940 276 866 360 761 363
img04305.jpg 973 854 981 671 980 502 962 505 959 684 959 872 968 502 971 286 962 249 937 120 802 372 1002 389 1002 289 937 277 863 360 756 363
img04306.jpg 973 854 983 671 980 501 958 505 958 684 958 872 968 501 974 289 961 248 940 119 795 371 1003 390 998 289 937 276 863 359 746 366
img04307.jpg 971 853 979 669 982 500 957 504 960 684 960 871 966 500 976 289 960 249 939 121 790 371 1005 392 1000 289 933 280 859 362 740 366
img04308.jpg 971 853 979 670 985 500 957 503 960 682 960 871 966 500 976 288 960 251 942 121 782 372 1007 393 1000 288 930 282 857 366 739 369
img04309.jpg 980 852 981 671 984 499 959 505 962 683 959 873 965 499 974 287 962 250 941 119 778 381 1010 394 999 287 932 281 852 373 739 367
img04310.jpg 991 853 982 672 982 500 960 506 960 684 960 874 969 500 973 286 963 252 939 120 776 377 1012 393 997 286 933 280 850 377 740 365
img04311.jpg 991 852 979 674 985 499 964 506 958 683 961 874 973 499 973 285 964 251 936 120 779 374 1016 392 998 282 934 279 851 380 747 365
img04312.jpg 991 853 982 676 988 500 964 507 955 685 960 872 973 500 970 283 964 249 936 120 785 372 1022 390 995 280 936 277 856 381 752 363
img04313.jpg 992 854 980 675 989 503 964 506 952 688 961 873 970 503 967 285 964 248 934 122 791 371 1030 388 996 282 937 276 860 387 758 359
img04314.jpg 995 858 977 676 989 504 962 507 950 689 965 873 971 504 968 287 962 247 934 123 792 340 1019 386 995 284 931 278 868 389 768 356
img04315.jpg 996 859 975 676 990 501 960 507 951 688 966 875 969 501 969 287 960 245 933 125 799 335 1008 383 996 284 930 278 878 390 782 351
img04316.jpg 996 860 975 674 987 500 957 509 951 689 966 875 966 500 966 286 960 244 933 124 809 331 999 380 996 286 927 280 888 395 792 344
img04317.jpg 997 860 973 674 985 497 955 509 952 686 967 875 967 497 967 288 958 243 934 123 816 326 988 378 997 288 925 282 895 399 802 339
img04318.jpg 997 862 971 674 983 495 950 507 953 686 968 877 965 495 968 287 956 243 935 124 822 314 973 377 997 287 923 284 902 400 810 335
img04319.jpg 997 860 973 676 982 495 946 507 952 685 967 875 961 495 967 287 955 242 935 123 828 321 973 376 997 287 923 281 905 403 816 331
img04320.jpg 996 860 972 676 981 494 943 506 952 685 967 872 958 494 967 286 955 241 937 122 829 316 973 375 996 286 922 283 907 405 821 330
img04321.jpg 996 858 972 675 981 495 940 504 952 684 967 873 955 495 967 285 955 244 937 122 828 312 970 374 996 285 922 282 908 403 825 332
img04322.jpg 996 859 973 674 982 497 938 503 952 686 967 873 952 497 964 286 955 245 935 121 828 310 968 374 996 286 923 280 908 404 826 333
img04323.jpg 996 857 973 671 982 500 938 506 952 683 967 872 952 497 964 288 955 246 935 119 830 314 969 376 996 288 923 279 908 403 828 332
img04324.jpg 996 858 970 668 982 503 938 506 952 683 967 872 952 500 961 288 955 247 935 120 832 317 970 377 996 288 923 282 908 403 834 335
img04325.jpg 997 855 967 665 982 503 938 506 952 683 967 872 952 500 961 290 955 248 935 118 833 322 971 379 997 290 923 281 908 402 834 337
img04326.jpg 996 859 964 665 981 504 937 507 952 683 967 873 952 501 961 292 955 247 937 116 835 327 972 381 996 292 922 280 907 405 836 334
img04327.jpg 997 859 964 663 979 500 934 507 952 681 967 873 952 497 961 293 955 248 940 118 836 327 972 381 997 293 922 281 907 404 837 332
img04328.jpg 996 860 963 665 978 500 933 506 951 683 966 875 951 500 960 293 957 247 939 118 837 330 972 381 996 293 921 280 906 403 840 334
img04329.jpg 997 859 963 663 975 497 930 506 951 684 966 874 951 497 960 294 957 249 939 119 839 331 973 382 997 294 921 279 906 403 836 330
img04330.jpg 997 859 967 663 973 496 928 506 952 684 967 874 952 496 958 294 958 248 940 121 841 331 974 381 997 294 922 278 903 403 837 327
img04331.jpg 999 857 969 663 975 496 926 505 954 684 969 872 954 496 957 293 957 248 938 123 845 333 976 381 999 293 923 278 902 399 835 326
img04332.jpg 998 858 971 665 977 499 929 505 953 686 968 873 953 499 959 293 956 248 938 121 846 338 978 382 998 293 923 278 902 399 835 326
img04333.jpg 1000 856 973 666 979 496 928 504 952 686 967 871 955 496 961 293 955 248 940 123 848 335 978 380 1000 293 922 278 901 400 833 322
img04334.jpg 998 857 972 668 980 496 933 505 951 685 966 871 954 496 963 292 957 248 942 121 848 334 976 380 998 292 922 280 898 402 833 324
img04335.jpg 996 857 970 670 981 501 937 506 949 685 964 872 955 501 964 293 958 249 943 120 849 333 974 380 999 293 920 281 897 404 835 328
img04336.jpg 994 858 968 670 979 502 942 508 948 684 962 872 956 502 965 294 959 250 945 120 849 330 972 380 1000 294 919 282 896 407 838 331
img04337.jpg 992 856 964 672 978 503 944 508 947 687 961 873 958 503 964 293 961 250 947 121 851 326 971 379 1001 293 918 285 892 408 841 334
img04338.jpg 993 857 961 672 979 506 947 511 947 687 961 874 959 506 964 293 961 250 947 123 852 327 972 379 1002 293 918 287 890 408 844 336
img04339.jpg 993 857 961 675 978 508 947 511 947 689 961 874 958 508 964 292 961 251 947 125 856 324 973 377 1004 292 918 286 889 407 846 335
img04340.jpg 995 858 963 677 980 506 945 509 948 689 963 876 957 506 965 291 963 250 945 123 859 322 976 374 1006 288 919 285 890 405 846 332
img04341.jpg 996 858 966 680 984 507 942 510 948 691 963 875 954 507 966 291 963 249 942 121 862 324 978 373 1007 288 919 285 890 404 846 331
img04342.jpg 997 859 968 677 985 504 941 510 950 689 964 874 955 504 967 290 964 249 941 120 864 324 979 373 1008 287 920 284 888 405 844 331
img04343.jpg 995 858 968 674 983 503 939 508 950 688 965 873 956 503 965 291 965 250 939 118 867 326 981 373 1009 288 921 282 886 406 842 332
img04344.jpg 996 860 970 673 984 504 937 510 952 686 967 875 957 504 967 290 967 249 937 117 868 331 982 373 1008 287 922 281 884 407 840 334
img04345.jpg 996 857 970 672 985 504 937 509 952 688 967 875 958 504 967 288 967 249 937 118 862 331 983 374 1005 288 923 282 882 407 838 337
img04346.jpg 996 857 967 670 982 501 938 510 953 688 967 875 958 504 967 289 967 251 938 120 861 329 979 372 1002 286 923 283 880 405 836 338
img04347.jpg 995 857 971 671 983 503 936 508 950 687 965 878 956 505 968 289 965 251 939 119 868 337 986 373 1003 286 924 280 880 403 836 339
img04348.jpg 995 856 971 674 986 509 936 509 950 688 965 880 953 512 968 288 965 250 941 121 874 348 992 376 1003 288 924 280 880 403 836 338
img04349.jpg 993 854 970 674 987 509 937 509 949 689 964 878 955 512 967 291 964 249 943 120 877 354 998 379 1005 291 922 279 878 400 834 338
img04350.jpg 991 854 973 674 988 508 938 511 947 688 962 878 956 511 967 292 962 248 944 118 884 365 1002 381 1006 292 920 277 875 399 834 337
img04351.jpg 989 854 974 673 989 507 939 508 945 688 960 881 957 507 965 288 960 247 945 116 884 371 1009 383 1007 294 918 279 873 398 835 336
img04352.jpg 990 853 972 674 990 505 941 508 946 692 961 877 955 508 964 288 961 247 946 121 875 367 1006 383 1005 294 917 279 870 397 835 335
img04353.jpg 991 854 973 673 988 496 942 505 947 691 962 875 956 502 965 290 962 249 947 121 865 356 1002 379 1003 290 918 281 869 395 837 334
img04354.jpg 992 854 975 671 984 492 941 504 949 689 964 875 955 498 966 289 964 249 949 121 855 346 997 379 1001 290 920 284 868 394 839 333
img04355.jpg 995 855 974 669 983 490 940 502 949 688 963 873 955 496 966 291 966 250 949 122 848 337 994 377 1001 288 922 285 868 392 838 328
img04356.jpg 998 856 974 670 983 492 940 504 949 689 963 870 955 498 969 293 966 250 952 123 843 326 993 377 1004 288 923 285 865 391 839 328
img04357.jpg 999 859 973 672 982 494 941 506 950 687 962 871 956 497 970 293 968 250 953 118 845 317 990 377 1002 288 923 288 863 392 839 326
img04358.jpg 1000 858 974 670 983 497 941 509 947 688 959 870 956 497 971 292 968 248 953 116 849 311 992 378 1003 289 924 289 859 392 842 324
img04359.jpg 1000 858 974 671 986 498 942 510 945 688 957 870 957 498 971 293 968 249 954 117 855 309 995 379 1003 290 924 287 857 392 845 325
img04360.jpg 1001 858 972 673 986 500 939 512 945 691 957 869 957 500 972 293 969 249 957 117 863 307 997 381 1004 293 925 287 854 392 849 328
img04361.jpg 1001 861 972 673 986 500 939 515 945 690 957 873 957 500 972 295 972 251 957 118 868 309 998 382 1004 295 927 286 854 391 848 327
img04362.jpg 1001 861 972 671 987 501 937 516 942 691 957 876 957 501 972 294 972 250 957 121 869 308 1001 383 1010 297 928 282 855 390 849 329
img04363.jpg 1001 864 972 674 984 505 934 517 943 692 958 876 958 502 972 295 972 251 958 122 864 303 1000 383 1010 298 928 280 855 388 849 330
img04364.jpg 1002 865 972 677 984 506 934 518 943 694 958 876 958 503 972 295 972 251 958 121 864 304 999 383 1010 298 928 280 855 386 849 327
img04365.jpg 1001 868 971 677 983 506 936 518 945 695 960 877 957 503 971 295 971 250 960 121 863 303 998 383 1013 297 927 280 854 389 848 327
img04366.jpg 1001 868 971 676 983 508 936 517 944 694 959 874 956 505 971 293 971 249 959 119 863 302 996 383 1012 299 927 279 853 390 850 326
img04367.jpg 1001 867 971 676 983 507 938 513 944 693 959 873 956 501 971 294 971 250 962 117 862 299 997 383 1009 297 927 280 853 389 853 324
img04368.jpg 998 864 971 675 986 504 939 513 945 693 959 876 956 501 971 294 971 250 962 117 868 299 998 383 1012 297 927 280 853 392 853 324
img04369.jpg 996 862 970 673 987 504 938 513 947 693 961 877 955 504 970 294 970 250 961 119 866 296 999 383 1014 297 926 280 854 393 854 323
img04370.jpg 997 859 971 670 988 502 936 511 945 693 959 876 956 502 971 293 971 250 959 119 864 291 998 382 1011 296 927 282 855 392 855 322
img04371.jpg 998 856 972 672 989 498 934 510 946 695 960 877 957 498 972 293 972 250 960 120 862 286 998 381 1009 293 928 282 856 391 856 322
img04372.jpg 995 853 972 675 990 497 932 511 947 695 961 876 958 500 972 293 972 250 958 120 867 282 999 380 1013 293 926 281 857 393 855 321
img04373.jpg 997 854 971 677 988 497 934 511 945 694 960 874 957 500 971 291 971 248 960 120 865 281 996 381 1011 294 925 283 860 394 851 323
img04374.jpg 997 856 973 679 988 496 933 510 945 692 959 873 959 496 971 291 971 248 962 118 866 278 995 381 1011 294 925 282 864 395 850 323
img04375.jpg 996 857 973 680 988 496 936 510 945 690 959 874 959 496 970 292 970 247 965 120 867 278 999 382 1013 295 922 281 867 396 847 327
img04376.jpg 995 858 972 680 986 498 937 510 946 688 960 875 957 498 969 294 969 248 966 121 865 278 1003 386 1015 297 920 282 874 398 847 333
img04377.jpg 994 857 971 678 986 498 936 510 945 686 960 875 957 501 968 293 968 246 968 122 857 282 1005 392 1012 298 922 281 881 400 849 338
img04378.jpg 992 855 972 676 987 498 934 509 946 687 961 876 955 500 969 294 969 247 969 122 857 277 1007 394 1013 300 923 279 888 402 852 345
img04379.jpg 993 854 972 673 984 499 932 507 946 685 961 877 952 502 969 295 969 245 972 123 857 276 1007 398 1013 301 926 280 894 406 852 352
img04380.jpg 993 853 972 671 984 498 928 507 946 683 960 877 952 504 969 293 969 246 972 123 856 274 1004 399 1010 299 928 281 901 408 854 359
img04381.jpg 994 852 973 669 982 500 927 509 944 683 959 875 953 506 970 293 970 244 973 125 858 268 1001 399 1008 299 929 285 906 410 851 363
img04382.jpg 994 852 974 668 977 500 928 509 945 685 960 876 951 503 968 295 968 243 974 125 860 259 996 397 1006 298 931 286 911 411 850 373
img04383.jpg 996 851 972 667 973 501 929 510 946 685 961 874 952 504 967 298 967 242 978 125 875 296 992 400 1002 294 935 288 914 411 847 379
img04384.jpg 995 849 968 670 969 500 930 509 945 685 960 873 951 503 966 294 966 244 977 124 881 330 985 401 992 288 936 288 919 412 851 392
img04385.jpg 995 851 965 677 962 505 933 511 948 685 960 874 948 502 962 295 965 244 977 120 884 358 979 402 986 288 939 289 924 413 850 402
img04386.jpg 995 853 964 678 959 503 935 509 950 685 959 877 944 500 962 293 965 245 977 119 882 384 974 402 980 287 941 287 929 413 851 413
img04387.jpg 994 852 963 681 958 504 936 508 952 685 961 877 942 501 961 291 967 245 976 117 875 405 970 401 973 285 942 288 933 413 851 425
img04388.jpg 993 853 965 682 957 506 939 506 951 686 960 877 942 500 960 288 966 245 972 117 854 376 970 397 969 285 942 288 939 412 854 440
img04389.jpg 994 854 966 683 955 510 943 510 952 687 961 878 943 504 961 291 967 243 973 120 842 339 973 395 970 288 940 288 940 411 850 455
img04390.jpg 993 852 971 677 958 507 942 507 952 688 964 879 945 504 963 291 967 241 978 123 844 297 977 396 973 288 939 285 939 411 852 471
img04391.jpg 992 848 977 677 962 510 941 510 950 690 965 878 947 507 959 291 962 240 983 123 853 253 982 396 971 288 938 285 938 411 857 489
img04392.jpg 995 852 980 680 965 513 941 513 947 688 962 878 950 507 959 290 959 240 986 123 866 217 985 397 971 287 938 284 935 409 861 501
img04393.jpg 996 855 981 680 966 513 939 513 948 688 963 879 951 510 960 289 960 239 990 122 877 186 970 362 969 283 936 283 930 411 865 513
img04394.jpg 997 855 982 679 970 513 937 516 947 690 961 879 952 510 958 285 958 238 994 121 890 167 957 331 970 282 934 285 928 411 872 519
img04395.jpg 997 855 982 680 970 515 937 518 946 691 961 879 952 512 958 283 958 239 994 119 892 155 940 296 967 280 934 289 925 411 878 524
img04396.jpg 998 855 980 681 968 517 939 520 945 689 959 879 953 511 959 283 962 238 995 119 894 152 923 262 968 280 933 291 924 413 879 529
img04397.jpg 997 852 979 680 970 516 937 519 946 689 961 879 952 513 961 282 964 240 997 118 893 148 907 225 967 279 931 293 923 416 884 534
img04398.jpg 998 852 977 681 972 519 939 525 945 690 960 879 954 516 960 280 966 239 995 118 892 148 906 224 974 283 930 295 921 416 886 537
img04399.jpg 996 852 978 680 975 520 940 526 946 689 960 879 954 517 960 280 966 241 996 116 892 146 896 222 975 283 931 295 922 416 886 538
img04400.jpg 996 853 978 680 978 522 939 528 945 689 960 877 957 519 957 280 966 241 996 116 892 146 896 222 972 283 931 292 922 414 886 540
img04401.jpg 995 855 977 675 980 520 938 529 947 690 962 876 959 520 959 280 965 241 995 116 890 143 895 219 968 280 932 289 920 412 884 541
img04402.jpg 994 857 979 675 982 519 937 531 946 693 961 875 961 522 958 283 964 241 994 115 892 145 896 222 969 280 931 289 919 412 883 540
img04403.jpg 992 857 979 673 982 519 934 531 946 691 961 875 958 522 958 284 961 244 995 115 895 145 915 258 964 281 928 290 919 411 880 540
img04404.jpg 994 857 982 675 982 519 931 531 946 693 961 875 958 522 960 286 963 244 994 116 895 146 946 293 972 283 928 289 916 409 877 543
img04405.jpg 995 857 983 674 983 519 932 534 944 692 959 875 953 525 962 286 965 244 995 112 896 145 968 326 976 283 926 292 917 411 875 543
img04406.jpg 996 857 981 678 981 523 934 532 943 693 958 875 952 526 963 284 966 242 996 111 898 147 991 363 987 285 925 291 916 413 874 544
img04407.jpg 998 855 980 677 980 526 935 534 944 692 959 877 950 526 962 282 965 243 995 112 896 145 989 363 985 285 924 291 915 415 873 543
img04408.jpg 997 855 980 677 980 526 938 528 944 692 959 876 953 523 961 282 968 240 994 112 896 145 971 327 991 282 926 288 914 416 872 543
img04409.jpg 996 856 978 676 978 526 942 523 945 691 960 874 954 520 960 280 969 238 993 112 897 146 948 292 993 280 927 286 915 418 873 541
img04410.jpg 993 855 975 677 978 526 940 522 945 692 960 876 954 516 960 282 969 240 993 115 898 148 925 260 996 279 928 285 913 416 871 540
img04411.jpg 991 855 973 675 979 522 938 524 946 690 961 876 952 518 958 282 967 240 991 116 896 149 899 229 994 279 926 288 914 415 873 536
img04412.jpg 991 857 970 677 979 521 938 524 946 689 961 875 952 521 961 285 970 241 993 117 896 153 916 264 997 282 925 288 913 415 872 536
img04413.jpg 991 857 967 679 979 521 935 526 947 687 961 877 950 524 961 287 967 243 996 117 894 155 914 266 991 284 923 290 914 413 873 535
img04414.jpg 991 859 965 682 979 522 933 531 947 687 962 879 947 528 959 287 962 246 997 118 892 159 913 270 979 284 921 290 915 412 875 533
img04415.jpg 992 859 963 679 977 520 934 529 948 685 963 879 948 526 960 286 960 245 998 121 890 159 910 271 974 286 919 292 916 413 876 535
img04416.jpg 992 858 963 680 978 520 934 529 948 686 963 878 948 523 960 285 960 247 1000 123 890 160 910 272 969 285 922 288 916 413 876 538
img04417.jpg 994 857 965 679 977 518 933 524 947 688 962 878 950 518 959 282 962 247 1000 122 892 159 893 239 974 285 924 285 918 410 874 539
img04418.jpg 994 856 968 676 977 515 933 524 947 688 962 877 950 515 959 280 962 247 997 122 894 159 893 241 971 283 927 282 918 412 874 541
img04419.jpg 994 853 968 673 974 510 932 519 947 688 962 877 950 510 962 280 965 244 997 121 894 158 891 241 967 283 929 282 917 409 873 546
img04420.jpg 994 855 966 673 971 509 932 515 947 688 962 876 950 509 962 280 965 244 994 120 877 200 890 264 967 283 932 280 917 408 872 548
img04421.jpg 995 856 967 675 972 512 930 515 948 690 960 877 951 512 960 281 963 243 993 118 878 199 896 291 972 284 930 281 916 409 871 548
img04422.jpg 994 856 966 677 974 515 932 520 950 692 959 877 950 517 959 285 962 241 994 120 878 200 900 317 968 282 930 285 915 409 871 550
img04423.jpg 994 858 966 678 971 519 932 519 950 693 959 876 950 519 959 284 962 240 994 119 875 199 907 343 976 284 930 284 915 408 871 549
img04424.jpg 994 860 966 678 974 523 930 526 950 693 959 875 950 523 956 285 962 241 994 121 875 201 929 376 980 286 927 285 912 412 871 546
img04425.jpg 995 859 968 680 977 527 930 529 951 694 960 874 951 526 954 285 963 241 995 121 892 162 952 387 983 286 925 285 910 415 872 544
img04426.jpg 996 860 969 678 975 526 931 528 949 693 961 875 952 525 955 285 967 241 993 118 890 162 948 360 987 285 926 285 911 414 873 543
img04427.jpg 996 861 970 677 973 525 929 522 947 691 961 875 952 522 958 283 964 242 990 117 891 161 943 333 990 286 926 283 912 414 874 540
img04428.jpg 998 860 969 676 975 524 931 521 946 690 961 877 955 521 960 285 967 241 990 119 893 163 939 308 990 285 925 285 911 416 873 539
img04429.jpg 999 861 970 675 973 524 936 516 944 689 959 878 956 521 964 284 968 240 988 116 895 159 920 275 996 284 927 284 912 414 872 539
img04430.jpg 1000 864 971 677 971 524 934 516 943 691 957 878 957 521 968 283 969 240 986 116 896 159 900 243 1000 283 928 283 914 412 871 539
img04431.jpg 1000 862 971 676 974 524 936 519 945 690 956 876 956 521 971 283 968 240 985 118 898 161 920 273 1000 283 927 283 912 414 872 539
img04432.jpg 1000 860 970 675 976 525 938 522 947 690 955 874 955 522 967 285 967 241 988 117 897 162 939 304 997 282 926 285 911 414 870 540
img04433.jpg 998 860 969 676 978 527 937 527 948 691 957 872 954 527 963 286 963 240 990 117 896 161 958 334 992 281 925 286 910 413 872 542
img04434.jpg 997 857 968 678 980 526 935 532 950 693 959 872 953 529 962 288 962 241 991 118 894 162 977 366 988 282 924 288 909 414 871 543
img04435.jpg 996 852 967 676 981 527 937 533 952 691 961 873 952 530 961 289 958 242 993 116 893 163 996 397 984 283 923 289 908 415 870 544
img04436.jpg 994 850 965 675 982 527 936 530 950 690 962 873 950 530 959 289 956 242 994 117 892 163 996 399 979 283 924 289 910 414 869 544
img04437.jpg 993 851 964 676 982 525 932 530 950 691 964 874 950 530 961 286 959 239 993 116 891 163 995 399 979 283 924 286 909 414 871 542
img04438.jpg 994 850 965 673 983 520 930 528 948 691 963 876 951 528 965 285 960 241 991 116 890 163 993 400 980 285 925 285 910 412 870 540
img04439.jpg 993 850 967 673 982 519 929 524 947 690 961 876 950 524 964 283 958 240 990 117 888 164 992 399 979 283 926 283 912 411 871 536
img04440.jpg 993 853 967 675 982 518 929 523 947 690 961 877 950 523 961 284 961 240 990 117 888 161 971 365 979 281 926 284 912 413 874 535
img04441.jpg 994 856 968 677 979 515 929 524 947 691 962 877 950 524 959 286 962 242 991 115 888 159 970 368 979 283 926 283 912 412 873 532
img04442.jpg 995 857 969 678 978 516 931 522 945 689 960 877 951 522 957 287 960 243 990 117 887 161 972 369 981 284 928 284 913 413 872 534
img04443.jpg 995 856 969 679 977 520 930 526 948 691 963 877 951 523 954 286 963 242 992 118 889 162 974 369 980 283 927 283 912 416 874 534
img04444.jpg 997 857 968 678 980 519 930 525 948 690 963 875 954 522 956 287 963 243 992 117 889 161 978 371 986 284 927 284 912 417 874 537
img04445.jpg 998 856 969 677 981 518 931 527 948 692 960 874 954 524 957 288 960 244 989 118 889 162 999 407 986 285 925 285 913 415 875 535
img04446.jpg 999 857 970 678 982 519 932 528 950 692 959 875 956 522 959 289 962 245 988 118 891 163 1001 405 988 283 923 289 911 418 876 536
img04447.jpg 999 857 970 675 985 520 932 529 953 696 958 874 955 523 961 289 964 245 987 119 894 163 1000 404 990 283 923 289 911 417 876 537
img04448.jpg 999 857 970 674 984 520 935 529 953 695 955 872 955 523 964 288 964 244 987 119 894 163 1000 403 993 282 923 291 912 418 874 538
img04449.jpg 998 858 969 676 983 521 936 530 954 697 957 873 954 524 960 287 966 243 989 117 895 161 998 402 989 281 922 293 910 419 875 536
img04450.jpg 997 858 968 675 985 523 936 529 953 698 959 873 953 523 962 285 968 241 991 118 895 162 997 398 991 282 924 293 909 418 875 538
img04451.jpg 996 859 967 673 985 525 935 531 952 696 961 874 952 525 961 283 967 240 993 117 894 164 996 400 988 280 923 292 909 417 874 539
img04452.jpg 996 857 967 674 987 525 937 531 952 694 964 875 952 525 958 284 964 240 996 118 894 165 999 404 984 281 923 293 908 418 876 537
img04453.jpg 996 857 969 674 987 523 933 529 951 692 966 875 951 523 957 287 963 243 996 119 892 166 1001 408 978 281 925 290 910 414 878 535
img04454.jpg 995 856 972 671 986 522 933 528 951 689 966 876 954 522 963 288 966 241 995 121 892 168 1004 411 983 282 925 288 913 413 878 536
img04455.jpg 997 857 976 672 985 518 932 527 950 686 964 878 955 518 964 288 967 241 994 120 901 225 1007 414 988 282 926 285 917 412 876 533
img04456.jpg 997 854 976 671 985 517 932 523 950 686 965 878 956 517 968 286 968 242 994 121 901 225 1005 412 991 283 927 286 920 410 876 529
img04457.jpg 997 856 979 669 982 512 931 518 949 684 964 877 955 512 973 287 970 239 994 118 900 225 1001 407 996 281 929 287 922 408 872 524
img04458.jpg 995 858 980 668 980 511 933 514 948 683 962 878 953 511 971 287 971 239 992 115 898 225 997 401 997 281 930 286 924 408 870 517
img04459.jpg 994 857 979 669 979 507 931 513 947 683 961 875 949 507 970 286 970 241 991 115 902 226 993 395 994 280 932 286 925 406 866 507
img04460.jpg 994 856 976 667 976 506 931 509 946 682 961 874 946 506 967 287 970 240 991 114 895 173 988 389 985 278 931 284 925 407 860 497
img04461.jpg 994 858 979 669 973 503 930 506 946 681 961 873 946 500 967 290 970 239 988 116 891 181 986 389 984 278 934 284 924 408 853 482
img04462.jpg 995 858 979 671 970 502 931 505 946 680 961 873 946 499 964 291 970 243 985 116 885 191 984 391 982 282 934 285 925 409 844 466
img04463.jpg 996 857 972 671 969 500 933 506 948 683 963 875 948 497 969 293 969 242 984 116 881 199 982 392 987 284 933 287 924 410 834 446
img04464.jpg 999 858 971 671 965 505 935 508 950 683 962 876 950 502 968 294 968 242 980 116 871 211 981 393 989 285 935 288 920 411 827 423
img04465.jpg 999 858 971 671 968 505 935 508 950 683 962 876 950 502 971 294 968 246 977 116 862 221 983 396 995 288 938 288 917 408 824 403
img04466.jpg 999 858 969 670 972 503 936 506 951 685 963 876 951 503 975 294 969 246 972 115 863 223 986 393 1005 291 939 285 915 407 819 383
img04467.jpg 998 856 968 668 977 501 938 507 950 686 962 877 953 498 977 298 968 244 971 116 860 229 987 393 1007 292 938 283 911 406 821 364
img04468.jpg 999 858 969 669 981 502 939 505 951 684 960 876 954 499 975 295 969 244 966 116 859 233 988 390 1011 292 936 283 906 406 825 355
img04469.jpg 998 859 962 669 983 498 935 501 950 683 959 877 953 495 974 296 968 245 962 114 854 248 995 388 1013 293 932 284 903 406 828 346
img04470.jpg 996 858 960 671 984 498 936 501 951 685 960 876 957 495 975 293 969 245 957 115 853 262 1000 385 1016 293 930 284 898 406 832 340
img04471.jpg 996 858 960 671 984 499 936 502 951 686 960 876 957 496 974 294 969 246 957 116 847 279 1006 384 1016 294 930 285 895 404 835 338
img04472.jpg 995 858 959 671 980 499 933 499 950 686 959 876 953 499 974 288 971 249 950 116 849 295 1011 380 1016 291 930 285 894 404 835 342
img04473.jpg 993 855 963 672 978 499 931 499 949 687 961 875 952 499 975 287 972 251 949 119 849 312 1015 378 1013 290 931 284 896 404 834 343
img04474.jpg 994 852 971 673 982 497 932 497 947 688 962 875 953 497 976 286 973 251 944 122 850 319 1013 377 1011 289 932 280 900 403 833 348
img04475.jpg 996 854 975 672 978 499 934 499 949 686 961 877 952 499 975 287 972 249 943 123 845 321 1006 375 1007 287 931 281 905 404 828 352
img04476.jpg 997 851 976 668 979 497 935 497 947 683 959 875 953 497 973 285 973 249 938 122 838 324 998 373 1002 285 929 285 908 405 825 358
img04477.jpg 997 853 976 667 980 498 935 498 947 682 959 874 953 498 971 285 971 247 935 122 827 327 991 374 1000 282 929 285 912 406 823 362
img04478.jpg 998 854 977 666 980 498 938 501 947 681 959 875 953 501 968 286 968 247 932 121 818 334 986 379 998 283 929 286 917 406 821 367
img04479.jpg 995 856 980 666 980 497 941 503 947 681 959 877 953 503 967 286 964 247 932 120 810 341 983 380 998 280 929 289 920 407 823 371
img04480.jpg 993 853 981 667 984 492 942 501 945 679 960 874 954 501 968 284 963 248 930 118 808 350 963 375 999 278 930 287 924 408 827 377
img04481.jpg 992 856 980 668 983 493 944 505 947 680 962 877 953 505 968 285 959 249 929 118 805 357 942 369 998 276 932 285 926 409 829 381
img04482.jpg 993 854 981 669 984 492 944 504 947 681 963 878 953 504 968 283 956 250 926 119 805 359 921 362 999 274 932 283 929 408 829 383
img04483.jpg 993 853 977 668 977 495 944 504 947 680 962 874 953 504 968 283 956 250 923 120 804 362 903 353 999 274 932 283 929 408 826 383
img04484.jpg 993 853 975 668 975 499 945 502 951 681 963 871 954 505 966 281 954 251 921 121 803 363 883 348 996 275 933 281 930 408 825 385
img04485.jpg 993 852 969 670 966 506 944 506 953 682 963 874 950 509 963 284 953 251 917 123 801 363 882 348 993 275 932 284 929 409 827 386
img04486.jpg 992 849 968 673 962 505 943 505 952 682 962 874 949 505 959 283 952 250 916 125 803 362 883 350 992 277 931 283 931 408 832 388
img04487.jpg 991 849 963 675 957 508 945 508 954 684 960 873 948 508 957 283 951 249 915 124 805 362 882 350 991 280 930 283 930 407 840 394
img04488.jpg 992 850 964 677 961 507 946 507 955 686 961 874 949 507 955 283 949 249 913 128 807 361 880 350 992 280 928 283 931 407 848 400
img04489.jpg 993 849 963 679 960 508 947 511 953 685 963 877 947 508 953 285 950 251 911 126 813 361 877 348 990 282 926 285 932 407 853 404
img04490.jpg 995 851 964 677 964 505 949 508 952 686 964 876 949 505 952 282 949 251 909 125 814 361 874 347 989 282 924 285 934 407 854 407
img04491.jpg 995 853 964 678 964 507 949 510 952 687 964 874 949 507 955 283 949 253 909 124 814 363 871 345 986 280 921 286 934 409 854 409
img04492.jpg 996 856 966 678 966 504 947 507 950 687 966 874 950 504 953 284 950 253 907 125 816 363 871 346 984 281 920 287 932 409 855 409
img04493.jpg 995 855 964 680 968 505 946 509 952 686 964 873 952 502 955 285 949 254 909 125 817 364 871 347 983 282 918 288 931 410 860 410
img04494.jpg 993 855 963 678 969 505 944 508 953 687 963 870 953 502 956 285 947 252 911 127 816 365 871 347 984 282 917 285 929 410 859 407
img04495.jpg 992 854 961 678 971 505 943 509 955 687 961 869 955 502 958 290 946 253 913 129 815 363 872 346 986 284 916 284 928 411 858 405
img04496.jpg 990 856 960 678 972 506 942 506 957 690 960 871 957 503 957 288 945 251 912 131 821 364 892 354 987 285 915 285 924 412 855 401
img04497.jpg 989 855 959 676 974 507 944 507 959 689 959 873 959 504 959 289 944 253 914 132 823 365 916 361 989 286 914 286 923 413 851 398
img04498.jpg 989 854 960 673 977 502 942 505 960 689 960 875 960 505 957 288 945 253 911 132 824 367 940 369 989 285 911 285 920 415 846 396
img04499.jpg 989 853 963 673 980 500 939 506 960 689 960 877 960 506 957 287 945 255 912 132 825 368 963 378 989 284 909 287 918 413 843 395
img04500.jpg 991 852 967 671 985 496 938 505 959 686 962 879 962 502 956 285 944 256 911 131 831 373 988 387 991 285 905 288 914 413 840 395
img04501.jpg 992 848 972 668 992 493 939 505 960 686 963 878 963 502 954 286 945 257 910 132 835 376 995 387 992 286 901 286 913 413 838 397
img04502.jpg 996 849 975 669 999 492 943 507 960 687 963 876 966 501 951 285 946 256 907 131 845 381 999 389 993 285 895 285 910 412 838 400
img04503.jpg 998 850 983 670 1004 490 948 505 960 688 963 877 972 496 954 287 945 254 907 130 853 382 1001 391 995 287 892 287 907 411 841 402
img04504.jpg 1005 850 987 670 1011 486 955 503 961 687 961 877 976 492 952 287 947 255 906 132 863 382 1005 390 999 284 891 287 900 413 841 401
img04505.jpg 1012 852 992 671 1015 484 959 502 962 689 960 876 980 493 954 288 948 253 907 133 878 388 1012 391 1000 282 889 285 896 411 846 399
img04506.jpg 1022 856 996 672 1019 483 964 500 961 687 958 879 987 492 955 290 949 252 909 133 886 385 1013 389 1005 282 888 287 891 410 847 395
img04507.jpg 1035 858 1003 673 1023 480 962 497 959 685 957 882 988 491 957 291 951 250 913 132 896 375 1015 387 1015 283 887 285 884 410 850 390
img04508.jpg 1048 862 1007 675 1024 478 961 498 958 686 958 880 987 493 958 290 955 252 920 131 918 378 1027 382 1021 281 885 284 877 409 848 385
img04509.jpg 1057 867 1014 677 1023 481 957 498 954 689 959 879 988 493 962 291 959 250 928 135 941 386 1040 385 1031 285 884 282 873 406 858 383
img04510.jpg 1066 869 1020 681 1026 480 955 500 952 689 960 879 989 492 966 288 966 251 937 133 964 382 1052 382 1043 285 883 282 866 405 865 383
img04511.jpg 1070 871 1030 684 1027 485 947 502 950 693 961 875 984 494 970 286 970 252 953 132 992 390 1069 385 1055 286 884 280 862 405 878 386
img04512.jpg 1067 875 1036 687 1028 490 948 504 951 695 962 872 985 496 976 285 976 251 968 134 1021 406 1090 390 1061 285 888 282 863 404 893 392
img04513.jpg 1062 878 1043 691 1031 498 946 504 952 697 960 872 986 498 983 285 983 249 983 135 1039 409 1102 396 1071 285 892 280 864 404 911 401
img04514.jpg 1056 882 1048 693 1036 501 947 504 953 699 962 873 988 501 988 284 991 249 1002 132 1057 419 1116 395 1079 284 896 281 865 404 914 420
img04515.jpg 1048 882 1051 693 1040 511 953 508 955 699 961 873 990 508 993 284 999 249 1020 133 1072 436 1124 397 1086 284 903 281 868 403 919 437
img04516.jpg 1043 883 1054 695 1046 514 961 511 958 695 961 874 999 511 1002 286 1008 248 1034 136 1084 450 1130 403 1092 286 911 280 873 400 924 457
img04517.jpg 1039 884 1056 697 1053 519 966 516 960 697 963 875 1007 516 1009 289 1018 251 1051 137 1100 473 1135 399 1100 286 919 280 878 399 926 473
img04518.jpg 1038 884 1056 696 1058 521 973 521 961 696 964 875 1014 521 1014 289 1026 254 1070 139 1114 491 1137 397 1108 286 929 280 888 397 929 485
img04519.jpg 1039 885 1059 701 1065 525 980 525 971 695 965 874 1018 525 1024 290 1036 255 1085 141 1129 504 1138 399 1115 287 942 279 904 396 939 489
img04520.jpg 1040 887 1060 701 1069 521 985 519 982 695 967 870 1023 521 1034 292 1043 257 1101 144 1142 513 1141 405 1121 289 956 277 918 391 944 490
img04521.jpg 1041 888 1058 700 1070 521 989 516 992 695 974 865 1026 521 1041 290 1052 258 1119 146 1153 524 1142 406 1127 290 968 279 934 386 953 486
img04522.jpg 1039 886 1059 697 1074 520 992 515 1007 691 987 866 1030 520 1047 288 1059 259 1135 149 1158 523 1140 413 1132 291 984 276 949 381 962 489
img04523.jpg 1038 887 1061 698 1076 522 1000 516 1027 690 1004 869 1032 519 1055 287 1070 257 1145 150 1163 531 1139 420 1134 292 1000 275 962 377 974 492
img04524.jpg 1041 886 1061 697 1076 524 1012 519 1038 692 1024 868 1041 521 1064 285 1079 256 1161 151 1166 533 1140 422 1137 294 1018 273 977 374 993 497
img04525.jpg 1043 886 1064 696 1076 530 1018 527 1050 691 1039 876 1047 527 1073 285 1088 255 1175 153 1169 539 1140 422 1143 296 1032 273 991 374 1016 508
img04526.jpg 1056 890 1072 699 1072 530 1025 530 1063 694 1046 886 1045 527 1084 286 1099 259 1190 153 1172 539 1143 421 1146 294 1048 271 1003 377 1035 521
img04527.jpg 1057 893 1077 702 1071 531 1038 528 1077 692 1068 883 1050 525 1095 287 1109 261 1203 152 1177 543 1147 423 1150 296 1062 272 1019 381 1065 532
img04528.jpg 1057 893 1080 702 1076 535 1047 526 1094 692 1091 878 1061 529 1106 288 1118 262 1220 153 1182 546 1153 423 1156 297 1076 273 1033 384 1093 543
img04529.jpg 1051 894 1082 704 1090 538 1055 524 1116 694 1113 879 1073 535 1114 291 1126 265 1233 157 1187 550 1158 428 1160 297 1084 276 1042 388 1114 550
img04530.jpg 1048 893 1086 710 1103 544 1071 521 1135 697 1136 873 1085 538 1121 291 1138 265 1246 157 1194 550 1164 431 1164 297 1094 277 1052 389 1139 553
img04531.jpg 1034 891 1089 715 1124 553 1089 527 1156 701 1169 867 1107 547 1130 295 1147 266 1257 159 1199 553 1170 434 1173 301 1106 281 1070 397 1151 556
img04532.jpg 1034 891 1108 719 1142 559 1105 535 1171 707 1182 870 1125 555 1143 297 1157 267 1268 162 1206 556 1177 436 1183 305 1119 285 1088 404 1159 558
img04533.jpg 1066 890 1131 719 1160 560 1119 537 1177 704 1164 868 1139 557 1154 299 1168 269 1277 164 1215 555 1183 437 1195 308 1130 287 1104 409 1162 556
img04534.jpg 1074 885 1161 718 1173 560 1134 539 1183 701 1146 860 1152 551 1170 298 1181 268 1288 161 1223 554 1190 435 1208 310 1146 287 1125 414 1171 554
img04535.jpg 1101 889 1199 713 1184 551 1143 539 1187 696 1131 849 1163 545 1183 298 1192 268 1300 160 1230 553 1198 431 1218 309 1160 286 1146 417 1176 551
img04536.jpg 1140 893 1238 705 1195 547 1154 535 1191 694 1115 843 1177 541 1197 296 1205 265 1309 161 1240 552 1208 429 1229 308 1171 285 1161 419 1196 548
img04537.jpg 1190 895 1269 695 1206 546 1164 537 1195 700 1103 848 1186 540 1206 293 1217 262 1318 160 1248 551 1217 425 1240 304 1183 279 1172 416 1207 543
img04538.jpg 1214 896 1299 687 1217 544 1179 536 1203 705 1124 849 1198 536 1217 288 1228 258 1329 160 1258 549 1228 421 1250 299 1193 275 1188 412 1230 533
img04539.jpg 1268 901 1324 681 1230 543 1189 535 1206 709 1143 861 1208 535 1224 287 1237 257 1340 160 1270 548 1240 419 1259 295 1200 274 1200 409 1245 526
img04540.jpg 1304 901 1339 679 1245 549 1204 541 1214 716 1170 875 1220 541 1234 286 1248 256 1347 158 1281 549 1254 419 1273 291 1209 272 1213 406 1261 519
img04541.jpg 1324 896 1348 674 1255 544 1214 538 1219 717 1189 881 1227 536 1244 284 1255 256 1353 157 1295 547 1267 418 1286 289 1216 270 1220 402 1268 512
img04542.jpg 1334 892 1350 673 1260 537 1217 529 1225 711 1199 878 1234 529 1257 282 1266 254 1362 154 1311 543 1283 415 1300 285 1223 271 1225 398 1272 506
img04543.jpg 1342 892 1352 676 1265 532 1222 532 1231 712 1204 884 1239 529 1268 285 1277 256 1367 154 1327 544 1300 413 1315 285 1234 270 1228 397 1269 505
img04544.jpg 1348 891 1353 678 1269 527 1228 530 1240 710 1208 886 1246 524 1281 284 1289 258 1371 153 1345 544 1318 413 1330 284 1243 272 1230 399 1264 506
img04545.jpg 1360 891 1359 682 1279 523 1232 526 1247 709 1210 890 1253 521 1291 286 1299 260 1380 155 1369 541 1340 413 1345 286 1250 274 1230 401 1258 507
img04546.jpg 1370 897 1364 691 1288 525 1235 519 1256 710 1209 893 1259 516 1303 285 1312 262 1391 156 1394 543 1362 411 1362 288 1259 276 1229 402 1250 507
img04547.jpg 1389 903 1378 701 1306 528 1248 522 1266 711 1213 892 1271 519 1313 289 1324 266 1398 159 1423 546 1387 413 1378 292 1265 280 1233 405 1251 508
img04548.jpg 1410 908 1393 709 1327 530 1258 518 1276 714 1215 891 1287 518 1328 292 1340 267 1407 158 1451 545 1416 416 1398 293 1270 287 1234 412 1251 512
img04549.jpg 1437 916 1413 721 1347 529 1271 517 1283 719 1216 885 1305 520 1345 296 1356 265 1414 158 1480 546 1446 416 1421 296 1280 288 1239 412 1251 515
img04550.jpg 1461 918 1429 728 1366 528 1286 513 1292 722 1218 878 1323 519 1366 298 1374 267 1418 156 1509 548 1474 416 1446 299 1292 293 1245 417 1253 519
img04551.jpg 1489 921 1452 735 1393 527 1310 518 1298 722 1222 872 1350 521 1387 302 1395 268 1423 155 1531 549 1506 422 1472 299 1307 294 1258 420 1259 523
img04552.jpg 1507 922 1465 738 1415 524 1331 513 1305 717 1223 869 1373 516 1410 305 1415 269 1431 154 1552 549 1533 426 1500 302 1322 294 1269 421 1260 524
img04553.jpg 1518 926 1477 742 1435 520 1351 509 1314 711 1227 859 1393 512 1427 304 1429 271 1437 153 1572 551 1556 425 1522 304 1337 293 1283 420 1263 526
img04554.jpg 1522 929 1484 743 1455 520 1369 509 1324 705 1230 853 1410 510 1442 303 1442 269 1447 154 1586 548 1575 428 1544 303 1350 292 1296 420 1269 523
img04555.jpg 1520 929 1489 741 1472 514 1383 508 1331 695 1234 842 1426 501 1450 300 1450 268 1455 154 1596 547 1591 425 1561 300 1361 287 1312 417 1277 522
img04556.jpg 1517 925 1493 735 1488 510 1398 510 1348 689 1247 833 1440 500 1456 299 1458 267 1461 153 1604 542 1601 421 1575 299 1368 286 1323 415 1289 521
img04557.jpg 1520 922 1501 731 1498 508 1408 511 1358 687 1309 846 1450 498 1461 293 1463 267 1466 153 1606 538 1612 415 1583 296 1376 283 1336 413 1302 519
img04558.jpg 1519 915 1507 724 1513 510 1422 516 1368 686 1371 864 1467 503 1467 290 1469 267 1469 153 1606 535 1623 413 1590 293 1383 282 1346 411 1314 518
img04559.jpg 1521 910 1515 720 1529 511 1433 514 1376 679 1430 883 1485 506 1477 289 1476 268 1468 155 1605 531 1631 410 1597 292 1391 281 1356 410 1326 519
img04560.jpg 1526 909 1523 720 1543 513 1450 513 1389 676 1462 879 1501 510 1487 288 1487 269 1467 157 1607 521 1638 409 1601 291 1400 280 1367 412 1338 518
img04561.jpg 1534 915 1532 722 1555 514 1460 511 1394 674 1491 876 1512 511 1498 289 1492 272 1469 159 1610 514 1642 404 1604 292 1408 280 1377 413 1351 520
img04562.jpg 1534 919 1539 725 1568 511 1473 512 1403 674 1480 854 1524 514 1507 293 1498 273 1467 160 1612 509 1643 402 1608 290 1418 281 1389 414 1363 523
img04563.jpg 1539 926 1543 732 1569 509 1478 513 1412 675 1473 837 1526 512 1514 296 1506 273 1463 161 1614 504 1640 401 1609 293 1426 281 1400 418 1375 527
img04564.jpg 1545 931 1548 737 1571 508 1485 517 1424 684 1472 824 1528 511 1519 298 1510 275 1462 159 1617 501 1640 398 1608 295 1433 283 1412 422 1386 531
img04565.jpg 1546 928 1551 734 1574 508 1490 519 1435 695 1501 844 1531 513 1525 300 1513 274 1459 159 1616 502 1637 394 1605 294 1438 286 1421 421 1398 536
img04566.jpg 1549 924 1553 735 1573 512 1495 524 1447 705 1524 866 1536 515 1527 300 1518 274 1455 159 1607 508 1631 398 1598 297 1447 285 1432 423 1409 541
img04567.jpg 1549 922 1553 734 1577 515 1501 526 1460 715 1542 887 1542 518 1530 296 1524 273 1451 160 1600 508 1627 397 1593 296 1455 285 1440 424 1420 544
img04568.jpg 1544 918 1551 731 1584 515 1513 524 1475 724 1555 906 1552 518 1534 292 1525 272 1451 160 1587 505 1620 394 1586 289 1463 283 1452 421 1431 545
img04569.jpg 1531 913 1547 727 1592 517 1526 523 1493 730 1562 922 1562 520 1534 289 1525 272 1448 164 1570 507 1611 397 1579 287 1472 283 1463 422 1442 544
img04570.jpg 1525 914 1545 729 1597 523 1536 526 1508 736 1566 933 1573 520 1535 286 1526 270 1446 166 1549 511 1602 403 1575 286 1480 283 1474 425 1452 544
img04571.jpg 1518 913 1543 729 1606 523 1543 529 1525 742 1568 942 1577 523 1540 285 1527 269 1445 170 1536 510 1599 405 1577 282 1486 285 1483 426 1458 545
img04572.jpg 1517 916 1541 733 1607 529 1551 532 1535 746 1569 948 1582 522 1541 286 1525 270 1446 172 1522 512 1594 410 1576 283 1491 286 1494 431 1465 548
img04573.jpg 1523 918 1543 735 1607 535 1556 539 1543 752 1568 952 1585 526 1543 286 1527 270 1443 177 1514 518 1592 417 1575 286 1498 286 1501 435 1472 552
img04574.jpg 1536 919 1548 737 1607 538 1558 541 1545 755 1571 955 1587 528 1549 286 1529 270 1442 179 1513 521 1594 420 1574 286 1503 286 1506 438 1477 558
img04575.jpg 1547 920 1554 738 1609 540 1561 540 1548 757 1570 959 1589 530 1551 287 1532 271 1439 181 1517 522 1600 419 1573 284 1506 287 1512 437 1481 559
img04576.jpg 1555 920 1557 739 1609 541 1564 538 1551 755 1570 960 1593 528 1551 285 1532 272 1436 182 1520 526 1603 417 1570 282 1510 285 1516 438 1484 563
img04577.jpg 1562 916 1562 735 1610 540 1566 537 1556 757 1569 959 1595 530 1553 285 1534 272 1432 185 1527 530 1608 419 1572 278 1515 285 1518 438 1486 566
img04578.jpg 1569 913 1566 733 1615 538 1568 538 1561 757 1571 957 1599 531 1552 284 1536 274 1431 185 1538 532 1615 417 1574 278 1514 284 1520 440 1488 567
img04579.jpg 1575 915 1571 735 1619 540 1571 540 1565 755 1568 957 1603 531 1548 287 1535 277 1430 184 1543 533 1619 418 1574 277 1513 287 1520 441 1491 566
img04580.jpg 1581 916 1573 737 1621 542 1572 546 1569 755 1569 956 1605 536 1546 287 1537 281 1430 187 1544 538 1621 419 1576 281 1514 287 1521 442 1492 571
img04581.jpg 1587 920 1573 739 1621 545 1576 548 1570 758 1570 955 1605 542 1547 290 1537 280 1428 187 1548 541 1621 426 1579 280 1512 290 1521 445 1495 574
img04582.jpg 1591 924 1572 741 1623 549 1578 552 1571 757 1568 957 1607 545 1546 292 1536 282 1427 189 1549 542 1620 427 1578 282 1508 295 1523 446 1498 578
img04583.jpg 1596 928 1572 743 1626 552 1580 552 1574 760 1568 959 1609 545 1545 295 1536 282 1424 192 1548 546 1619 433 1577 282 1507 298 1523 449 1500 584
img04584.jpg 1597 927 1572 741 1629 551 1581 554 1578 764 1569 961 1610 548 1547 294 1537 281 1423 195 1549 552 1617 433 1575 281 1506 297 1525 449 1502 589
img04585.jpg 1596 929 1570 742 1630 551 1582 555 1582 763 1567 962 1611 548 1548 296 1535 280 1422 198 1554 556 1617 438 1573 280 1504 302 1523 454 1504 592
img04586.jpg 1596 929 1572 747 1635 554 1582 557 1588 763 1566 963 1613 551 1547 296 1535 280 1420 202 1558 558 1621 437 1569 280 1504 305 1523 452 1504 592
img04587.jpg 1600 928 1578 748 1641 551 1585 558 1591 766 1569 963 1616 548 1547 297 1535 284 1417 203 1581 564 1637 436 1569 284 1504 306 1519 455 1507 592
img04588.jpg 1596 927 1580 751 1642 550 1590 556 1593 763 1568 962 1618 550 1550 296 1534 284 1417 203 1609 563 1654 425 1568 287 1503 309 1519 457 1506 590
img04589.jpg 1599 927 1585 754 1648 546 1592 552 1595 763 1567 958 1620 549 1549 299 1530 286 1413 206 1636 562 1672 415 1567 289 1502 314 1521 460 1505 593
img04590.jpg 1600 923 1592 756 1658 539 1596 551 1596 763 1568 956 1624 548 1547 299 1529 290 1409 210 1658 561 1688 405 1568 293 1501 318 1522 462 1507 594
img04591.jpg 1600 922 1599 753 1665 522 1603 544 1596 761 1568 956 1631 538 1544 302 1525 296 1404 212 1677 559 1700 392 1565 296 1500 318 1525 463 1506 597
img04592.jpg 1599 919 1605 757 1670 514 1608 539 1596 760 1568 956 1636 533 1541 305 1523 299 1400 219 1674 560 1702 385 1559 299 1498 324 1526 465 1504 600
img04593.jpg 1605 918 1611 756 1679 507 1611 537 1596 761 1568 955 1639 528 1538 310 1519 307 1396 227 1656 566 1699 384 1556 300 1495 328 1525 470 1504 605
img04594.jpg 1603 919 1609 756 1682 502 1618 535 1592 762 1570 955 1646 523 1534 314 1516 314 1392 236 1636 573 1694 386 1552 305 1489 335 1522 477 1501 607
img04595.jpg 1604 920 1606 754 1684 502 1627 535 1586 762 1567 953 1651 520 1529 323 1511 323 1386 245 1615 582 1690 392 1547 314 1484 344 1517 487 1496 615
img04596.jpg 1607 918 1601 753 1688 516 1630 545 1578 764 1569 952 1656 528 1526 333 1505 333 1380 260 1584 593 1685 405 1546 324 1479 353 1511 498 1491 626
img04597.jpg 1607 917 1596 743 1693 521 1633 552 1571 763 1567 952 1659 535 1522 343 1499 346 1375 274 1556 602 1679 417 1544 331 1481 358 1507 512 1484 638
img04598.jpg 1606 918 1593 743 1697 531 1635 562 1559 760 1567 952 1663 546 1516 357 1494 359 1367 289 1533 615 1673 430 1539 345 1479 365 1502 526 1474 653
img04599.jpg 1604 924 1588 751 1697 548 1633 576 1549 758 1565 953 1663 560 1512 373 1490 375 1362 303 1552 621 1668 450 1538 361 1482 373 1496 540 1465 668
img04600.jpg 1607 930 1589 762 1699 567 1625 591 1540 758 1567 953 1663 578 1512 388 1485 391 1359 320 1570 628 1660 467 1535 375 1485 380 1488 558 1455 684
img04601.jpg 1612 936 1591 777 1701 582 1628 601 1532 757 1566 953 1663 593 1508 405 1481 407 1357 337 1591 642 1652 484 1529 391 1486 394 1481 579 1446 700
img04602.jpg 1615 940 1589 801 1698 604 1629 615 1522 755 1566 955 1664 610 1504 423 1478 423 1354 357 1607 661 1646 505 1527 410 1483 410 1473 597 1436 717
img04603.jpg 1619 938 1587 819 1695 623 1628 630 1513 757 1565 955 1665 628 1501 440 1472 440 1351 378 1616 679 1638 528 1526 427 1482 427 1462 615 1426 736
img04604.jpg 1626 928 1590 835 1697 638 1628 647 1507 760 1564 956 1665 647 1495 454 1467 454 1346 402 1578 706 1629 545 1519 444 1482 442 1451 631 1418 754
img04605.jpg 1622 919 1586 850 1693 653 1630 664 1499 762 1560 954 1666 660 1487 471 1463 471 1342 422 1533 727 1620 564 1514 461 1477 459 1445 646 1410 769
img04606.jpg 1614 914 1583 859 1689 661 1621 682 1491 768 1559 957 1666 668 1484 486 1460 486 1339 441 1495 741 1614 581 1515 477 1477 474 1435 664 1401 784
img04607.jpg 1609 915 1586 855 1691 657 1619 698 1483 773 1554 952 1666 664 1480 501 1457 501 1338 457 1467 744 1608 590 1506 494 1473 489 1428 680 1394 798
img04608.jpg 1604 920 1589 851 1693 652 1621 708 1475 776 1557 956 1662 674 1475 515 1453 515 1336 470 1489 738 1606 598 1500 508 1468 503 1424 695 1389 811
img04609.jpg 1598 928 1589 843 1693 644 1623 718 1467 784 1555 955 1657 682 1472 528 1450 528 1336 481 1478 734 1603 606 1495 521 1463 517 1422 711 1382 822
img04610.jpg 1601 940 1595 837 1698 637 1626 725 1459 791 1557 960 1653 694 1468 541 1449 541 1336 492 1480 730 1605 611 1496 534 1462 527 1419 723 1377 835
img04611.jpg 1595 968 1588 853 1691 653 1624 738 1446 803 1546 962 1648 711 1464 552 1447 550 1336 497 1478 723 1602 613 1484 545 1457 539 1411 731 1371 847
img04612.jpg 1587 996 1576 883 1677 683 1616 748 1436 814 1541 968 1640 743 1461 561 1446 559 1336 503 1485 731 1586 633 1483 554 1456 548 1413 738 1383 854
img04613.jpg 1583 1023 1566 914 1667 713 1613 761 1433 827 1535 967 1636 755 1460 571 1447 567 1340 509 1452 745 1571 653 1482 564 1455 556 1423 738 1410 855
img04614.jpg 1579 1053 1554 948 1655 747 1574 763 1395 827 1496 959 1633 769 1458 579 1448 572 1342 511 1459 752 1559 673 1491 572 1454 566 1417 734 1411 853
img04615.jpg 1573 1081 1541 981 1640 779 1533 768 1354 830 1454 953 1628 783 1458 585 1446 577 1342 515 1460 762 1538 691 1485 579 1452 577 1418 729 1419 848
img04616.jpg 1542 1078 1504 983 1603 780 1502 763 1324 824 1421 936 1591 781 1457 591 1446 583 1342 521 1441 761 1501 708 1486 585 1446 591 1426 724 1432 844
img04617.jpg 1514 1069 1470 979 1568 777 1470 759 1292 819 1388 924 1554 777 1458 597 1444 587 1341 525 1411 748 1477 708 1486 589 1441 602 1422 718 1424 841
img04618.jpg 1517 1073 1467 990 1565 787 1432 753 1255 811 1350 912 1518 773 1456 601 1442 592 1339 530 1400 749 1468 712 1483 594 1441 609 1410 715 1398 841
img04619.jpg 1523 1074 1469 997 1566 793 1467 768 1290 825 1385 923 1517 780 1455 605 1442 597 1338 535 1389 749 1456 712 1474 595 1442 612 1432 714 1437 839
img04620.jpg 1527 1072 1470 1001 1566 797 1506 779 1329 835 1413 938 1519 781 1453 608 1442 600 1339 539 1383 747 1450 713 1473 597 1436 620 1440 720 1459 846
img04621.jpg 1567 1065 1506 1001 1601 796 1505 781 1329 835 1388 945 1552 794 1454 612 1441 604 1338 542 1407 760 1467 716 1474 598 1443 613 1429 712 1425 830
img04622.jpg 1605 1075 1542 1017 1636 813 1543 797 1368 850 1392 960 1589 808 1452 615 1440 607 1338 546 1424 774 1479 722 1473 601 1448 611 1429 715 1417 834
img04623.jpg 1607 1069 1542 1018 1636 813 1583 811 1408 863 1391 960 1624 823 1452 616 1439 611 1336 549 1417 768 1473 718 1471 599 1448 612 1425 732 1411 852
img04624.jpg 1610 1060 1543 1015 1637 810 1583 806 1409 856 1355 948 1625 819 1452 619 1439 612 1336 550 1411 764 1467 717 1471 602 1450 614 1406 748 1369 873
img04625.jpg 1612 1054 1545 1016 1637 810 1543 793 1370 842 1328 929 1624 821 1452 620 1439 612 1337 551 1411 761 1466 714 1470 602 1451 614 1366 746 1291 860
img04626.jpg 1612 1063 1545 1031 1636 825 1583 805 1410 853 1352 924 1625 825 1451 619 1438 613 1336 551 1404 755 1459 710 1467 601 1444 622 1373 768 1312 894
img04627.jpg 1613 1055 1546 1029 1637 823 1583 803 1411 850 1348 911 1626 823 1453 618 1440 612 1338 550 1404 747 1458 705 1469 600 1442 621 1374 767 1314 895
img04628.jpg 1610 1049 1545 1029 1635 822 1579 781 1407 826 1345 889 1625 822 1454 616 1442 608 1341 547 1409 748 1460 704 1470 600 1443 620 1375 765 1310 893
img04629.jpg 1608 1044 1544 1030 1634 823 1578 785 1407 829 1344 886 1624 823 1453 613 1442 607 1340 546 1415 748 1462 701 1467 595 1442 617 1376 751 1306 880
img04630.jpg 1607 1033 1545 1024 1634 816 1616 794 1445 837 1396 892 1622 819 1455 609 1443 603 1341 542 1422 752 1466 703 1471 596 1449 607 1407 753 1350 896
img04631.jpg 1608 1021 1548 1016 1636 808 1610 791 1440 832 1440 903 1622 813 1456 606 1443 600 1342 539 1428 755 1471 704 1474 594 1448 606 1410 747 1350 887
img04632.jpg 1607 1008 1549 1008 1637 799 1610 781 1441 822 1490 908 1620 803 1455 599 1443 595 1338 536 1431 763 1471 704 1467 590 1449 599 1406 755 1347 890
img04633.jpg 1609 993 1554 997 1641 788 1612 795 1444 834 1540 939 1618 795 1456 591 1444 589 1336 533 1435 766 1476 703 1469 586 1448 591 1406 750 1352 881
img04634.jpg 1609 980 1558 987 1644 778 1611 787 1443 825 1581 951 1619 785 1459 585 1444 581 1332 529 1435 767 1479 699 1471 579 1440 591 1405 754 1355 881
img04635.jpg 1609 966 1561 976 1646 767 1609 780 1442 816 1572 957 1621 773 1460 577 1445 575 1330 524 1432 763 1481 690 1472 568 1435 590 1403 753 1357 872
img04636.jpg 1608 956 1563 967 1648 757 1612 768 1445 803 1569 955 1620 759 1460 567 1447 563 1330 516 1429 760 1482 683 1473 559 1443 571 1403 749 1358 861
img04637.jpg 1610 950 1566 954 1650 744 1607 759 1443 798 1563 961 1622 748 1463 558 1448 553 1332 508 1430 754 1488 674 1480 547 1444 561 1407 736 1358 849
img04638.jpg 1610 946 1568 941 1651 731 1603 748 1445 792 1560 964 1625 738 1464 547 1447 545 1332 496 1429 749 1494 665 1487 536 1445 550 1412 722 1360 837
img04639.jpg 1609 942 1574 927 1656 717 1602 737 1450 784 1555 960 1629 723 1466 534 1448 534 1334 482 1433 746 1501 658 1493 527 1455 531 1417 710 1363 826
img04640.jpg 1608 939 1578 913 1659 702 1600 723 1454 780 1556 959 1632 707 1468 520 1450 520 1334 470 1433 742 1505 649 1496 516 1461 511 1423 688 1364 814
img04641.jpg 1608 935 1583 897 1663 686 1595 711 1460 778 1558 958 1636 695 1471 506 1451 508 1334 458 1435 736 1512 639 1501 503 1464 497 1426 672 1366 800
img04642.jpg 1608 928 1589 883 1669 671 1596 697 1467 772 1559 960 1638 680 1474 493 1453 496 1334 444 1436 730 1517 628 1505 491 1465 484 1425 659 1369 788
img04643.jpg 1610 925 1593 870 1672 658 1599 681 1473 768 1558 956 1639 665 1478 482 1453 482 1335 432 1434 721 1520 617 1508 477 1465 470 1425 646 1373 774
img04644.jpg 1612 915 1593 849 1671 637 1604 664 1481 764 1561 957 1639 649 1481 469 1456 467 1335 420 1430 711 1522 605 1508 461 1458 459 1425 632 1376 759
img04645.jpg 1613 915 1591 835 1669 622 1608 647 1490 760 1563 957 1637 637 1483 456 1455 454 1335 407 1427 699 1525 595 1507 448 1460 444 1424 621 1382 745
img04646.jpg 1616 911 1592 818 1669 605 1614 627 1499 759 1561 956 1636 617 1484 443 1457 440 1335 393 1426 689 1526 584 1504 435 1459 431 1427 603 1387 732
img04647.jpg 1619 913 1593 806 1669 593 1616 615 1508 758 1558 951 1636 603 1486 430 1455 427 1335 379 1422 676 1525 573 1503 422 1460 417 1430 588 1392 718
img04648.jpg 1616 909 1587 788 1662 575 1617 600 1520 757 1558 951 1637 582 1486 416 1458 413 1335 364 1419 662 1523 561 1502 408 1463 403 1432 576 1396 702
img04649.jpg 1614 914 1590 775 1664 561 1618 590 1527 756 1561 954 1639 569 1488 403 1459 400 1338 348 1426 650 1527 549 1507 395 1473 384 1436 562 1400 688
img04650.jpg 1615 915 1590 763 1664 548 1619 581 1539 755 1560 953 1640 554 1493 390 1464 388 1338 334 1435 640 1531 537 1518 382 1474 371 1436 554 1402 674
img04651.jpg 1609 918 1590 756 1657 541 1622 574 1550 752 1563 952 1641 546 1497 379 1469 374 1341 318 1440 626 1536 527 1525 368 1474 360 1440 543 1405 663
img04652.jpg 1604 916 1588 747 1657 532 1621 566 1559 752 1564 953 1643 540 1502 367 1477 362 1346 302 1452 616 1543 519 1530 356 1468 356 1442 531 1409 651
img04653.jpg 1604 919 1589 743 1661 528 1621 565 1565 752 1565 956 1641 537 1508 355 1483 350 1352 287 1463 610 1544 511 1533 347 1471 347 1446 519 1412 641
img04654.jpg 1603 919 1585 741 1657 525 1620 559 1575 754 1566 954 1637 531 1512 345 1486 339 1358 277 1466 602 1538 504 1535 337 1469 339 1449 508 1415 634
img04655.jpg 1604 918 1583 740 1656 522 1621 556 1578 754 1567 956 1639 531 1512 338 1489 329 1366 263 1469 593 1532 501 1532 327 1466 338 1455 496 1418 625
img04656.jpg 1606 916 1578 739 1655 518 1621 552 1583 758 1566 954 1635 527 1517 330 1494 321 1373 252 1474 586 1526 497 1534 318 1468 333 1459 486 1422 616
img04657.jpg 1606 917 1581 738 1653 511 1618 549 1589 760 1568 952 1630 520 1519 324 1496 312 1379 242 1483 580 1528 492 1536 312 1478 322 1464 479 1426 607
img04658.jpg 1608 919 1588 740 1653 505 1614 545 1593 763 1569 952 1629 521 1521 320 1501 305 1384 233 1495 572 1539 482 1539 305 1477 320 1471 469 1429 598
img04659.jpg 1609 917 1596 747 1652 503 1612 540 1597 765 1566 950 1624 522 1524 315 1506 300 1390 224 1506 563 1553 470 1545 300 1479 318 1479 461 1433 591
img04660.jpg 1608 917 1607 750 1654 498 1608 535 1602 767 1568 947 1620 517 1529 309 1510 294 1394 217 1516 556 1566 450 1550 294 1483 312 1483 458 1437 587
img04661.jpg 1606 918 1616 750 1655 494 1603 534 1603 764 1569 948 1618 516 1533 308 1514 292 1398 210 1520 550 1579 431 1557 292 1487 311 1487 457 1441 580
img04662.jpg 1605 920 1619 752 1652 494 1602 532 1602 762 1569 950 1618 516 1535 304 1519 288 1402 202 1514 541 1584 417 1563 288 1489 307 1495 454 1442 578
img04663.jpg 1603 919 1622 752 1649 497 1603 528 1603 759 1569 949 1615 516 1539 301 1523 285 1410 196 1507 533 1586 407 1566 285 1493 304 1502 451 1447 574
img04664.jpg 1602 920 1620 748 1645 502 1599 529 1599 756 1572 950 1614 517 1544 299 1526 284 1412 191 1499 526 1585 402 1569 284 1498 302 1507 449 1449 569
img04665.jpg 1602 923 1620 746 1643 509 1595 531 1595 753 1571 955 1614 521 1549 298 1530 283 1417 185 1491 521 1584 402 1571 283 1501 298 1517 442 1451 562
img04666.jpg 1604 923 1619 743 1639 516 1594 528 1594 756 1570 955 1614 525 1551 295 1532 279 1421 184 1490 517 1584 405 1573 282 1503 298 1525 437 1453 557
img04667.jpg 1605 922 1616 740 1634 521 1592 530 1592 754 1567 956 1612 527 1551 294 1532 278 1423 178 1490 517 1585 408 1573 284 1506 300 1528 434 1455 549
img04668.jpg 1608 920 1614 738 1630 522 1592 531 1592 755 1567 954 1611 525 1551 295 1531 276 1426 173 1493 518 1589 410 1576 285 1509 301 1531 432 1454 544
img04669.jpg 1608 919 1612 737 1625 526 1589 535 1592 753 1567 953 1609 526 1551 295 1535 272 1432 166 1492 516 1589 410 1576 285 1509 304 1535 432 1458 538
img04670.jpg 1609 915 1609 735 1622 526 1590 535 1593 754 1568 948 1606 523 1552 294 1536 269 1441 161 1496 515 1594 411 1580 285 1514 304 1536 431 1456 535
img04671.jpg 1606 914 1606 737 1619 527 1588 536 1591 753 1568 947 1603 524 1553 295 1537 266 1447 155 1497 515 1596 411 1581 282 1518 301 1537 431 1457 533
img04672.jpg 1607 915 1607 737 1617 526 1588 536 1591 752 1569 944 1601 523 1556 294 1540 265 1454 150 1490 510 1594 412 1582 278 1521 297 1540 430 1454 533
img04673.jpg 1606 915 1603 735 1616 524 1584 534 1590 751 1571 943 1597 524 1558 290 1546 265 1459 146 1485 506 1593 413 1584 274 1523 297 1542 431 1453 530
img04674.jpg 1607 917 1600 733 1620 519 1587 529 1591 749 1571 943 1600 519 1558 290 1549 265 1465 142 1485 505 1595 415 1587 274 1526 294 1546 429 1449 529
img04675.jpg 1607 919 1597 730 1617 519 1584 529 1591 746 1571 942 1597 522 1562 291 1552 265 1468 138 1478 502 1592 417 1588 275 1526 294 1549 431 1448 525
img04676.jpg 1609 923 1596 729 1612 518 1582 528 1592 745 1569 943 1596 522 1563 291 1556 265 1471 133 1473 495 1590 415 1589 275 1527 294 1553 430 1444 522
img04677.jpg 1609 924 1592 729 1608 521 1579 527 1592 745 1572 944 1596 524 1566 292 1559 262 1473 130 1475 491 1593 413 1592 275 1526 295 1556 428 1443 517
img04678.jpg 1607 926 1591 727 1597 524 1581 528 1591 743 1571 946 1594 524 1568 292 1558 259 1478 129 1469 488 1589 414 1588 278 1528 292 1558 428 1441 514
img04679.jpg 1603 926 1590 727 1590 528 1576 528 1590 744 1570 946 1590 528 1570 292 1557 258 1480 129 1464 484 1586 413 1587 278 1530 292 1557 428 1443 511
img04680.jpg 1604 926 1591 729 1584 529 1577 529 1587 745 1567 948 1587 529 1567 292 1557 258 1481 128 1460 483 1583 415 1584 278 1531 292 1554 428 1444 512
img04681.jpg 1599 921 1589 726 1582 530 1579 530 1586 746 1569 949 1586 526 1569 290 1556 257 1482 130 1456 482 1581 418 1582 280 1536 290 1552 430 1446 510
img04682.jpg 1594 915 1587 724 1581 528 1577 528 1584 744 1567 950 1587 525 1567 289 1557 255 1488 129 1451 484 1578 422 1581 282 1538 292 1551 428 1448 508
img04683.jpg 1594 914 1587 726 1581 527 1577 527 1584 746 1567 950 1587 523 1567 290 1557 256 1491 127 1453 484 1580 424 1581 283 1541 293 1550 426 1447 506
img04684.jpg 1599 914 1585 729 1575 525 1578 525 1582 746 1565 952 1585 522 1569 289 1558 255 1492 125 1457 482 1576 425 1582 282 1542 292 1552 425 1445 505
img04685.jpg 1599 913 1585 731 1575 524 1575 524 1582 745 1566 952 1585 521 1569 287 1559 254 1496 123 1466 483 1574 427 1582 281 1546 291 1552 425 1444 504
img04686.jpg 1604 916 1585 733 1571 520 1575 524 1581 743 1565 953 1585 524 1571 288 1561 255 1499 118 1472 482 1571 427 1585 278 1545 291 1555 422 1441 504
img04687.jpg 1606 918 1584 733 1567 520 1574 523 1580 744 1564 951 1580 523 1571 290 1561 257 1499 118 1476 484 1565 429 1581 277 1548 290 1558 423 1438 504
img04688.jpg 1606 920 1584 733 1567 524 1574 527 1580 743 1564 953 1580 524 1570 288 1564 259 1498 118 1479 486 1558 430 1580 275 1551 288 1557 426 1440 504
img04689.jpg 1606 919 1584 733 1568 522 1574 529 1581 743 1564 951 1581 522 1571 288 1564 259 1499 119 1475 489 1555 432 1577 278 1555 288 1558 428 1441 502
img04690.jpg 1606 920 1580 730 1563 523 1576 529 1580 743 1563 949 1580 519 1573 286 1563 260 1501 119 1467 487 1550 432 1576 280 1557 286 1560 427 1442 500
img04691.jpg 1605 919 1579 727 1562 523 1576 530 1579 744 1562 948 1575 516 1572 288 1562 262 1503 120 1463 489 1545 432 1569 282 1559 288 1559 430 1443 500
img04692.jpg 1608 920 1578 727 1562 524 1578 531 1578 747 1562 950 1572 517 1575 287 1562 261 1505 121 1460 489 1543 432 1568 284 1562 287 1558 434 1445 500
img04693.jpg 1610 919 1577 724 1557 522 1577 529 1577 744 1561 948 1571 519 1574 291 1561 261 1508 119 1455 486 1540 430 1567 284 1561 288 1561 433 1445 499
img04694.jpg 1609 919 1576 720 1556 527 1579 530 1579 743 1563 949 1569 524 1573 291 1563 264 1509 118 1454 487 1538 429 1566 284 1563 288 1563 434 1443 500
img04695.jpg 1608 918 1575 718 1555 529 1581 532 1581 745 1565 951 1568 529 1572 293 1565 263 1511 120 1453 488 1536 429 1565 286 1565 289 1565 436 1442 502
img04696.jpg 1606 916 1574 718 1553 529 1583 532 1583 744 1567 949 1570 529 1570 291 1567 261 1514 122 1454 487 1536 430 1567 288 1567 288 1567 436 1441 503
img04697.jpg 1605 915 1572 717 1552 530 1585 533 1585 740 1569 948 1572 530 1569 292 1566 263 1513 121 1451 486 1536 432 1566 289 1569 289 1569 437 1440 503
img04698.jpg 1604 915 1571 717 1554 527 1587 530 1587 741 1571 947 1574 527 1571 293 1564 264 1515 122 1453 487 1538 433 1568 290 1571 290 1571 438 1439 504
img04699.jpg 1604 915 1571 718 1554 525 1587 531 1587 741 1571 947 1574 525 1571 295 1561 263 1518 122 1454 485 1541 436 1564 292 1571 292 1571 436 1439 505
img04700.jpg 1606 913 1570 720 1557 520 1586 527 1586 740 1570 946 1573 520 1570 298 1560 262 1515 121 1453 484 1542 437 1564 291 1570 291 1570 435 1442 504
img04701.jpg 1607 913 1571 721 1558 523 1588 526 1584 737 1568 946 1571 523 1571 298 1558 262 1513 119 1451 484 1543 438 1562 292 1571 292 1571 435 1444 503
img04702.jpg 1608 914 1572 722 1559 521 1588 527 1585 739 1568 946 1572 521 1572 297 1559 261 1513 121 1452 482 1543 437 1562 290 1568 290 1572 433 1445 502
img04703.jpg 1608 915 1572 724 1559 521 1589 531 1585 741 1569 947 1569 524 1572 295 1559 260 1508 121 1453 482 1540 438 1563 292 1566 295 1572 431 1446 502
img04704.jpg 1610 914 1574 726 1561 522 1587 529 1584 742 1568 946 1571 522 1571 297 1558 261 1500 122 1452 484 1537 437 1565 290 1565 293 1571 432 1445 500
img04705.jpg 1608 915 1575 725 1563 524 1589 533 1585 742 1569 947 1572 524 1572 296 1556 263 1494 123 1453 487 1536 439 1566 293 1562 296 1569 433 1442 501
img04706.jpg 1609 916 1576 727 1567 524 1586 534 1586 743 1570 949 1580 521 1570 296 1553 264 1482 130 1454 490 1536 440 1567 293 1557 299 1563 436 1439 502
img04707.jpg 1611 916 1579 727 1572 528 1582 538 1585 744 1569 947 1582 525 1569 299 1552 267 1471 136 1454 491 1538 441 1572 293 1552 303 1559 437 1438 502
img04708.jpg 1612 915 1582 728 1582 534 1586 538 1586 745 1569 947 1589 525 1566 300 1549 271 1460 145 1453 493 1544 439 1572 290 1549 300 1553 442 1434 505
img04709.jpg 1609 917 1583 729 1593 537 1590 541 1587 746 1570 948 1593 528 1567 299 1547 273 1447 157 1454 497 1550 439 1573 289 1543 302 1547 445 1434 508
img04710.jpg 1612 918 1589 731 1606 541 1592 541 1586 745 1569 950 1599 528 1566 301 1543 278 1437 166 1454 502 1556 438 1573 287 1540 300 1543 445 1434 512
img04711.jpg 1613 911 1594 726 1617 535 1597 541 1587 746 1568 949 1607 525 1562 302 1539 283 1428 175 1455 507 1563 437 1571 286 1532 302 1542 446 1431 518
img04712.jpg 1612 913 1595 730 1625 537 1609 537 1590 746 1568 949 1615 524 1558 302 1532 286 1417 182 1451 513 1565 438 1568 286 1526 305 1538 450 1429 524
img04713.jpg 1612 915 1608 718 1641 523 1612 535 1590 744 1568 948 1622 516 1556 303 1527 287 1407 189 1445 518 1566 440 1565 287 1518 309 1536 452 1429 528
img04714.jpg 1613 915 1613 709 1647 512 1616 530 1591 742 1569 947 1625 511 1548 306 1523 293 1401 196 1435 525 1563 443 1560 290 1510 314 1535 455 1426 533
img04715.jpg 1610 916 1616 702 1649 505 1619 529 1594 743 1570 945 1631 511 1539 309 1518 297 1393 208 1424 530 1563 443 1555 291 1500 321 1533 459 1423 538
img04716.jpg 1608 925 1619 701 1653 505 1623 526 1596 742 1571 946 1629 514 1535 313 1514 304 1386 216 1419 538 1565 444 1550 295 1495 322 1529 462 1422 544
img04717.jpg 1608 923 1625 691 1659 496 1623 523 1595 742 1571 948 1632 511 1526 319 1508 310 1377 228 1423 547 1568 444 1544 301 1492 325 1523 468 1420 550
img04718.jpg 1607 922 1616 696 1651 501 1622 522 1594 745 1570 949 1631 516 1516 323 1501 317 1369 239 1428 556 1572 445 1537 308 1489 326 1516 474 1417 558
img04719.jpg 1606 920 1624 691 1660 496 1624 520 1594 747 1570 947 1636 511 1511 329 1496 323 1361 248 1447 563 1581 444 1535 314 1484 329 1511 481 1415 568
img04720.jpg 1606 919 1629 683 1665 489 1624 518 1594 747 1570 949 1636 512 1505 331 1487 328 1354 257 1462 572 1584 450 1532 322 1484 331 1502 492 1410 577
img04721.jpg 1606 917 1631 678 1667 484 1623 521 1592 751 1571 948 1638 515 1498 338 1478 335 1348 268 1466 578 1579 460 1528 329 1481 335 1496 498 1409 585
img04722.jpg 1605 916 1633 674 1670 481 1625 526 1591 754 1571 947 1639 513 1494 345 1472 345 1341 276 1464 586 1572 475 1523 336 1480 336 1491 504 1406 597
img04723.jpg 1605 918 1640 673 1677 481 1627 534 1588 754 1569 948 1644 515 1491 353 1466 353 1336 287 1458 594 1562 492 1516 342 1477 342 1485 512 1402 609
img04724.jpg 1605 919 1638 680 1675 488 1629 542 1584 756 1567 948 1645 527 1489 362 1459 362 1330 299 1441 604 1546 512 1513 354 1478 348 1478 521 1400 618
img04725.jpg 1605 919 1640 694 1678 502 1633 550 1576 760 1566 946 1652 532 1484 372 1456 372 1325 311 1435 611 1535 524 1508 361 1474 356 1474 529 1398 628
img04726.jpg 1603 920 1644 707 1682 516 1636 557 1572 758 1564 945 1657 537 1480 380 1452 383 1321 326 1432 618 1514 542 1505 370 1472 364 1469 539 1395 642
img04727.jpg 1604 921 1648 719 1686 529 1639 567 1564 755 1564 946 1661 551 1476 389 1448 393 1320 340 1435 624 1495 556 1503 378 1468 376 1466 550 1391 654
img04728.jpg 1605 918 1649 732 1688 542 1639 575 1558 755 1563 947 1664 562 1471 400 1444 404 1318 357 1441 633 1481 569 1504 389 1466 384 1462 563 1390 665
img04729.jpg 1603 914 1651 745 1690 556 1639 583 1552 753 1562 950 1664 571 1464 410 1442 415 1316 371 1447 641 1465 582 1498 398 1462 395 1457 574 1387 680
img04730.jpg 1602 909 1651 755 1690 566 1640 595 1545 753 1561 954 1662 583 1460 422 1439 427 1317 386 1443 649 1447 598 1497 408 1460 405 1451 588 1384 695
img04731.jpg 1599 908 1649 765 1689 577 1640 605 1534 753 1560 955 1661 593 1459 434 1438 436 1316 398 1442 664 1445 611 1492 422 1457 415 1445 603 1382 708
img04732.jpg 1598 903 1646 773 1686 585 1638 613 1526 756 1560 954 1654 602 1456 445 1435 445 1316 410 1435 680 1444 621 1489 433 1454 426 1438 617 1380 721
img04733.jpg 1594 899 1640 761 1680 574 1638 622 1517 759 1559 954 1649 592 1452 456 1434 456 1315 423 1429 694 1444 631 1485 443 1452 438 1432 628 1376 736
img04734.jpg 1593 901 1635 774 1676 587 1634 632 1508 760 1558 950 1645 605 1451 467 1431 467 1316 436 1425 708 1445 640 1484 454 1451 450 1426 643 1374 749
img04735.jpg 1594 904 1633 785 1674 599 1628 641 1498 761 1561 953 1639 616 1450 476 1430 476 1315 448 1411 728 1447 651 1476 468 1448 461 1422 654 1372 761
img04736.jpg 1595 904 1631 798 1673 612 1625 655 1489 764 1564 956 1638 630 1448 487 1428 487 1315 459 1406 736 1449 659 1474 479 1448 474 1417 666 1367 775
img04737.jpg 1591 904 1627 813 1669 629 1619 669 1483 765 1564 958 1639 644 1448 496 1430 496 1314 470 1404 744 1449 668 1472 490 1450 483 1415 678 1365 785
img04738.jpg 1590 905 1627 849 1670 665 1611 683 1474 765 1562 959 1637 676 1448 506 1430 504 1315 478 1402 752 1449 677 1467 500 1450 493 1413 689 1363 796
img04739.jpg 1592 910 1623 861 1666 677 1606 697 1468 768 1559 964 1636 686 1447 516 1430 514 1314 487 1382 766 1447 687 1460 512 1451 501 1411 699 1361 806
img04740.jpg 1595 913 1621 871 1664 688 1604 710 1465 770 1549 964 1639 695 1445 527 1428 525 1314 491 1379 772 1450 692 1461 521 1452 512 1409 710 1357 817
img04741.jpg 1609 902 1619 861 1662 679 1596 721 1460 773 1538 965 1628 707 1446 536 1429 534 1314 499 1383 780 1465 692 1467 524 1445 528 1410 704 1356 826
img04742.jpg 1613 908 1599 876 1643 694 1582 730 1448 774 1522 966 1620 722 1445 545 1426 545 1314 506 1355 774 1455 694 1464 533 1443 537 1410 697 1353 836
img04743.jpg 1618 917 1597 886 1641 704 1587 743 1453 781 1526 970 1618 732 1445 554 1427 553 1314 514 1340 777 1455 699 1462 543 1443 547 1408 706 1352 845
img04744.jpg 1620 918 1598 895 1642 714 1589 752 1456 787 1531 972 1618 744 1444 561 1426 561 1315 518 1340 771 1457 701 1461 548 1442 557 1405 713 1348 853
img04745.jpg 1617 921 1594 907 1639 727 1590 761 1461 793 1541 974 1614 756 1443 567 1425 567 1314 525 1336 765 1456 704 1460 555 1443 563 1403 720 1346 860
img04746.jpg 1604 939 1590 936 1635 757 1596 769 1466 802 1551 975 1619 765 1441 573 1425 571 1314 529 1317 758 1440 708 1449 563 1449 563 1397 739 1344 866
img04747.jpg 1602 943 1606 942 1651 763 1608 779 1477 813 1568 977 1626 769 1442 581 1426 577 1315 531 1334 762 1455 713 1454 569 1450 569 1392 761 1343 872
img04748.jpg 1599 947 1602 950 1648 772 1609 783 1476 818 1572 975 1626 778 1442 585 1424 584 1314 532 1333 754 1454 712 1452 572 1448 574 1391 766 1340 876
img04749.jpg 1593 948 1597 955 1643 778 1612 785 1478 821 1574 974 1627 782 1442 591 1424 589 1316 538 1338 749 1459 716 1456 579 1446 579 1393 769 1342 879
img04750.jpg 1589 929 1594 939 1640 762 1609 772 1473 808 1572 972 1626 788 1443 594 1427 592 1318 539 1354 747 1472 714 1460 582 1439 590 1397 759 1349 873
img04751.jpg 1585 930 1590 944 1636 767 1615 777 1478 814 1573 973 1625 793 1442 598 1424 598 1318 539 1372 749 1473 715 1459 586 1437 594 1400 753 1349 866
img04752.jpg 1593 910 1598 928 1645 751 1578 768 1440 806 1573 972 1624 796 1439 600 1423 600 1318 539 1384 750 1468 715 1452 588 1437 598 1404 741 1349 857
img04753.jpg 1591 909 1595 930 1643 754 1539 762 1399 800 1569 972 1622 799 1438 602 1423 600 1318 538 1404 752 1471 717 1454 590 1430 607 1408 731 1359 854
img04754.jpg 1591 884 1595 908 1642 733 1540 765 1399 805 1570 973 1619 802 1439 602 1423 600 1318 537 1418 752 1478 713 1450 589 1432 610 1406 731 1354 859
img04755.jpg 1603 882 1604 910 1652 736 1546 785 1404 825 1569 974 1620 802 1438 605 1421 601 1316 538 1420 752 1465 715 1444 590 1440 605 1402 745 1341 875
img04756.jpg 1604 881 1604 912 1652 738 1544 785 1401 826 1569 973 1620 804 1440 605 1423 600 1316 542 1419 751 1466 718 1446 588 1438 607 1398 757 1337 893
img04757.jpg 1594 897 1591 932 1640 758 1587 798 1441 840 1570 974 1619 806 1441 606 1422 601 1315 546 1416 748 1465 715 1447 588 1433 616 1399 758 1342 902
img04758.jpg 1599 877 1593 915 1642 742 1628 806 1482 848 1570 975 1619 806 1441 607 1422 603 1315 549 1415 748 1469 712 1444 588 1440 609 1399 759 1333 906
img04759.jpg 1603 879 1594 919 1643 747 1624 793 1476 836 1569 975 1618 808 1439 608 1420 602 1314 551 1412 750 1456 712 1445 587 1432 616 1401 747 1345 903
img04760.jpg 1594 898 1581 940 1630 768 1622 795 1473 839 1569 976 1617 808 1438 607 1421 603 1313 552 1409 750 1457 712 1448 586 1425 622 1400 748 1347 911
img04761.jpg 1596 893 1593 917 1642 746 1621 795 1471 840 1568 977 1618 806 1436 608 1419 604 1311 549 1410 752 1456 711 1446 587 1427 621 1402 736 1346 904
img04762.jpg 1598 889 1592 916 1642 746 1621 795 1469 841 1568 977 1618 806 1436 608 1419 604 1310 547 1408 753 1457 708 1460 587 1432 613 1401 736 1339 908
img04763.jpg 1600 898 1592 927 1642 757 1619 791 1466 838 1567 976 1620 801 1437 607 1420 601 1312 543 1411 762 1454 709 1474 586 1423 623 1398 746 1338 911
img04764.jpg 1604 913 1592 942 1642 773 1621 799 1466 846 1567 975 1620 799 1437 606 1422 602 1311 541 1423 770 1451 710 1474 585 1431 614 1394 755 1329 909
img04765.jpg 1610 914 1592 939 1643 771 1620 795 1464 843 1567 974 1620 797 1438 606 1422 600 1312 541 1445 776 1445 709 1473 584 1429 612 1398 741 1343 886
img04766.jpg 1577 907 1541 945 1592 777 1580 781 1422 830 1566 973 1582 785 1439 603 1425 597 1316 539 1443 771 1430 688 1486 583 1423 617 1399 736 1355 872
img04767.jpg 1584 914 1542 940 1594 772 1576 768 1417 818 1566 972 1580 780 1440 598 1427 592 1315 539 1450 768 1412 671 1474 582 1417 619 1399 732 1364 855
img04768.jpg 1588 924 1543 936 1594 769 1574 767 1414 817 1566 973 1580 778 1441 591 1429 585 1313 539 1448 754 1394 651 1470 578 1423 603 1399 730 1368 851
img04769.jpg 1586 932 1542 928 1593 762 1571 764 1409 815 1567 973 1579 770 1443 584 1429 578 1313 535 1448 746 1402 647 1473 574 1424 595 1403 725 1374 846
img04770.jpg 1581 932 1542 916 1594 750 1569 755 1406 807 1566 973 1578 760 1446 574 1430 570 1312 528 1442 743 1414 641 1478 569 1431 580 1403 729 1367 849
img04771.jpg 1615 943 1585 915 1637 750 1606 755 1441 808 1568 972 1614 756 1448 564 1431 562 1310 521 1459 747 1435 652 1471 562 1438 562 1405 733 1365 852
img04772.jpg 1611 940 1587 899 1640 735 1603 750 1442 806 1568 972 1616 743 1450 556 1433 552 1311 510 1475 753 1461 660 1470 554 1446 543 1409 735 1366 857
img04773.jpg 1605 936 1584 885 1636 721 1600 734 1442 799 1566 970 1612 727 1451 547 1436 542 1313 499 1490 756 1485 665 1467 544 1446 533 1415 721 1372 847
img04774.jpg 1603 935 1588 870 1641 706 1598 721 1446 795 1566 969 1614 715 1452 535 1436 530 1315 487 1504 749 1494 653 1468 535 1447 521 1423 706 1379 836
img04775.jpg 1604 936 1590 858 1643 695 1593 708 1449 793 1565 970 1614 701 1451 523 1437 516 1315 474 1511 739 1500 637 1471 520 1448 506 1430 690 1389 826
img04776.jpg 1605 937 1589 843 1642 680 1589 694 1457 790 1566 972 1612 689 1454 508 1438 501 1317 459 1519 728 1507 620 1475 505 1449 491 1435 676 1398 813
img04777.jpg 1605 936 1589 830 1643 669 1586 678 1465 787 1565 970 1612 675 1453 491 1439 486 1318 443 1524 713 1514 599 1482 486 1446 476 1439 661 1408 797
img04778.jpg 1605 933 1593 817 1647 656 1586 668 1473 784 1567 970 1612 663 1456 474 1437 472 1317 425 1533 700 1521 581 1484 469 1449 460 1447 647 1421 779
img04779.jpg 1603 928 1589 808 1644 648 1586 655 1480 781 1566 969 1610 650 1458 459 1439 457 1315 409 1534 688 1523 562 1487 452 1448 445 1451 631 1432 761
img04780.jpg 1600 925 1590 781 1645 621 1587 642 1487 775 1567 965 1612 635 1462 442 1440 442 1317 390 1551 675 1533 543 1490 437 1447 430 1455 614 1443 742
img04781.jpg 1597 923 1588 765 1642 606 1592 627 1495 773 1566 964 1614 617 1462 428 1441 426 1319 372 1556 662 1538 525 1492 421 1446 416 1462 596 1454 724
img04782.jpg 1594 920 1588 741 1642 582 1595 614 1502 771 1567 961 1616 601 1466 414 1445 412 1323 354 1570 649 1548 507 1497 406 1447 404 1468 578 1466 708
img04783.jpg 1592 921 1587 730 1642 571 1594 604 1512 769 1565 958 1618 585 1469 399 1448 393 1326 335 1575 638 1553 490 1502 391 1448 388 1472 558 1475 692
img04784.jpg 1594 922 1582 716 1638 558 1594 593 1521 767 1564 958 1616 571 1472 383 1453 375 1333 313 1577 625 1559 470 1507 372 1450 373 1477 538 1486 674
img04785.jpg 1596 918 1578 725 1634 567 1593 589 1530 767 1563 957 1612 570 1475 369 1459 361 1341 292 1564 615 1556 457 1508 358 1456 358 1483 520 1492 657
img04786.jpg 1597 914 1579 728 1633 570 1588 583 1538 765 1563 953 1608 569 1482 356 1465 347 1348 272 1563 604 1557 446 1513 345 1457 348 1488 501 1499 639
img04787.jpg 1599 912 1576 739 1627 582 1584 582 1545 763 1562 953 1605 574 1490 343 1470 335 1355 251 1554 595 1555 439 1516 331 1458 338 1493 484 1504 621
img04788.jpg 1601 911 1575 743 1624 573 1583 579 1551 760 1563 952 1601 570 1496 331 1478 323 1365 235 1557 569 1557 431 1519 319 1460 329 1498 468 1510 608
img04789.jpg 1600 911 1580 747 1625 569 1580 574 1560 757 1565 951 1600 564 1506 322 1486 312 1372 218 1565 548 1560 426 1526 307 1456 327 1501 455 1516 594
img04790.jpg 1599 912 1584 751 1628 530 1584 574 1569 751 1569 957 1599 530 1510 309 1496 295 1378 207 1585 485 1568 413 1525 295 1466 309 1510 442 1525 589
