ResultRaw1 ResultRaw2 ResultRaw3 ResultRaw4 ResultRaw5 ResultRaw6 ResultRaw7 ResultRaw8 ResultRaw9 ResultRaw10 ResultRaw11 ResultRaw12 ResultRaw13 ResultRaw14 ResultRaw15 ResultRaw16 ResultRaw17 ResultRaw18 ResultRaw19 ResultRaw20 ResultRaw21 ResultRaw22 ResultRaw23 ResultRaw24 ResultRaw25 ResultRaw26 ResultRaw27 ResultRaw28 ResultRaw29 ResultRaw30 ResultRaw31 ResultRaw32 ResultRaw33
img12621.jpg 1457 921 1440 704 1490 504 1457 504 1440 721 1457 921 1474 504 1474 203 1457 170 1424 37 1457 487 1490 370 1490 203 1457 203 1457 387 1424 520
img12622.jpg 1453 918 1442 711 1481 504 1453 504 1442 728 1458 929 1470 504 1470 207 1458 168 1420 33 1446 483 1483 368 1486 201 1453 212 1447 386 1403 509
img12623.jpg 1446 919 1443 710 1476 503 1449 503 1439 723 1459 930 1466 503 1466 206 1456 170 1410 37 1437 482 1477 370 1483 203 1449 213 1443 383 1390 510
img12624.jpg 1439 916 1441 709 1472 500 1444 503 1434 723 1458 932 1458 503 1465 209 1455 172 1408 33 1428 481 1471 373 1478 206 1448 216 1438 381 1377 507
img12625.jpg 1439 913 1438 706 1466 499 1442 499 1421 716 1455 932 1455 499 1466 209 1452 175 1405 36 1419 485 1466 377 1476 209 1449 215 1435 381 1367 510
img12626.jpg 1439 912 1441 704 1468 495 1437 498 1407 711 1454 930 1451 495 1465 212 1451 175 1401 36 1415 486 1464 377 1471 208 1448 215 1434 380 1360 509
img12627.jpg 1439 907 1441 702 1475 485 1437 488 1387 705 1451 929 1451 485 1465 213 1451 176 1401 36 1420 487 1467 375 1468 210 1448 213 1431 379 1353 505
img12628.jpg 1443 901 1441 701 1475 483 1434 486 1367 701 1445 922 1448 483 1462 214 1448 176 1401 36 1416 487 1465 373 1462 210 1448 214 1431 380 1349 503
img12629.jpg 1448 895 1441 700 1478 482 1434 482 1344 690 1437 911 1451 478 1458 213 1444 173 1397 39 1416 486 1465 369 1458 210 1444 213 1431 381 1347 502
img12630.jpg 1449 896 1442 700 1478 479 1432 482 1323 681 1424 900 1448 479 1452 214 1442 170 1395 41 1417 483 1466 365 1455 207 1442 214 1428 379 1349 498
img12631.jpg 1448 897 1438 700 1475 477 1432 477 1302 670 1409 895 1449 474 1445 211 1438 171 1395 40 1407 480 1465 362 1452 207 1438 211 1425 377 1352 497
img12632.jpg 1448 899 1434 703 1468 481 1424 481 1283 659 1400 888 1445 474 1441 211 1434 171 1398 35 1393 480 1461 363 1448 208 1434 211 1421 376 1354 497
img12633.jpg 1448 903 1431 702 1465 478 1421 481 1263 648 1393 892 1441 471 1438 210 1431 169 1398 38 1385 479 1460 361 1448 206 1428 210 1418 374 1354 498
img12634.jpg 1446 906 1429 701 1463 478 1419 481 1251 642 1400 899 1439 471 1432 208 1429 171 1395 35 1380 479 1459 359 1446 205 1426 208 1412 370 1355 498
img12635.jpg 1449 901 1425 696 1460 479 1415 482 1239 635 1414 906 1439 468 1429 209 1422 174 1394 28 1372 481 1455 360 1439 209 1419 209 1408 371 1356 499
img12636.jpg 1450 898 1422 693 1453 478 1408 485 1229 630 1429 909 1436 471 1425 212 1415 177 1391 28 1372 485 1449 363 1432 212 1412 212 1405 371 1356 502
img12637.jpg 1451 898 1419 689 1446 478 1405 485 1220 621 1439 914 1433 475 1419 212 1409 177 1384 28 1372 485 1444 362 1426 212 1405 212 1402 371 1357 506
img12638.jpg 1452 895 1413 691 1437 484 1399 487 1211 615 1401 894 1427 477 1413 214 1402 179 1374 25 1369 488 1437 364 1419 214 1399 214 1395 372 1356 509
img12639.jpg 1455 896 1406 691 1427 484 1386 487 1199 611 1347 873 1414 477 1406 214 1393 180 1365 27 1366 488 1429 364 1410 214 1389 214 1389 376 1354 511
img12640.jpg 1451 902 1402 693 1426 481 1378 488 1191 611 1285 852 1402 478 1399 214 1385 180 1354 29 1366 484 1426 361 1402 214 1382 214 1382 375 1347 515
img12641.jpg 1448 905 1397 695 1420 482 1370 488 1185 615 1220 835 1391 478 1390 215 1377 181 1343 32 1368 485 1420 358 1394 211 1373 215 1373 377 1343 516
img12642.jpg 1446 906 1392 698 1412 487 1359 493 1177 628 1154 816 1375 483 1379 215 1365 181 1328 37 1362 486 1412 355 1385 212 1362 215 1362 379 1335 517
img12643.jpg 1444 908 1389 697 1403 489 1348 495 1175 639 1131 824 1367 486 1367 217 1351 182 1318 39 1358 490 1400 355 1374 211 1351 217 1351 383 1329 520
img12644.jpg 1441 907 1386 701 1390 493 1341 500 1172 652 1115 832 1360 487 1357 222 1341 186 1307 45 1348 498 1387 358 1363 212 1337 222 1337 383 1321 526
img12645.jpg 1440 908 1379 702 1381 495 1332 504 1168 664 1104 845 1350 491 1345 225 1329 188 1296 51 1336 505 1374 360 1356 213 1320 225 1323 389 1311 528
img12646.jpg 1442 908 1374 701 1370 497 1314 506 1163 673 1095 858 1336 497 1330 230 1315 190 1281 55 1337 507 1362 364 1348 218 1302 230 1308 391 1296 533
img12647.jpg 1443 906 1365 700 1355 496 1299 508 1162 682 1091 873 1321 499 1315 237 1303 193 1270 56 1334 512 1349 369 1337 221 1284 237 1294 393 1281 536
img12648.jpg 1444 904 1354 700 1340 496 1283 508 1157 691 1090 882 1302 502 1299 241 1287 196 1254 60 1326 519 1336 374 1325 228 1265 241 1274 397 1265 537
img12649.jpg 1440 901 1341 696 1323 494 1264 509 1152 697 1088 890 1283 503 1280 244 1271 196 1235 60 1314 520 1321 374 1312 231 1245 244 1255 398 1245 538
img12650.jpg 1433 896 1327 694 1298 496 1243 509 1181 696 1088 895 1265 503 1259 246 1250 197 1214 68 1300 525 1302 375 1291 233 1227 246 1234 400 1224 538
img12651.jpg 1422 888 1309 696 1278 497 1230 506 1179 699 1086 896 1249 500 1240 244 1230 199 1195 67 1268 531 1283 373 1272 234 1208 244 1211 401 1199 538
img12652.jpg 1408 879 1291 694 1264 493 1214 502 1170 700 1082 897 1235 493 1220 242 1208 198 1173 73 1241 533 1266 369 1251 233 1189 242 1192 399 1173 537
img12653.jpg 1391 871 1269 693 1247 490 1198 503 1164 702 1082 898 1222 490 1201 241 1188 197 1154 72 1210 530 1248 361 1232 228 1170 241 1176 397 1148 537
img12654.jpg 1375 859 1246 692 1235 486 1185 498 1158 701 1080 900 1210 489 1182 237 1169 197 1132 72 1183 525 1234 352 1216 228 1154 237 1160 396 1122 532
img12655.jpg 1354 842 1223 692 1224 484 1170 496 1119 706 1078 900 1195 487 1167 232 1154 194 1110 64 1160 515 1219 346 1202 226 1138 236 1145 391 1100 531
img12656.jpg 1334 828 1205 690 1211 482 1158 498 1114 706 1079 901 1186 485 1154 230 1139 192 1088 67 1139 502 1205 340 1189 224 1123 233 1132 388 1082 526
img12657.jpg 1314 814 1187 687 1197 481 1146 497 1111 706 1082 900 1174 484 1143 227 1127 189 1070 66 1125 492 1193 337 1177 221 1111 231 1117 386 1063 525
img12658.jpg 1290 801 1172 682 1185 477 1134 493 1105 704 1080 900 1162 480 1131 224 1115 189 1052 66 1124 489 1187 341 1166 221 1099 230 1103 385 1049 518
img12659.jpg 1268 795 1161 680 1173 477 1123 492 1101 706 1082 900 1151 480 1123 222 1104 188 1038 66 1132 488 1185 348 1154 216 1088 229 1092 382 1035 514
img12660.jpg 1245 796 1147 675 1159 474 1115 489 1093 703 1081 901 1140 477 1112 219 1093 185 1027 66 1134 494 1183 355 1146 213 1077 226 1084 379 1024 511
img12661.jpg 1218 798 1127 669 1147 468 1106 484 1084 700 1081 900 1129 471 1100 217 1084 182 1017 65 1140 496 1183 356 1138 211 1068 227 1075 379 1014 510
img12662.jpg 1186 805 1106 667 1137 468 1099 480 1080 698 1080 899 1119 471 1090 215 1073 183 1006 65 1141 496 1180 356 1128 212 1057 224 1067 378 1006 503
img12663.jpg 1155 811 1086 663 1129 467 1094 480 1078 697 1081 898 1110 470 1081 214 1064 182 997 65 1141 491 1176 353 1119 211 1048 221 1061 376 997 503
img12664.jpg 1120 814 1066 658 1122 466 1087 475 1070 694 1080 899 1106 462 1070 214 1054 182 989 68 1135 491 1170 354 1109 211 1037 221 1054 374 989 498
img12665.jpg 1082 817 1044 653 1114 466 1075 475 1066 693 1082 898 1098 462 1062 215 1046 182 981 69 1133 490 1165 354 1098 212 1029 218 1046 374 981 492
img12666.jpg 1055 824 1028 654 1105 467 1066 477 1063 691 1082 899 1089 464 1053 217 1037 184 976 68 1129 493 1159 359 1086 214 1021 217 1037 373 972 483
img12667.jpg 1028 826 1015 653 1098 465 1059 474 1056 687 1082 897 1082 461 1046 218 1030 186 971 64 1125 491 1154 359 1079 215 1013 218 1030 373 964 478
img12668.jpg 1007 828 1005 657 1090 465 1047 471 1047 688 1080 896 1073 461 1038 221 1022 188 969 62 1114 490 1145 360 1070 217 1005 221 1018 373 953 474
img12669.jpg 985 831 997 662 1078 464 1036 471 1046 688 1078 896 1062 464 1029 220 1013 188 968 58 1101 484 1134 357 1062 220 997 220 1007 373 942 471
img12670.jpg 973 834 996 671 1068 464 1029 467 1042 687 1077 895 1051 464 1019 223 1006 191 967 55 1084 474 1120 350 1055 223 986 220 996 373 928 464
img12671.jpg 958 835 993 675 1061 460 1019 466 1035 691 1077 893 1042 463 1012 226 1000 191 964 56 1072 469 1109 348 1045 222 977 219 984 373 913 460
img12672.jpg 950 839 988 682 1051 462 1006 468 1025 692 1072 895 1032 462 1003 227 994 193 963 61 1057 468 1098 349 1035 224 969 218 969 371 897 456
img12673.jpg 942 841 985 685 1043 461 999 471 1014 691 1071 895 1024 461 995 226 989 194 958 62 1049 462 1090 345 1027 222 961 216 958 367 883 446
img12674.jpg 941 845 987 687 1041 460 994 473 997 689 1069 892 1019 460 991 226 985 198 953 63 1027 452 1075 341 1022 226 953 216 947 367 869 435
img12675.jpg 938 846 983 685 1035 460 988 472 978 688 1063 887 1013 460 985 226 979 198 947 67 1003 440 1060 338 1016 226 947 220 935 363 857 425
img12676.jpg 935 847 983 682 1028 460 981 469 956 685 1056 884 1010 457 978 225 972 197 944 66 973 421 1041 328 1013 229 944 219 925 360 844 413
img12677.jpg 935 846 983 674 1025 455 976 464 938 680 1048 877 1004 455 972 223 966 195 938 63 950 404 1026 320 1010 229 938 220 913 357 835 399
img12678.jpg 936 848 980 671 1017 454 971 460 922 674 1036 869 996 454 968 222 959 191 931 64 920 388 1007 315 1005 231 931 219 900 355 826 386
img12679.jpg 935 845 971 666 1008 452 963 455 911 669 1015 858 987 452 963 220 954 187 926 64 907 376 998 309 999 229 926 217 887 351 816 373
img12680.jpg 937 843 968 659 1004 450 956 453 904 665 995 853 980 450 962 219 950 186 922 64 900 365 991 304 995 228 922 216 874 346 807 359
img12681.jpg 941 838 962 654 998 452 947 452 902 660 971 847 971 452 956 217 947 187 917 64 891 355 986 301 992 226 914 214 860 341 802 347
img12682.jpg 937 836 956 653 992 451 941 454 896 662 953 848 965 451 953 217 941 187 911 64 881 347 980 298 989 223 908 214 848 337 797 340
img12683.jpg 935 832 954 650 993 449 936 452 894 662 936 851 963 449 948 219 939 189 909 63 879 341 976 296 987 221 903 213 837 332 792 332
img12684.jpg 934 833 950 652 989 451 929 454 890 664 923 856 956 451 941 220 935 190 902 64 873 333 970 294 983 220 896 214 827 328 785 325
img12685.jpg 933 838 950 654 986 450 923 456 887 666 917 859 953 450 935 219 932 189 899 63 867 329 964 294 980 222 887 213 818 327 778 324
img12686.jpg 933 844 950 656 983 446 920 455 883 668 914 862 953 446 932 219 929 188 895 64 863 327 959 293 977 222 880 216 810 325 771 322
img12687.jpg 934 846 952 656 979 448 916 454 883 667 907 863 949 448 925 219 925 189 892 66 855 323 953 294 973 225 871 216 802 321 763 319
img12688.jpg 932 850 953 658 974 449 913 455 883 667 904 865 944 449 919 219 919 188 886 67 848 321 947 292 971 224 864 219 795 319 755 316
img12689.jpg 936 848 956 653 968 448 914 454 883 669 907 865 944 448 913 218 913 188 883 65 841 322 941 290 968 224 855 218 788 316 751 316
img12690.jpg 934 847 955 654 967 450 912 454 884 669 906 867 943 450 908 219 908 188 878 64 839 323 935 287 967 225 850 219 779 314 745 314
img12691.jpg 929 848 951 657 963 454 908 454 887 672 905 866 936 454 905 219 902 189 871 65 840 326 930 283 963 225 843 219 769 312 741 312
img12692.jpg 928 850 947 658 960 456 904 456 888 673 907 866 932 456 900 219 897 191 867 63 842 330 926 279 960 225 838 219 764 309 735 309
img12693.jpg 929 848 945 654 957 454 902 454 889 672 908 863 930 454 898 219 893 192 862 65 840 333 923 280 957 229 831 219 757 309 732 309
img12694.jpg 926 854 940 658 956 455 897 455 891 674 903 865 925 455 894 220 888 195 860 65 836 335 919 280 953 229 830 220 752 309 727 309
img12695.jpg 926 855 937 657 952 456 894 456 891 672 903 865 922 456 891 223 882 199 857 67 827 338 916 282 946 226 824 223 747 309 723 308
img12696.jpg 929 854 936 655 951 456 893 456 890 670 902 866 921 453 883 221 878 199 856 68 814 341 913 289 942 227 823 224 746 309 718 309
img12697.jpg 931 850 935 652 950 454 892 454 889 670 901 864 920 451 880 223 874 199 853 68 803 344 910 296 938 226 820 226 744 308 716 309
img12698.jpg 933 847 935 652 950 457 889 457 889 670 901 865 920 454 877 222 871 201 850 70 793 346 909 302 935 225 816 228 743 307 712 311
img12699.jpg 937 837 935 646 947 457 889 457 889 667 905 863 917 451 875 222 869 198 845 72 782 346 908 309 932 225 811 231 739 306 708 313
img12700.jpg 937 834 934 644 946 455 889 455 889 665 904 863 916 449 871 220 868 199 841 73 778 348 910 317 931 226 808 232 739 304 708 315
img12701.jpg 937 831 934 643 943 452 889 452 889 664 904 864 916 449 868 223 865 199 835 74 777 343 912 322 931 226 802 232 734 306 706 320
img12702.jpg 936 833 936 645 942 453 888 453 888 662 903 865 915 453 864 224 861 200 831 78 776 341 913 324 930 227 798 233 733 307 708 324
img12703.jpg 933 834 936 643 939 454 886 454 889 661 900 868 912 454 862 226 862 199 832 76 775 337 912 323 927 226 798 232 729 307 707 324
img12704.jpg 928 838 937 644 940 451 883 454 889 660 897 871 913 454 861 228 858 201 828 77 777 338 913 324 928 228 795 231 728 306 711 326
img12705.jpg 923 840 937 646 940 452 883 458 889 662 901 869 913 455 859 230 856 200 826 80 776 339 913 323 925 230 796 230 727 308 714 328
img12706.jpg 918 840 938 646 943 453 884 462 890 662 902 867 914 459 857 231 854 201 825 82 775 342 912 322 923 231 795 231 726 308 718 327
img12707.jpg 913 841 935 648 944 455 884 464 890 664 902 866 911 458 858 232 855 200 825 81 775 344 913 322 920 229 795 232 727 307 721 325
img12708.jpg 910 844 934 651 945 455 887 467 890 666 904 863 913 461 857 235 852 200 822 83 775 342 916 324 919 229 793 232 728 309 726 326
img12709.jpg 910 845 933 653 944 455 889 467 889 667 907 859 913 461 857 237 851 202 823 83 775 341 918 327 919 231 793 234 729 310 725 326
img12710.jpg 915 845 934 653 943 454 890 466 890 667 905 860 911 460 858 238 849 203 820 81 779 340 921 328 917 229 791 235 730 311 724 326
img12711.jpg 919 846 935 653 940 451 888 463 891 667 905 861 911 454 862 241 850 203 821 86 782 340 923 329 914 229 792 238 730 311 721 325
img12712.jpg 918 843 932 651 938 448 886 460 892 665 906 858 912 451 863 241 849 203 820 91 787 341 926 332 915 232 788 238 728 313 715 326
img12713.jpg 921 842 933 649 935 447 886 456 892 664 907 860 909 447 863 239 849 204 820 91 787 346 929 334 915 233 788 242 727 311 711 323
img12714.jpg 922 839 933 646 936 447 884 453 892 664 907 863 910 447 864 240 849 205 820 92 785 347 931 332 915 231 789 243 728 312 712 323
img12715.jpg 923 838 932 646 935 448 884 453 892 663 906 864 909 448 863 241 852 204 820 94 782 347 934 332 918 232 789 244 729 310 712 320
img12716.jpg 918 839 929 646 935 449 884 452 892 664 903 864 906 449 861 240 852 206 821 91 776 342 936 334 921 234 786 243 726 311 710 321
img12717.jpg 920 837 931 645 937 450 885 453 891 665 902 866 908 450 859 240 854 209 819 91 767 336 936 331 920 232 788 243 725 312 708 320
img12718.jpg 922 834 932 642 938 449 883 452 891 665 903 866 909 449 860 243 854 211 820 90 765 331 936 329 920 231 788 243 722 314 705 322
img12719.jpg 922 833 932 641 938 449 883 451 892 661 903 865 909 449 860 242 854 210 820 89 766 329 936 330 920 233 788 242 722 314 705 320
img12720.jpg 924 831 933 639 939 449 884 452 893 662 904 863 910 452 858 239 852 210 821 90 765 330 933 329 919 233 789 239 720 314 703 320
img12721.jpg 924 832 932 640 938 449 886 452 892 664 906 866 909 452 860 238 851 209 822 85 769 336 933 326 918 232 790 238 721 314 704 319
img12722.jpg 924 832 931 641 937 449 888 455 891 664 908 864 908 452 859 237 850 208 824 80 770 342 931 327 917 234 792 237 722 313 705 317
img12723.jpg 924 835 930 643 936 449 889 455 889 663 907 863 910 452 857 236 851 205 825 80 773 350 929 325 915 234 790 236 724 312 707 316
img12724.jpg 920 836 928 645 937 448 890 454 887 665 908 862 911 451 856 236 853 204 827 80 776 350 928 323 914 233 789 236 722 312 706 315
img12725.jpg 916 837 926 645 937 446 888 452 885 662 909 862 911 446 856 237 853 205 827 78 777 350 928 323 914 234 786 237 723 312 707 315
img12726.jpg 918 836 927 645 939 446 887 452 884 662 910 861 913 446 858 237 855 206 826 79 776 350 926 323 916 234 785 237 725 313 709 315
img12727.jpg 923 837 928 646 937 443 885 449 885 661 908 864 911 443 859 237 856 205 827 80 773 350 930 322 917 234 786 237 725 315 710 317
img12728.jpg 922 838 929 647 941 442 886 451 886 661 909 866 912 442 859 234 856 205 827 82 770 350 937 322 918 234 789 234 728 316 709 318
img12729.jpg 923 839 929 649 941 444 885 453 885 663 908 867 911 444 862 234 856 205 829 83 765 352 941 322 920 234 789 234 730 319 710 323
img12730.jpg 928 838 931 647 940 443 887 449 887 665 907 868 910 443 864 234 855 205 832 83 764 348 945 322 922 234 791 234 733 321 709 327
img12731.jpg 935 837 934 647 940 442 887 451 890 664 907 869 910 442 863 232 855 202 834 83 759 343 948 323 922 235 793 232 738 322 711 330
img12732.jpg 936 836 935 646 941 445 885 450 891 666 908 867 911 442 865 232 853 202 835 80 760 335 945 323 923 235 792 232 742 325 713 335
img12733.jpg 941 836 936 646 939 448 883 450 892 666 909 865 909 445 866 231 854 202 839 80 760 322 941 323 924 234 790 231 743 328 714 340
img12734.jpg 945 837 937 647 937 446 884 449 892 667 910 865 907 443 866 231 854 198 840 81 762 309 936 321 925 234 792 231 745 328 716 338
img12735.jpg 946 839 937 649 937 449 883 452 892 669 910 863 907 446 865 229 856 196 839 80 763 298 932 318 925 232 794 229 746 330 716 338
img12736.jpg 941 839 933 649 936 449 886 449 891 670 909 864 906 446 865 231 859 198 841 78 765 287 928 316 924 231 796 231 748 332 718 338
img12737.jpg 936 840 930 650 937 447 888 447 891 668 909 862 906 447 864 229 861 199 843 77 767 277 924 313 924 229 797 229 749 332 718 336
img12738.jpg 929 840 926 650 935 445 889 445 889 668 908 864 908 445 865 228 859 197 841 71 772 269 921 314 926 231 801 228 752 332 721 334
img12739.jpg 930 838 926 648 936 442 889 445 889 667 905 864 911 442 865 226 859 199 840 66 776 266 918 314 927 230 803 226 751 331 720 332
img12740.jpg 930 838 925 649 935 439 888 445 888 665 904 868 910 442 867 226 861 199 842 66 782 263 917 315 929 230 802 226 752 331 719 329
img12741.jpg 932 838 927 649 936 442 887 448 887 665 905 866 912 445 868 225 862 197 840 64 788 262 918 315 930 228 803 225 753 330 717 324
img12742.jpg 930 837 927 648 939 443 884 449 884 664 906 869 912 443 872 226 863 193 841 67 793 265 918 317 930 229 805 223 753 330 714 321
img12743.jpg 932 837 928 648 941 448 883 451 886 666 907 866 910 445 874 227 865 194 844 67 797 263 918 313 928 227 805 224 753 330 711 318
img12744.jpg 928 840 927 651 942 452 882 452 888 669 909 865 909 449 876 225 867 192 845 69 804 258 919 308 930 229 803 222 755 331 711 316
img12745.jpg 925 841 925 652 943 455 880 452 886 670 910 864 910 449 877 225 868 192 846 68 811 254 920 305 931 231 807 222 755 331 713 315
img12746.jpg 925 838 925 650 943 456 880 453 886 668 907 865 910 447 880 226 867 189 849 71 825 276 931 317 931 232 807 220 755 329 715 312
img12747.jpg 929 838 925 650 941 453 880 453 886 668 904 864 910 447 877 225 868 189 850 71 840 298 942 331 932 232 808 219 756 329 718 312
img12748.jpg 930 842 925 654 940 451 883 453 886 666 904 863 910 448 877 226 870 190 852 71 852 320 951 347 934 232 810 217 755 326 719 309
img12749.jpg 935 842 926 654 938 450 884 453 884 663 902 866 911 447 878 228 871 189 853 73 857 342 953 361 932 232 811 216 756 326 722 308
img12750.jpg 936 842 926 654 938 450 884 453 887 663 902 867 911 447 878 228 871 189 856 73 862 359 956 373 932 231 811 216 756 325 726 306
img12751.jpg 937 842 926 655 938 448 884 450 887 663 902 867 911 445 878 226 874 189 859 74 860 345 947 366 935 232 811 217 756 326 728 307
img12752.jpg 937 843 926 656 938 451 883 451 886 665 901 869 911 448 880 225 877 191 862 72 857 326 937 354 938 231 813 218 758 326 731 306
img12753.jpg 937 840 926 653 938 450 880 450 886 665 901 873 910 447 880 222 876 189 861 72 855 307 927 340 938 229 812 219 760 327 732 305
img12754.jpg 940 837 927 650 939 450 881 450 887 668 903 871 909 447 878 219 878 188 862 68 857 290 922 327 939 228 813 219 761 327 733 299
img12755.jpg 946 835 929 649 939 449 883 449 887 670 902 870 908 446 877 218 877 188 862 67 858 277 916 317 939 227 813 218 763 326 733 295
img12756.jpg 948 838 928 652 934 451 881 451 888 673 903 868 906 451 875 219 875 188 860 60 858 268 911 304 937 228 813 219 764 327 733 289
img12757.jpg 947 841 926 655 932 450 882 450 889 677 904 866 904 450 876 218 873 186 861 56 860 267 910 295 935 227 814 218 764 326 736 283
img12758.jpg 947 843 925 658 931 447 885 450 888 679 903 865 903 447 878 218 875 187 863 53 862 269 911 290 937 227 816 218 764 326 739 280
img12759.jpg 940 846 921 661 930 445 883 451 887 679 902 865 902 445 880 219 877 185 865 52 859 272 910 287 936 225 819 219 763 327 741 281
img12760.jpg 934 844 917 660 929 443 883 449 887 675 902 865 902 443 883 219 877 183 868 57 857 276 910 285 935 226 819 219 761 329 746 277
img12761.jpg 931 841 917 657 932 439 884 448 887 672 902 868 902 439 887 218 881 182 871 61 854 278 910 287 935 224 820 218 760 330 751 276
img12762.jpg 931 838 918 653 932 435 882 444 888 668 903 867 903 435 888 220 882 181 873 67 848 276 909 289 935 226 819 217 760 330 753 274
img12763.jpg 930 838 917 652 932 435 881 444 887 668 905 867 902 435 887 221 881 179 872 68 843 273 908 289 935 227 819 218 759 331 753 271
img12764.jpg 931 837 917 649 929 436 878 442 887 664 908 868 898 436 887 220 881 181 875 67 841 269 909 291 938 229 818 217 761 331 755 265
img12765.jpg 927 841 915 650 927 436 876 442 885 668 906 868 897 436 885 219 882 182 876 58 838 262 910 289 939 228 819 216 761 330 755 267
img12766.jpg 930 845 916 652 925 436 877 439 883 674 907 865 895 436 886 220 880 181 877 56 837 259 913 287 941 227 822 214 761 330 755 266
img12767.jpg 930 849 916 654 922 438 876 444 882 675 907 866 891 438 885 220 882 180 876 51 835 257 915 287 941 226 824 214 762 330 753 266
img12768.jpg 930 844 918 651 921 442 875 445 884 675 906 866 890 442 887 221 884 180 878 48 832 257 917 287 940 227 826 211 764 331 755 266
img12769.jpg 928 844 920 652 923 443 877 446 884 679 905 866 893 443 887 220 887 180 877 49 830 248 917 284 939 226 828 208 764 330 755 269
img12770.jpg 931 845 921 651 924 445 878 448 884 679 906 866 893 445 887 223 887 180 878 50 828 243 918 284 940 226 832 207 767 330 755 266
img12771.jpg 928 843 918 652 924 446 878 449 885 677 903 868 894 446 885 221 888 181 878 48 826 230 915 283 940 227 832 209 767 329 755 264
img12772.jpg 931 839 919 651 925 447 879 447 882 676 904 865 894 447 885 221 888 183 879 47 826 215 913 279 941 227 832 211 767 329 758 261
img12773.jpg 930 838 916 650 925 446 879 446 879 672 901 868 894 446 885 219 888 184 882 48 824 204 910 278 941 228 832 213 767 328 758 259
img12774.jpg 928 838 913 650 925 445 879 448 879 672 901 867 894 445 888 218 888 184 885 50 821 201 910 280 941 227 832 215 767 330 757 262
img12775.jpg 925 835 912 651 924 443 878 450 878 670 899 868 893 443 890 218 890 186 887 50 819 194 909 279 940 227 831 218 766 329 762 255
img12776.jpg 925 838 912 653 921 445 875 451 878 672 899 867 893 445 890 218 893 187 890 50 812 197 909 280 937 224 828 218 769 333 768 250
img12777.jpg 920 843 910 655 922 446 873 453 879 674 897 870 894 446 891 219 894 185 894 53 810 196 910 284 937 225 827 219 771 336 774 244
img12778.jpg 922 848 913 656 920 445 871 452 880 674 898 869 895 442 889 220 892 183 895 58 809 189 910 283 938 223 825 220 773 339 782 235
img12779.jpg 924 853 917 656 917 444 868 447 881 672 899 869 896 441 887 221 890 184 896 60 807 190 913 284 938 221 823 221 777 338 781 231
img12780.jpg 928 856 919 655 916 442 868 445 883 670 901 869 895 439 886 220 889 181 895 64 804 192 915 286 937 220 823 220 781 340 771 247
img12781.jpg 929 854 919 654 917 442 868 445 883 669 901 870 895 436 886 221 889 182 895 66 803 185 916 286 937 221 824 221 785 340 766 269
img12782.jpg 930 853 921 653 918 443 870 446 885 668 903 869 897 434 885 219 888 183 897 63 800 183 918 287 936 222 825 222 789 341 761 291
img12783.jpg 931 853 919 654 919 446 871 449 883 670 904 869 895 437 886 217 889 183 895 60 796 183 920 289 934 223 829 223 792 343 756 314
img12784.jpg 933 852 918 654 921 448 873 451 882 670 903 870 894 439 888 218 891 181 897 57 795 174 919 288 933 224 833 221 794 345 759 332
img12785.jpg 928 851 916 655 922 453 873 453 879 671 904 869 894 444 888 217 891 183 901 55 796 167 920 288 934 227 833 221 797 349 765 348
img12786.jpg 924 848 915 648 924 451 876 451 879 664 906 867 894 442 891 221 891 178 903 55 797 161 922 289 937 227 835 218 798 350 769 358
img12787.jpg 920 845 914 645 923 448 874 451 877 657 908 866 892 442 892 221 892 178 905 58 796 159 923 290 938 227 837 215 800 350 771 374
img12788.jpg 920 844 914 644 923 449 874 452 880 657 908 864 892 443 892 224 895 180 908 60 798 154 924 292 939 227 836 214 802 350 773 393
img12789.jpg 924 843 915 644 921 451 871 454 881 660 909 863 890 445 893 223 896 183 909 58 798 150 925 293 940 226 834 217 806 354 777 413
img12790.jpg 930 844 918 646 920 457 868 457 880 662 908 863 889 447 893 224 896 183 908 56 799 146 925 293 939 224 834 217 809 354 778 429
img12791.jpg 929 849 917 652 919 460 864 460 879 667 907 862 889 454 892 219 895 188 907 55 799 145 925 294 938 222 833 219 812 355 778 442
img12792.jpg 929 850 916 653 919 461 863 461 879 671 907 861 888 457 891 222 894 188 904 54 799 151 926 299 938 222 832 222 814 358 780 454
img12793.jpg 932 848 916 652 916 460 860 460 879 671 907 863 888 460 891 222 891 185 904 55 796 148 924 305 938 222 832 222 817 361 780 466
img12794.jpg 931 850 915 655 914 463 859 463 877 667 905 863 887 460 890 221 890 184 902 57 794 147 923 312 936 224 834 224 819 360 778 475
img12795.jpg 930 847 914 651 914 458 858 465 877 664 905 860 886 458 889 221 889 184 902 59 790 143 921 318 936 224 836 224 817 361 780 480
img12796.jpg 934 843 915 648 912 457 858 466 877 664 905 864 883 457 890 221 890 184 902 59 787 140 919 324 933 224 839 224 817 366 780 488
img12797.jpg 937 844 915 649 909 463 858 469 877 665 906 865 880 456 890 219 890 184 902 58 785 130 917 323 934 222 839 222 817 364 779 494
img12798.jpg 931 844 915 651 909 467 859 473 874 666 906 863 877 457 890 219 890 185 903 55 779 148 920 329 935 222 839 222 817 365 782 498
img12799.jpg 926 842 913 647 910 465 857 475 876 666 907 864 879 459 891 220 891 183 903 57 771 165 922 335 932 220 838 220 816 368 787 503
img12800.jpg 922 847 913 650 906 468 856 477 875 669 906 867 875 461 891 220 891 179 903 56 768 181 925 342 932 220 838 220 819 370 790 505
img12801.jpg 923 849 914 656 907 473 854 482 876 672 907 864 876 466 889 220 892 179 901 59 765 192 928 348 933 220 835 220 819 368 794 507
img12802.jpg 923 844 914 654 907 473 851 482 876 673 907 864 876 466 889 222 892 178 904 58 767 191 929 350 933 222 836 222 820 369 798 507
img12803.jpg 925 845 912 656 909 474 849 483 878 675 909 866 878 467 890 219 893 178 903 59 772 174 927 347 931 222 834 222 818 370 799 505
img12804.jpg 927 843 914 658 911 478 850 484 879 677 907 867 879 472 888 218 891 180 901 57 779 157 925 344 933 224 835 224 819 370 800 503
img12805.jpg 928 843 913 660 913 477 850 484 881 679 909 867 881 471 890 219 894 181 900 56 781 142 922 339 931 225 834 225 818 370 799 502
img12806.jpg 929 840 911 656 911 474 852 477 880 675 908 870 880 467 892 219 892 182 899 55 786 133 920 336 932 225 833 225 818 371 796 501
img12807.jpg 928 841 910 656 913 473 854 476 879 672 907 871 882 466 891 219 891 185 895 54 784 135 920 334 932 226 835 226 819 373 795 500
img12808.jpg 936 837 912 655 912 468 856 474 878 671 906 870 881 465 890 221 890 187 894 53 783 134 920 330 934 224 837 224 822 371 794 499
img12809.jpg 942 835 913 651 910 463 857 469 876 667 907 870 879 460 891 222 891 188 891 52 782 130 920 328 934 222 839 222 823 367 792 500
img12810.jpg 944 831 912 647 909 461 859 467 875 660 906 868 878 458 890 222 890 188 893 54 780 128 919 326 934 222 840 222 822 365 791 501
img12811.jpg 944 834 912 647 909 459 859 469 875 660 906 866 878 456 890 222 890 188 893 53 780 128 919 326 934 222 843 222 821 366 790 500
img12812.jpg 948 841 915 649 906 457 859 470 875 662 906 866 875 457 890 222 890 188 894 54 779 126 919 328 931 222 844 222 819 364 788 501
img12813.jpg 942 841 912 648 906 457 859 466 875 661 906 867 875 457 890 223 890 186 893 56 779 124 917 330 930 223 844 223 816 365 785 503
img12814.jpg 936 844 912 647 905 455 859 468 875 660 905 864 875 455 890 224 890 186 896 56 778 127 917 331 930 224 843 224 816 366 782 502
img12815.jpg 934 844 913 649 903 460 857 469 876 664 903 866 873 456 888 224 888 190 894 53 783 128 918 331 931 224 841 224 817 370 783 503
img12816.jpg 934 843 915 649 903 462 856 468 875 665 903 865 872 459 887 225 887 190 893 53 781 124 917 331 931 225 840 225 818 368 781 503
img12817.jpg 928 837 913 645 903 460 856 467 875 661 903 864 872 457 888 226 885 185 897 54 774 125 918 334 931 226 838 226 819 370 781 504
img12818.jpg 924 837 914 641 904 460 857 466 876 657 904 863 873 454 888 225 885 185 901 54 769 127 921 337 929 225 835 225 820 369 782 504
img12819.jpg 923 839 912 640 905 462 855 465 877 656 905 866 874 456 890 227 887 183 899 55 765 128 923 342 927 227 837 227 818 371 783 502
img12820.jpg 924 838 910 640 906 459 856 462 875 653 906 865 875 456 891 228 888 181 900 56 764 126 926 345 928 228 838 228 816 368 782 499
img12821.jpg 923 838 909 640 906 460 856 463 878 653 906 868 875 457 890 226 887 180 903 55 764 128 927 345 928 226 838 226 816 370 785 500
img12822.jpg 928 843 911 645 904 465 854 465 877 655 904 867 873 458 889 225 889 184 898 53 769 126 925 342 929 225 839 225 817 371 786 499
img12823.jpg 926 843 910 649 904 466 854 466 876 661 904 869 876 462 889 223 889 186 895 53 769 129 924 338 929 226 842 223 817 373 786 500
img12824.jpg 928 841 913 652 903 464 857 467 876 664 903 868 876 461 888 221 888 187 894 52 771 130 924 332 931 227 842 221 817 372 786 501
img12825.jpg 928 841 913 652 903 466 857 469 876 667 903 868 876 460 888 219 888 188 891 52 771 131 921 327 931 228 842 219 820 374 789 503
img12826.jpg 929 840 910 650 904 463 857 470 873 665 904 866 876 457 889 218 889 187 889 54 771 133 921 327 932 230 842 221 820 374 789 504
img12827.jpg 936 839 911 649 905 462 858 472 874 667 905 866 877 459 890 220 890 185 890 55 775 134 922 326 930 232 843 223 818 372 787 506
img12828.jpg 940 838 911 648 905 463 858 472 874 667 905 864 874 460 890 222 890 184 890 55 784 132 923 325 930 231 842 225 818 372 789 504
img12829.jpg 940 836 911 649 905 465 858 471 874 665 905 862 874 462 890 221 890 184 893 55 787 131 922 326 930 231 840 228 818 371 790 502
img12830.jpg 938 837 916 651 906 464 860 471 875 667 906 859 875 461 891 222 891 185 897 57 789 132 924 326 928 229 838 229 816 372 788 502
img12831.jpg 938 839 916 651 907 466 860 469 876 664 907 858 876 463 891 225 891 185 900 58 790 129 925 326 928 228 835 228 814 370 786 500
img12832.jpg 937 840 915 651 906 466 862 466 875 664 906 858 878 463 890 222 890 185 902 59 786 126 926 325 930 225 835 228 816 371 789 500
img12833.jpg 943 844 916 654 903 468 860 468 876 663 903 858 879 462 888 221 891 187 903 60 783 125 927 325 931 224 836 227 817 373 786 499
img12834.jpg 948 841 917 648 904 467 860 467 876 661 904 861 879 458 889 223 889 183 904 61 780 125 925 329 929 223 836 226 817 374 786 498
img12835.jpg 948 840 914 647 905 469 858 469 876 663 905 863 880 460 886 222 889 181 901 59 780 124 923 334 929 225 836 228 817 372 786 500
img12836.jpg 947 837 915 651 903 475 856 475 878 669 906 864 881 463 884 221 891 184 900 58 782 126 920 339 928 224 837 227 819 375 787 503
img12837.jpg 939 834 914 652 902 480 852 477 880 671 905 865 880 464 883 223 893 186 899 57 784 128 917 345 927 226 836 226 818 377 786 502
img12838.jpg 930 827 913 648 904 477 854 474 879 667 907 866 879 462 885 225 889 181 901 57 781 130 917 348 926 228 832 228 817 374 786 502
img12839.jpg 925 829 910 648 904 474 854 474 879 667 907 866 879 462 885 225 891 182 897 58 786 130 917 350 928 225 832 229 817 375 785 502
img12840.jpg 925 830 910 652 901 475 854 475 879 668 904 867 879 462 885 226 888 182 897 58 788 133 916 353 928 226 832 229 817 375 785 502
img12841.jpg 925 830 910 649 904 469 854 473 879 668 904 866 879 460 888 224 888 181 897 60 789 136 918 358 928 227 832 231 817 373 786 503
img12842.jpg 925 829 910 646 907 464 854 474 879 668 907 866 879 458 891 223 888 180 897 63 792 136 920 362 928 229 832 233 817 371 786 504
img12843.jpg 929 834 910 649 907 464 852 477 879 673 907 864 879 461 892 221 892 184 895 64 798 135 920 367 928 230 833 230 818 372 787 507
img12844.jpg 927 833 911 650 908 467 852 477 880 679 905 865 880 464 893 219 893 188 896 61 798 134 921 368 926 231 836 228 821 371 790 511
img12845.jpg 928 837 910 650 910 465 854 475 879 678 907 866 879 465 895 221 895 189 895 58 797 131 923 365 926 230 838 227 823 371 791 512
img12846.jpg 929 838 909 649 909 463 856 472 878 678 906 868 878 463 894 222 894 191 894 54 798 129 924 362 925 228 840 225 824 371 792 510
img12847.jpg 931 843 909 652 909 466 859 472 878 678 903 868 878 463 891 221 894 190 894 53 800 124 921 359 925 227 840 224 824 370 792 510
img12848.jpg 939 844 912 652 909 466 860 469 876 674 902 870 876 460 890 222 893 190 896 49 804 120 920 354 928 225 841 225 825 370 793 507
img12849.jpg 940 847 911 652 907 465 860 468 876 668 904 868 876 456 889 224 892 186 898 52 807 119 918 353 929 227 838 224 825 370 790 503
img12850.jpg 941 844 912 648 906 463 859 466 875 661 903 868 878 454 888 225 891 185 900 56 809 119 916 352 931 228 837 225 825 369 790 501
img12851.jpg 941 845 914 644 905 464 858 464 873 654 905 865 880 455 886 225 889 182 902 57 810 116 915 348 933 228 836 225 824 368 790 502
img12852.jpg 940 842 915 640 903 460 856 463 872 649 906 866 881 454 888 228 888 181 900 57 806 117 916 344 934 228 838 224 825 367 791 500
img12853.jpg 931 842 913 639 904 461 855 464 873 651 907 863 882 455 889 228 886 179 898 59 799 123 917 342 931 228 836 225 824 366 790 501
img12854.jpg 930 839 914 637 905 461 856 464 874 652 908 866 884 458 890 226 887 183 896 59 793 127 916 337 930 229 840 226 822 368 791 504
img12855.jpg 928 841 913 639 907 461 857 464 876 658 910 863 882 458 891 225 888 184 891 57 789 131 914 334 929 228 841 225 820 371 788 502
img12856.jpg 930 843 912 644 906 462 856 465 877 663 909 864 880 459 893 224 890 186 887 54 788 140 913 337 928 227 843 224 818 375 786 500
img12857.jpg 930 845 912 646 908 464 855 464 880 665 912 860 880 461 893 223 890 189 886 54 788 145 915 344 927 229 842 226 817 377 786 502
img12858.jpg 930 848 912 649 909 464 855 464 880 665 912 863 880 464 890 222 890 190 884 52 791 150 917 351 928 231 843 228 818 379 786 504
img12859.jpg 931 852 913 652 909 465 856 468 881 668 913 862 881 465 891 222 888 190 881 50 794 164 920 357 928 231 841 231 819 378 788 503
img12860.jpg 936 854 914 654 908 468 855 471 880 667 911 863 883 464 889 222 886 187 880 50 797 170 924 360 930 231 840 231 821 374 790 505
img12861.jpg 937 853 916 653 910 467 857 473 879 665 910 861 885 464 888 222 885 184 879 51 796 177 928 361 932 231 839 231 823 371 792 507
img12862.jpg 936 850 915 649 909 463 859 473 877 665 909 863 884 460 887 222 884 184 877 51 795 189 930 360 930 231 837 231 825 367 791 504
img12863.jpg 935 850 913 649 907 465 861 474 876 664 907 864 882 458 888 221 882 184 876 53 791 204 930 355 929 228 839 228 826 368 792 502
img12864.jpg 940 847 915 646 906 463 859 472 874 664 906 864 881 456 887 223 884 183 874 55 788 222 931 353 927 226 840 226 828 369 794 503
img12865.jpg 935 845 913 643 907 459 861 472 876 664 907 864 879 456 885 222 882 185 873 54 789 258 934 355 926 228 839 225 826 369 792 499
img12866.jpg 930 843 911 641 908 460 862 469 877 665 908 868 877 453 883 223 880 186 874 58 797 297 935 355 924 229 840 226 827 369 790 500
img12867.jpg 931 845 912 642 909 461 860 471 875 664 906 870 878 452 884 224 881 184 872 62 810 337 934 356 925 227 841 224 825 371 791 502
img12868.jpg 933 845 914 642 911 458 858 471 874 664 905 869 877 455 883 228 883 185 871 63 830 373 935 360 927 231 839 225 824 371 790 502
img12869.jpg 925 848 913 643 910 461 857 470 875 662 903 870 878 455 881 228 881 184 869 62 853 397 937 360 929 231 837 225 822 370 787 502
img12870.jpg 927 847 911 642 911 460 855 470 873 661 902 868 880 454 883 231 883 184 870 65 877 410 936 360 930 231 839 225 823 372 789 504
img12871.jpg 929 849 913 644 910 462 853 471 872 660 900 868 882 459 885 231 885 184 869 62 894 417 935 361 932 231 838 225 822 373 790 502
img12872.jpg 930 847 914 644 907 463 854 469 873 660 901 866 882 463 885 231 885 186 870 56 876 402 936 358 933 234 838 224 822 374 790 501
img12873.jpg 929 846 914 642 907 464 856 467 875 658 904 865 885 461 885 228 885 184 869 54 850 387 933 356 933 232 838 225 822 375 790 499
img12874.jpg 932 844 913 641 910 460 859 467 875 657 907 863 884 464 884 226 884 185 869 52 821 372 926 356 932 232 837 223 824 372 790 498
img12875.jpg 935 849 915 646 906 465 861 468 877 662 906 861 883 468 883 224 883 184 868 51 789 355 921 356 928 231 836 224 823 371 789 497
img12876.jpg 934 850 914 647 908 464 863 467 879 663 908 862 882 467 882 224 882 183 867 50 756 338 916 355 927 230 835 224 826 366 788 495
img12877.jpg 935 853 912 648 906 467 865 467 881 664 909 861 881 467 881 223 881 183 865 52 756 339 912 356 924 226 837 223 827 364 787 495
img12878.jpg 934 856 911 651 905 467 865 467 880 666 908 862 880 467 880 222 880 184 865 51 756 340 911 356 921 225 837 222 830 358 787 495
img12879.jpg 934 857 911 653 905 472 865 468 880 668 908 865 880 468 880 222 880 184 865 50 756 341 911 356 918 225 840 222 830 359 790 494
img12880.jpg 929 852 909 647 906 467 863 464 878 665 909 867 881 464 881 222 878 185 866 52 757 343 912 356 918 225 841 222 832 355 791 495
img12881.jpg 927 850 908 646 905 466 862 463 877 661 908 866 883 463 883 222 877 184 868 51 756 346 911 356 917 225 843 222 831 358 793 497
img12882.jpg 925 851 909 646 909 465 863 465 875 661 906 867 884 465 884 222 878 182 869 54 757 347 912 356 915 226 841 222 831 356 794 500
img12883.jpg 925 850 909 645 909 464 863 467 875 661 906 867 884 464 884 224 878 183 869 58 756 349 912 353 916 227 844 224 831 355 797 499
img12884.jpg 926 848 910 643 910 463 864 466 873 659 904 867 885 463 885 223 876 183 870 62 758 351 910 349 917 223 842 223 832 354 795 501
img12885.jpg 931 850 912 646 909 465 865 471 875 656 906 868 884 465 884 222 878 184 868 63 756 353 906 346 915 222 843 222 834 356 796 500
img12886.jpg 932 852 913 648 910 469 865 475 875 661 906 871 884 466 881 221 878 187 865 61 756 353 904 345 913 221 844 221 837 356 796 498
img12887.jpg 930 852 911 648 907 469 863 475 876 657 907 871 885 463 882 221 876 189 863 58 754 353 902 343 911 221 845 221 838 359 801 494
img12888.jpg 928 850 909 646 906 473 862 476 875 656 906 870 887 464 884 221 875 190 862 55 752 354 899 347 909 221 843 221 840 363 799 495
img12889.jpg 927 853 907 650 904 474 860 480 876 660 907 868 888 464 882 221 876 190 860 54 750 354 899 349 907 224 844 221 841 366 804 495
img12890.jpg 922 854 906 651 906 474 859 477 875 663 906 866 890 464 881 221 875 189 859 53 748 353 899 351 906 227 843 221 840 369 802 496
img12891.jpg 924 852 909 649 909 471 858 474 874 665 905 864 889 465 883 221 874 189 858 53 750 354 900 351 905 227 842 221 839 367 804 497
img12892.jpg 931 851 912 648 909 469 861 475 874 667 905 862 889 466 880 220 874 189 858 56 751 356 901 350 905 226 842 220 839 365 802 497
img12893.jpg 937 851 914 649 908 465 864 475 873 668 904 861 889 465 880 219 873 188 858 60 755 356 902 350 907 225 842 219 839 363 802 497
img12894.jpg 937 848 915 647 908 465 865 471 874 668 905 862 886 465 880 222 874 187 859 59 755 356 902 350 908 225 843 218 837 362 799 497
img12895.jpg 938 848 915 646 909 465 865 472 874 665 905 865 883 465 880 222 874 188 856 60 756 356 903 348 908 222 843 219 837 359 800 497
img12896.jpg 940 846 914 645 905 466 868 472 877 664 908 862 883 466 880 221 874 187 856 63 753 357 901 349 911 224 843 218 837 360 800 497
img12897.jpg 933 848 911 646 904 466 867 469 876 665 907 864 883 466 883 223 873 186 855 61 752 357 901 350 914 226 842 217 836 360 802 497
img12898.jpg 926 849 907 647 904 466 867 466 876 666 907 865 882 466 882 223 873 186 854 58 748 357 899 352 913 229 842 217 836 360 804 498
img12899.jpg 927 847 908 645 905 466 868 466 874 664 908 865 883 466 883 221 871 187 852 57 750 354 900 352 914 230 840 218 837 357 806 497
img12900.jpg 926 844 907 643 904 467 867 467 873 665 907 863 885 467 885 222 870 188 854 58 752 352 901 353 913 231 839 219 839 358 805 498
img12901.jpg 919 847 904 646 904 467 866 467 870 664 907 862 885 467 885 223 870 189 854 56 752 352 901 353 913 232 839 220 839 358 805 498
img12902.jpg 920 847 904 646 904 469 864 469 870 664 907 862 886 466 886 222 870 191 855 58 756 352 902 353 914 231 842 222 839 358 802 500
img12903.jpg 922 846 907 645 907 470 864 470 873 664 910 862 885 467 885 223 870 189 854 59 759 349 904 352 913 229 842 223 839 358 799 498
img12904.jpg 922 847 907 646 907 470 864 470 873 664 910 861 886 467 886 223 870 186 855 60 759 350 903 347 913 226 843 223 839 359 796 495
img12905.jpg 918 848 906 647 909 469 866 469 872 665 909 862 885 463 885 225 869 185 854 59 759 350 899 344 915 228 842 225 839 356 796 491
img12906.jpg 921 846 909 645 912 471 867 471 873 663 906 865 885 462 885 226 870 183 855 61 763 348 899 340 916 226 842 226 839 355 793 489
img12907.jpg 924 843 912 643 915 468 870 468 873 661 906 866 885 462 885 226 870 180 854 58 762 349 899 337 915 226 839 226 839 355 796 486
img12908.jpg 923 842 911 642 914 470 871 467 871 657 904 866 886 461 886 228 871 181 855 59 763 355 899 334 914 225 840 225 840 353 797 488
img12909.jpg 923 846 911 646 914 472 871 469 874 658 902 866 886 463 886 227 871 184 855 60 762 356 902 338 914 224 843 224 840 351 799 491
img12910.jpg 930 841 915 641 915 471 872 468 875 654 903 865 887 462 887 228 872 185 856 61 762 357 906 340 912 222 844 222 840 352 800 492
img12911.jpg 931 839 916 640 916 469 872 466 876 652 903 862 888 460 885 228 869 187 854 63 764 356 907 342 910 222 845 222 841 351 801 494
img12912.jpg 931 843 915 643 915 473 872 470 878 656 906 860 891 460 885 228 869 190 850 66 763 356 908 344 909 222 847 222 841 352 801 494
img12913.jpg 934 839 918 640 918 470 872 470 879 656 906 862 891 458 885 226 869 192 848 68 761 352 908 345 909 223 848 223 841 349 801 495
img12914.jpg 934 838 918 639 918 469 872 469 879 654 906 863 894 454 885 226 869 192 845 69 762 352 905 342 909 223 848 223 841 349 802 494
img12915.jpg 934 840 919 641 919 469 873 469 879 657 906 862 897 453 885 226 870 192 842 69 762 352 905 338 910 223 848 223 842 349 802 493
img12916.jpg 934 845 919 646 919 472 872 472 881 662 906 864 900 460 887 226 872 191 841 67 760 353 906 335 912 223 850 223 841 350 803 494
img12917.jpg 929 841 918 642 921 469 874 469 880 658 905 865 899 457 886 224 874 190 843 66 763 354 908 331 911 221 850 221 840 348 803 494
img12918.jpg 930 843 918 645 922 468 875 468 881 660 906 865 899 459 887 225 875 188 844 64 763 353 909 330 912 219 850 219 840 353 804 492
img12919.jpg 928 840 920 644 923 465 876 465 880 660 904 864 901 456 886 223 876 186 846 65 762 353 911 330 911 220 849 217 839 353 802 492
img12920.jpg 926 840 921 645 924 465 874 465 878 660 905 864 899 459 884 220 877 187 846 66 763 350 909 333 912 220 850 217 837 353 803 493
img12921.jpg 925 836 919 642 926 460 876 463 873 657 904 864 898 454 882 219 879 186 848 65 765 349 906 337 910 219 848 216 839 355 802 491
img12922.jpg 929 840 920 645 926 459 874 465 867 660 902 865 898 452 883 219 877 185 848 64 765 347 902 341 911 219 848 216 839 359 802 493
img12923.jpg 925 841 916 644 926 460 872 466 863 660 901 866 901 450 879 216 875 185 847 63 771 351 901 344 913 222 847 216 838 357 801 494
img12924.jpg 928 846 913 647 925 461 869 467 857 660 900 868 897 451 879 218 872 184 847 60 783 358 903 346 916 221 844 215 838 358 801 495
img12925.jpg 927 848 912 649 924 459 871 468 853 658 896 870 899 446 880 222 868 182 849 60 795 371 908 347 918 222 840 213 837 356 800 496
img12926.jpg 928 851 913 649 922 457 866 467 851 659 894 869 897 445 881 222 866 182 848 61 814 385 915 348 922 225 835 213 832 355 798 498
img12927.jpg 926 851 914 652 920 459 865 466 852 658 889 872 896 447 880 223 868 180 846 62 839 400 925 348 927 227 830 211 827 354 796 493
img12928.jpg 926 854 920 658 923 459 864 468 852 665 883 873 895 450 880 225 868 182 849 67 869 411 936 347 930 229 823 213 820 356 795 493
img12929.jpg 922 853 923 656 926 456 863 468 851 666 878 875 894 450 878 224 866 183 850 71 890 421 944 348 932 231 816 215 813 356 791 496
img12930.jpg 924 853 924 660 927 459 859 469 852 669 874 878 893 453 874 222 868 184 849 75 905 428 954 349 936 234 808 219 805 362 786 500
img12931.jpg 923 855 926 663 930 461 856 471 852 669 871 882 896 455 871 223 868 186 852 80 905 429 956 350 939 236 800 220 797 365 784 504
img12932.jpg 923 855 930 664 933 461 854 470 851 670 872 882 896 458 869 224 866 188 857 87 908 436 960 353 939 237 791 224 791 369 778 509
img12933.jpg 924 854 930 663 933 461 850 467 850 669 871 884 895 455 868 225 865 186 859 91 910 442 964 358 942 237 782 225 782 371 773 514
img12934.jpg 926 857 932 665 932 465 845 468 851 671 869 883 893 459 866 228 866 186 860 90 915 447 968 363 947 237 776 228 776 372 767 512
img12935.jpg 926 859 934 666 934 466 845 469 851 672 869 886 892 460 866 228 866 186 866 88 927 451 970 368 949 237 771 228 771 371 762 511
img12936.jpg 927 860 939 668 936 470 846 470 852 677 870 887 890 464 867 230 867 185 870 83 951 455 978 371 951 236 768 230 768 374 756 506
img12937.jpg 932 859 941 668 935 471 844 474 853 680 868 886 889 465 868 229 868 184 874 81 967 456 980 371 953 235 765 229 765 374 753 504
img12938.jpg 936 857 942 668 933 474 845 480 854 680 869 887 887 471 869 231 869 185 881 76 979 455 981 371 954 234 766 231 763 377 751 501
img12939.jpg 942 854 945 670 933 473 848 483 854 682 870 887 888 474 873 232 873 187 891 78 991 457 984 371 954 235 767 232 761 380 749 501
img12940.jpg 948 853 945 673 929 474 847 484 856 685 871 887 887 478 874 233 874 187 899 78 1000 459 984 371 957 233 771 233 761 380 749 499
img12941.jpg 952 852 943 672 928 474 848 486 855 684 870 886 885 480 876 233 879 190 912 80 1010 465 986 370 961 236 775 233 760 379 750 498
img12942.jpg 952 854 943 673 925 476 848 486 854 685 869 887 885 483 879 234 885 191 925 78 1020 470 986 372 964 237 781 234 762 378 753 498
img12943.jpg 952 856 943 674 921 476 844 485 856 683 868 884 884 485 881 234 890 191 939 82 1026 475 983 373 967 237 788 234 769 376 757 494
img12944.jpg 950 858 944 675 919 477 842 483 857 681 870 883 882 483 885 232 897 192 953 80 1034 480 981 374 972 238 796 232 777 374 764 489
img12945.jpg 949 857 946 675 918 475 844 481 857 678 869 879 881 481 891 231 906 191 968 80 1038 487 980 376 973 237 804 231 782 373 773 484
img12946.jpg 946 860 949 679 918 477 844 480 860 676 869 879 884 480 897 231 912 191 979 81 1041 492 979 382 976 237 813 231 792 370 783 483
img12947.jpg 944 860 950 680 923 475 846 478 865 674 868 873 886 478 905 231 920 194 993 81 1042 496 981 383 981 240 825 228 800 368 794 478
img12948.jpg 946 860 952 681 927 478 852 476 867 675 867 869 888 476 912 227 927 197 1003 79 1043 503 982 388 982 242 836 224 806 364 801 473
img12949.jpg 945 859 951 681 930 480 855 474 870 675 864 868 891 474 918 227 933 194 1014 83 1041 507 981 390 984 239 849 221 813 366 810 477
img12950.jpg 944 862 953 680 935 483 856 478 878 677 859 868 896 478 926 226 941 196 1026 84 1041 511 984 393 986 241 862 217 822 366 820 482
img12951.jpg 944 862 953 680 938 483 862 477 884 677 856 865 899 477 932 225 950 195 1038 86 1038 516 984 392 987 240 875 213 833 368 835 488
img12952.jpg 946 862 955 680 937 485 868 476 889 677 856 860 901 476 937 224 958 194 1048 86 1033 518 982 395 988 239 889 212 844 368 851 496
img12953.jpg 945 865 957 680 939 485 879 479 897 674 857 856 909 479 945 224 966 194 1058 87 1030 519 982 394 991 236 903 212 862 374 883 511
img12954.jpg 944 869 960 681 942 488 890 485 905 672 858 850 917 485 951 223 975 195 1065 85 1028 521 982 392 991 239 914 211 879 372 916 517
img12955.jpg 944 870 963 680 941 487 899 484 914 667 865 845 920 484 957 223 984 196 1070 85 1024 520 981 392 990 238 923 211 893 372 945 520
img12956.jpg 944 867 965 677 944 486 907 483 925 664 873 839 922 483 962 224 990 197 1076 83 1021 520 981 390 990 240 934 212 903 370 968 519
img12957.jpg 942 866 967 677 945 487 914 484 936 661 886 841 927 484 967 225 995 198 1082 83 1020 521 980 387 989 238 942 213 917 370 989 517
img12958.jpg 941 864 969 676 947 487 916 484 950 663 901 842 929 484 972 227 1000 196 1086 82 1019 521 978 388 988 240 950 212 924 368 994 510
img12959.jpg 939 863 970 674 952 491 924 485 971 665 921 841 933 485 976 227 1004 196 1091 81 1017 519 979 388 989 239 961 211 931 368 995 503
img12960.jpg 939 862 970 675 958 497 933 488 987 669 940 840 939 488 980 228 1008 197 1095 82 1017 518 977 387 989 237 968 212 938 369 999 497
img12961.jpg 939 863 973 675 961 503 942 491 1002 672 964 838 948 491 986 227 1014 196 1101 83 1017 519 976 387 992 233 976 212 948 371 1005 494
img12962.jpg 939 865 977 676 967 506 961 497 1018 676 986 837 961 497 989 226 1018 194 1106 87 1018 519 977 386 992 235 983 210 950 373 1008 491
img12963.jpg 939 866 981 679 978 508 981 498 1031 676 1009 837 974 498 993 226 1022 194 1114 86 1019 517 981 384 996 232 990 213 963 378 1018 492
img12964.jpg 943 865 988 681 985 506 998 496 1042 677 1030 840 991 499 997 226 1026 194 1122 89 1020 518 982 385 997 229 998 216 977 381 1025 490
img12965.jpg 947 863 998 682 995 503 1017 497 1052 679 1049 844 1008 500 1001 226 1030 194 1128 90 1020 519 985 386 1001 230 1004 220 991 385 1032 491
img12966.jpg 951 864 1009 685 1006 503 1037 500 1065 679 1062 848 1022 503 1006 226 1032 193 1130 99 1022 519 988 386 1006 232 1007 223 1005 386 1034 492
img12967.jpg 954 861 1023 688 1020 506 1045 499 1066 679 1069 852 1033 503 1014 230 1036 194 1133 101 1024 518 994 388 1011 232 1015 227 1020 388 1037 492
img12968.jpg 958 857 1041 689 1031 505 1052 498 1068 678 1074 855 1041 502 1019 229 1041 193 1136 102 1029 521 998 385 1016 235 1016 223 1025 384 1042 491
img12969.jpg 964 854 1060 691 1044 506 1059 500 1067 677 1074 858 1047 503 1028 233 1047 193 1139 99 1031 519 1004 383 1022 236 1022 227 1032 382 1048 492
img12970.jpg 972 848 1082 688 1053 503 1061 496 1073 670 1073 855 1049 500 1037 232 1052 192 1145 101 1037 519 1009 379 1027 234 1031 226 1041 381 1054 492
img12971.jpg 986 835 1107 683 1064 498 1064 492 1080 668 1070 848 1057 495 1044 233 1057 194 1151 90 1044 515 1015 375 1032 233 1041 227 1048 381 1062 490
img12972.jpg 1004 824 1133 674 1070 492 1070 488 1097 666 1067 842 1064 492 1050 230 1063 193 1160 87 1050 512 1021 372 1037 230 1047 227 1054 378 1070 488
img12973.jpg 1026 815 1159 665 1073 490 1076 486 1111 666 1065 833 1073 490 1057 232 1069 193 1166 87 1053 506 1027 370 1044 228 1060 229 1063 378 1076 486
img12974.jpg 1053 811 1180 653 1074 482 1083 482 1126 661 1068 824 1077 482 1059 228 1071 190 1172 87 1062 504 1033 369 1049 228 1065 225 1069 377 1081 481
img12975.jpg 1067 816 1186 654 1079 482 1090 479 1133 662 1070 819 1088 482 1063 227 1075 190 1177 82 1069 501 1041 368 1054 227 1072 224 1073 373 1088 479
img12976.jpg 1065 824 1177 653 1083 482 1098 476 1136 658 1075 817 1092 479 1068 225 1083 188 1183 83 1074 500 1047 370 1059 225 1080 222 1078 372 1095 478
img12977.jpg 1069 836 1160 655 1086 478 1107 472 1139 653 1081 817 1098 475 1074 226 1089 190 1187 80 1080 499 1053 368 1065 226 1086 223 1087 370 1106 478
img12978.jpg 1069 847 1139 661 1092 478 1109 469 1136 649 1081 817 1104 475 1080 226 1095 190 1191 79 1089 499 1059 370 1071 223 1092 223 1092 368 1109 477
img12979.jpg 1059 856 1122 667 1098 482 1113 469 1134 647 1083 819 1107 475 1089 226 1104 189 1196 78 1098 500 1064 371 1077 223 1098 223 1097 366 1116 478
img12980.jpg 1061 854 1115 665 1106 479 1118 469 1134 646 1086 822 1112 472 1096 227 1112 189 1202 81 1106 500 1071 370 1084 224 1102 224 1103 364 1121 478
img12981.jpg 1141 835 1151 653 1111 478 1120 471 1130 646 1086 826 1117 475 1102 228 1117 190 1208 78 1117 503 1080 369 1092 225 1108 225 1111 361 1123 476
img12982.jpg 1204 823 1190 642 1118 481 1124 471 1127 645 1085 829 1121 478 1109 229 1124 188 1213 80 1128 503 1087 371 1100 226 1115 226 1117 360 1126 473
img12983.jpg 1250 815 1230 631 1126 482 1136 472 1129 649 1087 836 1123 479 1117 229 1133 188 1221 83 1139 504 1095 371 1108 229 1120 229 1126 361 1134 472
img12984.jpg 1298 810 1266 622 1135 483 1138 476 1130 654 1084 843 1132 480 1123 231 1138 190 1231 85 1148 504 1104 371 1117 231 1126 228 1134 362 1142 472
img12985.jpg 1350 810 1302 619 1144 489 1145 483 1129 659 1082 850 1138 486 1132 233 1147 190 1240 86 1160 505 1113 375 1129 233 1132 228 1142 368 1150 476
img12986.jpg 1336 834 1303 632 1155 493 1149 487 1131 666 1079 853 1146 490 1143 235 1158 189 1250 87 1171 506 1124 379 1140 235 1137 226 1149 373 1160 480
img12987.jpg 1332 851 1302 642 1167 498 1155 495 1133 673 1078 857 1154 495 1151 237 1167 191 1262 87 1185 507 1139 381 1151 234 1145 225 1153 374 1166 484
img12988.jpg 1344 866 1301 656 1177 501 1156 501 1137 677 1076 857 1165 498 1162 239 1180 193 1274 90 1198 510 1153 385 1165 236 1156 224 1157 378 1176 490
img12989.jpg 1356 881 1301 668 1188 501 1161 501 1139 680 1078 854 1170 501 1176 239 1194 196 1285 93 1215 513 1170 388 1182 235 1167 226 1159 381 1187 496
img12990.jpg 1361 892 1300 680 1197 499 1161 496 1146 684 1079 853 1176 499 1188 239 1209 199 1300 99 1233 514 1185 390 1200 238 1179 226 1161 378 1199 494
img12991.jpg 1365 904 1305 689 1205 498 1165 496 1150 686 1080 856 1183 498 1201 241 1226 201 1317 104 1253 517 1204 392 1219 241 1192 229 1164 376 1212 494
img12992.jpg 1370 911 1313 697 1216 498 1165 492 1156 688 1081 857 1189 495 1219 242 1243 202 1337 112 1273 522 1222 395 1240 245 1204 230 1168 379 1225 495
img12993.jpg 1371 913 1321 699 1224 494 1169 488 1160 690 1082 856 1194 491 1239 241 1260 204 1357 114 1297 524 1245 397 1263 247 1215 232 1172 379 1237 492
img12994.jpg 1371 914 1333 702 1232 493 1178 487 1169 690 1084 857 1202 490 1257 242 1278 205 1378 118 1321 527 1266 402 1284 248 1230 230 1180 376 1249 486
img12995.jpg 1376 917 1343 699 1238 487 1189 484 1177 687 1087 853 1210 484 1275 242 1293 205 1401 112 1346 530 1290 404 1306 245 1244 229 1189 374 1260 481
img12996.jpg 1377 913 1350 698 1251 486 1199 483 1190 683 1094 849 1217 483 1291 237 1309 203 1420 107 1368 532 1310 406 1325 243 1254 228 1196 372 1272 473
img12997.jpg 1375 914 1353 696 1260 481 1210 481 1204 680 1104 845 1229 478 1307 232 1325 201 1437 98 1391 531 1332 407 1347 242 1263 223 1202 367 1286 462
img12998.jpg 1374 913 1356 695 1272 480 1219 480 1219 673 1113 841 1241 477 1319 230 1340 199 1453 93 1412 530 1350 405 1366 240 1275 218 1209 361 1299 450
img12999.jpg 1378 912 1360 693 1284 480 1228 477 1234 668 1121 831 1253 473 1331 226 1353 194 1466 85 1432 527 1369 404 1385 238 1281 213 1215 358 1312 443
img13000.jpg 1377 908 1365 697 1299 483 1236 477 1249 666 1132 820 1264 473 1343 222 1365 190 1475 80 1447 524 1384 401 1400 238 1286 209 1218 354 1305 438
img13001.jpg 1377 909 1368 697 1308 482 1244 473 1264 663 1149 810 1276 469 1355 220 1374 191 1485 80 1463 520 1399 400 1415 236 1292 207 1222 352 1292 440
img13002.jpg 1379 909 1373 700 1319 483 1255 470 1274 658 1159 796 1287 470 1360 216 1382 191 1490 80 1475 518 1414 400 1430 236 1296 207 1226 352 1274 448
img13003.jpg 1379 908 1379 701 1332 485 1265 472 1287 657 1175 782 1297 472 1367 215 1389 190 1494 76 1484 517 1427 399 1440 234 1300 206 1229 354 1252 459
img13004.jpg 1377 907 1380 705 1345 485 1272 472 1297 653 1191 777 1307 475 1371 214 1396 188 1495 73 1492 517 1438 396 1450 233 1300 207 1233 354 1227 465
img13005.jpg 1376 908 1383 704 1357 486 1281 473 1307 652 1203 778 1319 477 1376 215 1402 186 1494 71 1501 518 1450 397 1463 234 1300 208 1238 355 1220 473
img13006.jpg 1373 906 1386 701 1370 482 1287 472 1310 651 1212 777 1327 475 1380 217 1405 183 1492 65 1507 518 1463 397 1473 236 1300 208 1243 354 1219 475
img13007.jpg 1376 906 1390 703 1377 480 1289 471 1312 656 1231 786 1332 474 1387 220 1408 181 1487 62 1512 520 1472 394 1481 236 1302 208 1246 355 1222 477
img13008.jpg 1379 907 1392 703 1386 480 1296 467 1310 658 1251 797 1341 471 1392 222 1410 177 1482 61 1517 521 1481 395 1490 234 1300 207 1249 354 1225 476
img13009.jpg 1379 907 1395 701 1392 479 1304 467 1309 664 1272 811 1348 467 1398 224 1413 178 1477 61 1521 523 1491 397 1497 236 1302 207 1252 353 1228 479
img13010.jpg 1383 906 1396 699 1402 475 1311 467 1308 667 1294 830 1355 467 1402 225 1413 178 1468 61 1522 523 1499 396 1502 238 1302 205 1255 355 1234 482
img13011.jpg 1388 905 1398 699 1407 479 1319 470 1309 672 1316 851 1361 470 1404 226 1416 177 1457 61 1526 525 1501 394 1504 238 1303 204 1257 357 1239 486
img13012.jpg 1390 904 1401 698 1418 479 1326 474 1310 674 1337 874 1370 474 1404 222 1416 176 1450 56 1526 523 1508 391 1504 236 1301 204 1264 357 1242 490
img13013.jpg 1391 905 1403 699 1423 482 1332 476 1315 680 1352 895 1374 479 1406 220 1415 178 1438 58 1526 521 1513 392 1506 237 1299 204 1270 359 1245 493
img13014.jpg 1393 907 1407 701 1430 484 1337 481 1320 684 1367 911 1380 484 1407 220 1414 177 1424 57 1527 518 1514 391 1507 237 1300 204 1274 361 1247 498
img13015.jpg 1394 907 1411 701 1434 484 1341 481 1327 688 1381 921 1384 484 1408 217 1415 177 1411 57 1528 515 1515 391 1505 234 1301 208 1278 361 1248 501
img13016.jpg 1399 912 1417 703 1444 490 1347 483 1333 693 1390 930 1394 486 1410 216 1411 179 1401 56 1527 510 1517 393 1504 233 1300 209 1280 363 1250 503
img13017.jpg 1409 914 1422 702 1448 489 1351 482 1345 699 1395 935 1398 486 1411 219 1408 179 1388 56 1531 505 1518 396 1505 232 1301 209 1281 366 1255 506
img13018.jpg 1416 917 1426 702 1456 485 1356 482 1353 702 1399 942 1406 482 1409 222 1406 178 1380 58 1533 505 1516 395 1503 232 1303 212 1283 368 1259 508
img13019.jpg 1425 918 1429 699 1459 484 1360 484 1360 706 1403 948 1409 481 1406 222 1403 182 1370 66 1532 504 1519 395 1499 229 1300 212 1283 374 1264 510
img13020.jpg 1431 925 1430 702 1460 486 1360 486 1364 709 1404 952 1410 483 1404 226 1397 183 1361 63 1530 502 1520 396 1497 229 1300 213 1284 379 1267 512
img13021.jpg 1434 927 1427 702 1457 482 1360 485 1367 712 1407 955 1411 482 1400 228 1393 181 1350 65 1527 502 1520 392 1497 228 1300 215 1287 382 1270 518
img13022.jpg 1431 930 1424 701 1460 480 1364 486 1367 711 1407 955 1414 480 1400 228 1390 182 1341 73 1523 499 1519 390 1493 228 1301 215 1288 380 1271 522
img13023.jpg 1434 930 1422 698 1458 478 1365 488 1369 711 1409 957 1415 482 1398 225 1388 182 1332 69 1518 495 1522 388 1492 225 1302 215 1292 382 1272 525
img13024.jpg 1440 933 1421 698 1458 476 1371 483 1371 711 1408 957 1418 479 1398 224 1388 180 1324 62 1515 493 1519 385 1488 224 1304 217 1297 378 1273 526
img13025.jpg 1445 929 1421 696 1458 474 1378 480 1371 713 1408 955 1421 477 1394 221 1388 181 1317 66 1512 487 1519 376 1485 218 1307 218 1300 376 1277 527
img13026.jpg 1449 924 1422 692 1462 471 1382 481 1372 708 1405 956 1422 474 1392 220 1388 184 1311 70 1509 482 1519 371 1479 214 1312 217 1302 377 1278 528
img13027.jpg 1453 920 1420 694 1461 472 1387 478 1373 711 1404 957 1424 472 1390 219 1387 186 1302 68 1504 480 1518 364 1474 209 1313 219 1306 381 1279 529
img13028.jpg 1452 918 1418 695 1461 469 1392 476 1375 712 1402 954 1425 466 1392 220 1382 187 1292 74 1500 476 1514 358 1465 207 1315 220 1308 383 1282 532
img13029.jpg 1450 911 1417 695 1466 468 1397 474 1377 711 1400 954 1430 465 1390 221 1377 185 1285 80 1493 472 1510 353 1457 205 1318 221 1311 389 1285 533
img13030.jpg 1449 911 1417 696 1472 465 1403 475 1381 712 1400 956 1436 462 1391 221 1374 185 1277 88 1480 469 1501 350 1449 205 1322 224 1316 393 1286 536
img13031.jpg 1448 911 1419 696 1474 462 1410 472 1384 716 1403 953 1442 462 1390 221 1370 186 1266 94 1462 467 1488 348 1439 205 1325 228 1318 397 1286 537
img13032.jpg 1449 913 1423 695 1478 465 1413 475 1384 715 1404 951 1445 468 1387 225 1364 189 1261 101 1439 465 1471 348 1429 208 1329 231 1322 400 1290 536
img13033.jpg 1449 912 1426 700 1481 469 1420 479 1384 716 1403 954 1452 472 1384 228 1361 192 1254 107 1423 468 1459 350 1419 211 1332 237 1325 404 1292 537
img13034.jpg 1447 912 1428 707 1483 471 1424 484 1382 720 1405 955 1457 475 1382 233 1355 200 1245 115 1408 471 1449 353 1411 216 1336 243 1326 406 1293 540
img13035.jpg 1446 911 1430 710 1485 473 1433 486 1378 720 1407 953 1462 477 1375 240 1349 211 1236 126 1401 477 1442 358 1401 224 1336 247 1329 412 1294 544
img13036.jpg 1445 907 1429 718 1486 481 1438 494 1374 721 1409 952 1467 481 1368 247 1342 221 1227 138 1398 490 1439 370 1394 234 1339 250 1333 420 1294 551
img13037.jpg 1442 905 1429 722 1489 481 1448 497 1372 722 1416 950 1473 484 1363 254 1338 231 1218 152 1404 503 1440 381 1382 244 1341 257 1331 427 1293 560
img13038.jpg 1437 903 1430 728 1492 489 1458 502 1371 723 1424 944 1477 492 1356 266 1331 247 1207 172 1400 516 1435 396 1372 256 1340 266 1328 437 1291 570
img13039.jpg 1433 903 1435 727 1496 491 1469 504 1372 723 1430 937 1481 494 1351 275 1326 263 1198 190 1389 531 1425 416 1363 269 1338 275 1326 449 1290 580
img13040.jpg 1428 905 1436 733 1497 500 1475 509 1373 723 1433 932 1485 503 1346 286 1322 276 1189 210 1376 547 1418 436 1352 283 1337 286 1322 461 1289 590
img13041.jpg 1427 903 1441 735 1501 502 1489 511 1375 723 1433 927 1495 505 1342 299 1316 293 1181 231 1369 557 1410 454 1342 296 1333 299 1321 470 1300 597
img13042.jpg 1428 903 1447 742 1505 509 1499 517 1372 726 1432 923 1502 509 1335 314 1312 309 1175 252 1355 570 1401 474 1338 309 1329 317 1318 486 1297 611
img13043.jpg 1427 905 1456 745 1513 512 1505 526 1367 727 1430 922 1510 515 1331 328 1309 326 1175 272 1344 586 1392 492 1336 326 1328 331 1317 503 1294 629
img13044.jpg 1431 906 1463 756 1520 523 1509 536 1359 727 1429 922 1517 526 1329 346 1304 344 1174 298 1342 599 1389 509 1331 344 1326 352 1315 520 1291 647
img13045.jpg 1440 909 1476 765 1532 532 1514 547 1351 729 1427 921 1524 537 1328 366 1301 364 1175 319 1335 612 1380 529 1333 361 1325 374 1315 539 1286 665
img13046.jpg 1438 911 1480 781 1534 548 1516 564 1342 730 1425 920 1523 553 1327 387 1303 382 1178 346 1326 630 1373 551 1334 380 1324 398 1311 561 1269 691
img13047.jpg 1440 916 1474 798 1527 564 1518 577 1332 732 1425 922 1526 565 1327 408 1301 403 1180 375 1316 648 1365 574 1334 400 1324 418 1309 582 1263 711
img13048.jpg 1445 917 1474 818 1526 585 1518 592 1322 737 1425 922 1523 583 1328 429 1304 422 1180 402 1307 664 1360 596 1333 420 1323 442 1307 602 1258 729
img13049.jpg 1445 920 1472 837 1523 604 1518 611 1315 745 1426 924 1520 604 1328 449 1305 442 1180 427 1297 681 1356 617 1337 437 1323 463 1305 624 1253 747
img13050.jpg 1440 914 1460 859 1509 626 1519 630 1307 756 1429 928 1519 623 1330 469 1307 460 1183 453 1283 695 1346 636 1337 458 1323 486 1303 646 1248 766
img13051.jpg 1436 917 1451 878 1500 645 1518 650 1302 772 1433 938 1518 645 1333 490 1308 481 1184 472 1267 708 1335 655 1338 481 1324 505 1302 667 1244 783
img13052.jpg 1425 915 1450 897 1497 664 1519 668 1303 786 1426 950 1517 668 1335 509 1313 500 1186 491 1253 714 1325 668 1340 500 1326 526 1302 688 1241 799
img13053.jpg 1414 918 1438 914 1485 681 1523 687 1306 803 1405 965 1513 687 1336 528 1314 519 1187 506 1234 719 1311 681 1340 519 1329 547 1303 706 1239 816
img13054.jpg 1404 920 1430 934 1475 701 1524 707 1308 821 1373 978 1514 703 1338 546 1318 536 1189 521 1216 722 1298 694 1340 538 1331 566 1304 724 1236 835
img13055.jpg 1395 919 1431 952 1475 719 1521 727 1306 838 1329 986 1511 721 1340 564 1320 552 1189 530 1207 725 1291 704 1342 556 1333 581 1306 738 1236 850
img13056.jpg 1391 919 1431 969 1474 736 1518 746 1304 855 1282 984 1507 738 1341 578 1320 567 1191 540 1197 720 1282 707 1341 567 1337 597 1308 752 1235 865
img13057.jpg 1390 919 1434 985 1476 753 1513 767 1300 873 1247 973 1503 757 1343 591 1320 581 1191 550 1191 717 1276 712 1343 581 1339 609 1310 763 1233 877
img13058.jpg 1392 912 1452 995 1493 762 1509 780 1298 883 1230 950 1507 768 1345 602 1323 592 1194 559 1194 717 1280 716 1347 590 1341 620 1313 774 1235 885
img13059.jpg 1392 907 1453 1007 1492 774 1505 795 1295 895 1225 931 1501 782 1347 612 1325 602 1197 567 1190 708 1275 715 1349 598 1343 632 1316 782 1234 891
img13060.jpg 1401 911 1464 1014 1503 782 1505 803 1296 901 1231 918 1503 791 1347 620 1326 612 1200 578 1191 702 1276 715 1351 604 1343 641 1318 791 1233 900
img13061.jpg 1402 907 1480 1018 1518 785 1504 810 1296 906 1240 909 1502 797 1349 626 1329 616 1202 586 1197 700 1282 716 1356 610 1343 651 1320 797 1232 907
img13062.jpg 1401 902 1494 1018 1530 786 1504 817 1297 910 1249 906 1501 802 1351 630 1332 620 1205 590 1202 696 1286 715 1359 614 1344 657 1323 803 1233 914
img13063.jpg 1408 908 1480 1027 1516 794 1503 823 1297 914 1251 910 1500 806 1353 633 1334 623 1206 592 1200 674 1279 705 1361 617 1344 662 1324 808 1231 921
img13064.jpg 1386 898 1484 1030 1518 797 1501 824 1296 912 1251 914 1500 809 1355 635 1336 625 1209 594 1205 662 1280 699 1363 620 1344 663 1324 812 1228 926
img13065.jpg 1351 890 1476 1035 1509 803 1497 827 1294 913 1251 916 1495 812 1357 634 1338 625 1211 593 1207 643 1277 689 1363 621 1346 667 1324 816 1226 925
img13066.jpg 1353 900 1475 1036 1507 804 1497 829 1296 912 1251 918 1495 814 1358 637 1339 627 1211 595 1210 625 1274 680 1363 623 1347 667 1322 818 1222 922
img13067.jpg 1356 910 1465 1044 1496 812 1498 828 1298 909 1250 919 1495 816 1357 638 1339 628 1211 595 1213 605 1270 669 1363 623 1348 667 1323 820 1221 919
img13068.jpg 1348 907 1466 1046 1496 814 1494 828 1295 907 1251 921 1490 819 1359 639 1339 630 1211 596 1218 599 1271 666 1363 624 1348 669 1324 822 1222 919
img13069.jpg 1374 923 1466 1047 1495 815 1495 830 1298 906 1252 920 1491 821 1359 638 1339 630 1211 596 1225 589 1273 660 1365 625 1350 667 1326 821 1226 919
img13070.jpg 1400 935 1468 1048 1496 817 1500 831 1304 906 1252 918 1497 822 1361 639 1339 631 1210 596 1232 583 1274 657 1367 628 1350 667 1328 822 1234 919
img13071.jpg 1401 934 1471 1045 1497 813 1509 826 1314 898 1253 917 1500 821 1362 638 1338 630 1210 595 1237 578 1275 654 1368 627 1351 665 1329 823 1238 922
img13072.jpg 1403 932 1472 1044 1498 812 1509 826 1316 895 1252 915 1504 820 1365 637 1339 628 1211 592 1242 574 1277 652 1369 626 1350 665 1328 822 1238 924
img13073.jpg 1409 932 1488 1040 1512 808 1516 825 1325 893 1252 913 1511 816 1366 636 1340 626 1211 590 1246 570 1279 650 1372 625 1353 664 1326 820 1238 921
img13074.jpg 1405 932 1501 1033 1525 802 1519 823 1329 889 1251 912 1514 812 1365 637 1337 623 1208 586 1244 575 1277 654 1369 626 1352 663 1324 819 1238 918
img13075.jpg 1413 929 1505 1028 1527 797 1520 820 1331 883 1251 914 1514 807 1365 634 1336 619 1207 581 1244 575 1277 653 1366 623 1353 659 1323 814 1236 912
img13076.jpg 1409 922 1495 1031 1516 800 1515 820 1328 881 1248 914 1517 802 1364 632 1335 614 1206 576 1247 570 1279 650 1364 621 1352 655 1321 808 1236 902
img13077.jpg 1406 912 1494 1024 1514 794 1517 813 1332 872 1250 915 1519 793 1361 627 1333 609 1204 570 1250 564 1279 645 1362 618 1353 647 1320 801 1236 892
img13078.jpg 1400 909 1483 1017 1502 787 1514 804 1331 861 1247 918 1517 787 1358 618 1332 600 1204 560 1252 556 1279 638 1358 612 1352 636 1320 792 1233 881
img13079.jpg 1404 907 1471 1008 1489 778 1519 790 1337 845 1253 916 1514 776 1358 607 1333 590 1205 547 1254 546 1282 623 1358 601 1354 624 1318 780 1230 865
img13080.jpg 1406 905 1467 993 1484 763 1524 773 1344 825 1262 911 1515 761 1355 596 1332 579 1206 537 1255 535 1284 609 1357 587 1353 611 1317 769 1227 851
img13081.jpg 1413 908 1482 971 1498 741 1525 756 1347 807 1269 907 1516 746 1354 582 1332 567 1207 525 1247 528 1283 598 1356 575 1354 595 1317 754 1227 837
img13082.jpg 1416 913 1485 951 1500 721 1529 739 1349 789 1277 903 1515 731 1353 565 1331 551 1209 513 1265 494 1284 590 1356 560 1353 578 1317 739 1228 818
img13083.jpg 1425 917 1486 934 1500 704 1535 718 1343 776 1285 906 1516 711 1352 549 1331 535 1210 498 1263 536 1283 583 1354 544 1352 563 1317 722 1229 799
img13084.jpg 1434 918 1485 915 1498 686 1534 702 1331 766 1288 910 1520 693 1352 528 1331 517 1212 484 1262 572 1283 577 1354 526 1352 544 1319 704 1229 781
img13085.jpg 1435 919 1487 899 1499 670 1530 687 1317 760 1293 917 1518 677 1352 507 1331 497 1212 464 1260 609 1285 570 1355 504 1352 521 1319 684 1231 758
img13086.jpg 1440 922 1476 886 1486 657 1532 670 1309 757 1311 923 1518 662 1353 488 1331 478 1215 441 1249 614 1289 560 1355 483 1350 500 1322 664 1229 735
img13087.jpg 1447 922 1477 870 1486 641 1530 649 1301 754 1333 926 1518 644 1355 466 1333 457 1213 417 1215 649 1292 548 1355 461 1350 478 1326 641 1230 710
img13088.jpg 1445 916 1488 850 1497 621 1526 634 1304 750 1363 925 1521 627 1358 444 1334 436 1215 394 1209 614 1304 536 1358 439 1353 451 1329 619 1232 686
img13089.jpg 1444 916 1499 832 1507 603 1521 616 1310 747 1391 928 1522 609 1360 422 1335 412 1217 369 1206 574 1316 520 1363 414 1353 427 1333 596 1234 659
img13090.jpg 1439 914 1500 812 1507 584 1517 597 1317 746 1413 928 1523 589 1361 401 1337 388 1217 340 1201 536 1324 504 1363 393 1353 406 1340 567 1236 636
img13091.jpg 1434 913 1500 794 1506 566 1511 579 1323 744 1427 929 1517 569 1362 376 1338 362 1218 317 1213 529 1333 489 1365 371 1354 384 1344 541 1240 611
img13092.jpg 1429 914 1504 776 1508 549 1506 562 1332 741 1435 933 1514 551 1362 354 1340 340 1221 290 1228 523 1344 474 1365 348 1356 359 1349 517 1243 587
img13093.jpg 1428 907 1496 762 1500 535 1500 543 1340 736 1438 933 1508 535 1363 331 1343 317 1222 262 1239 508 1353 457 1368 326 1354 340 1354 494 1249 563
img13094.jpg 1424 894 1490 749 1492 522 1492 528 1348 732 1439 930 1501 522 1365 312 1344 298 1223 236 1251 503 1363 447 1368 310 1356 318 1362 472 1253 540
img13095.jpg 1423 892 1488 739 1489 512 1486 515 1357 725 1441 928 1495 509 1369 291 1345 279 1229 213 1266 494 1375 433 1372 291 1357 296 1369 455 1256 518
img13096.jpg 1424 888 1487 729 1487 502 1481 502 1367 719 1439 927 1490 499 1373 273 1349 261 1234 185 1279 483 1386 420 1376 273 1361 279 1379 438 1258 499
img13097.jpg 1426 889 1482 721 1481 495 1472 495 1375 718 1439 925 1484 489 1378 257 1353 244 1237 162 1285 467 1393 407 1381 257 1366 263 1387 424 1262 482
img13098.jpg 1426 895 1477 717 1475 490 1466 490 1386 716 1438 923 1478 484 1383 247 1355 228 1237 145 1286 460 1396 400 1383 247 1370 250 1395 410 1266 465
img13099.jpg 1428 897 1471 712 1468 486 1461 489 1395 717 1439 925 1474 480 1386 234 1358 212 1245 127 1283 447 1395 389 1386 234 1373 237 1401 401 1270 452
img13100.jpg 1433 895 1468 712 1464 486 1454 489 1402 716 1438 926 1464 483 1390 225 1362 203 1248 111 1279 437 1393 381 1387 225 1377 228 1405 394 1276 440
img13101.jpg 1434 892 1464 709 1459 483 1446 486 1410 716 1439 923 1459 480 1391 220 1367 195 1253 103 1279 430 1393 377 1391 220 1382 220 1407 389 1281 428
img13102.jpg 1435 891 1459 704 1453 479 1441 485 1417 712 1439 925 1453 479 1395 216 1367 188 1260 96 1281 427 1393 374 1395 216 1385 216 1410 381 1285 421
img13103.jpg 1437 898 1456 700 1449 475 1436 484 1422 709 1438 926 1448 475 1397 211 1372 183 1270 87 1286 419 1393 369 1396 211 1390 211 1412 377 1286 417
img13104.jpg 1436 905 1456 695 1448 470 1433 480 1426 705 1436 924 1442 470 1398 210 1375 181 1274 80 1295 416 1395 370 1401 210 1394 210 1414 375 1287 413
img13105.jpg 1436 906 1454 690 1445 466 1429 476 1426 705 1436 922 1442 466 1398 211 1379 179 1280 77 1305 414 1399 372 1407 211 1398 211 1414 374 1286 412
img13106.jpg 1435 914 1455 688 1445 465 1425 477 1429 704 1435 924 1438 465 1403 212 1380 177 1283 73 1310 410 1401 375 1409 212 1400 209 1416 371 1286 409
img13107.jpg 1436 909 1453 690 1442 466 1426 476 1426 709 1432 919 1436 466 1403 214 1384 178 1287 71 1312 407 1403 376 1410 210 1400 210 1416 372 1287 407
img13108.jpg 1438 902 1451 693 1439 470 1425 476 1425 710 1435 915 1432 470 1406 213 1383 181 1286 71 1306 404 1399 376 1413 210 1403 210 1419 376 1286 405
img13109.jpg 1438 901 1455 693 1442 470 1425 477 1425 710 1438 917 1435 470 1409 215 1383 179 1286 72 1304 405 1399 377 1412 211 1406 211 1419 377 1286 405
img13110.jpg 1434 901 1452 692 1438 470 1428 476 1425 711 1438 917 1434 470 1409 215 1383 180 1286 74 1300 403 1399 374 1412 209 1406 212 1418 376 1286 405
img13111.jpg 1434 898 1445 695 1440 470 1427 476 1421 712 1437 917 1434 470 1408 214 1382 182 1287 73 1295 404 1396 371 1411 208 1408 214 1418 377 1287 406
img13112.jpg 1433 900 1442 699 1442 469 1423 479 1420 710 1439 919 1433 469 1410 212 1382 180 1285 74 1292 405 1394 370 1414 209 1410 212 1417 376 1285 405
img13113.jpg 1430 904 1439 698 1446 466 1420 479 1417 712 1436 922 1433 466 1408 214 1382 178 1283 76 1294 408 1398 371 1414 211 1411 214 1414 374 1286 405
img13114.jpg 1430 906 1426 699 1442 469 1417 478 1414 711 1436 921 1430 466 1404 214 1379 179 1280 77 1293 408 1398 371 1414 211 1410 214 1414 373 1286 405
img13115.jpg 1434 902 1427 697 1443 472 1415 484 1415 712 1437 921 1431 471 1402 212 1377 177 1276 79 1287 410 1393 373 1409 212 1412 212 1412 374 1285 405
img13116.jpg 1432 904 1426 696 1442 474 1420 487 1417 711 1439 923 1432 474 1398 212 1373 178 1272 83 1287 411 1394 373 1407 212 1410 212 1410 377 1284 408
img13117.jpg 1434 905 1424 693 1440 480 1424 489 1418 715 1437 921 1434 480 1393 215 1368 180 1265 87 1282 416 1389 376 1400 215 1406 212 1409 377 1284 412
img13118.jpg 1433 905 1427 687 1443 482 1430 488 1418 715 1436 920 1436 482 1390 215 1365 184 1263 88 1282 420 1389 376 1393 215 1402 212 1405 380 1281 417
img13119.jpg 1434 900 1431 688 1443 485 1437 488 1419 719 1434 915 1440 485 1385 215 1363 187 1256 95 1279 423 1386 376 1385 215 1397 212 1403 381 1277 421
img13120.jpg 1431 902 1431 687 1450 484 1440 484 1416 718 1434 915 1443 481 1382 216 1357 192 1247 102 1283 429 1389 377 1382 216 1391 216 1400 382 1274 426
img13121.jpg 1432 889 1434 682 1450 483 1441 480 1413 718 1435 912 1447 480 1377 220 1352 196 1236 111 1282 434 1388 379 1374 220 1386 221 1398 385 1273 431
img13122.jpg 1431 886 1440 676 1456 477 1443 477 1409 717 1435 914 1452 474 1373 222 1348 201 1228 118 1287 438 1393 380 1373 222 1382 225 1394 388 1268 438
img13123.jpg 1429 888 1439 679 1456 480 1447 480 1407 716 1438 916 1456 477 1367 228 1339 207 1217 130 1283 444 1391 385 1367 228 1373 231 1392 394 1266 443
img13124.jpg 1427 892 1443 678 1460 479 1448 482 1402 716 1440 920 1457 479 1362 233 1335 215 1209 138 1287 452 1392 388 1362 233 1368 239 1387 399 1264 455
img13125.jpg 1426 890 1448 677 1465 479 1453 485 1399 720 1439 923 1462 479 1354 243 1327 222 1201 149 1291 461 1394 393 1354 240 1363 246 1384 406 1260 466
img13126.jpg 1430 901 1454 675 1472 477 1460 485 1395 720 1437 925 1469 477 1348 250 1321 232 1191 161 1299 473 1396 399 1348 247 1357 250 1378 411 1255 479
img13127.jpg 1433 898 1457 678 1476 479 1465 487 1394 720 1437 923 1473 479 1340 260 1314 243 1182 174 1305 486 1396 407 1340 257 1351 260 1369 421 1250 495
img13128.jpg 1440 888 1459 679 1479 481 1470 486 1390 721 1432 918 1478 478 1332 271 1307 254 1173 189 1313 503 1396 420 1332 271 1346 268 1357 430 1245 513
img13129.jpg 1441 888 1464 679 1484 480 1478 488 1389 720 1430 921 1487 477 1324 284 1297 268 1164 211 1321 518 1396 432 1324 284 1337 279 1349 439 1242 529
img13130.jpg 1441 890 1464 683 1484 484 1487 490 1385 718 1430 920 1489 479 1318 296 1291 285 1154 231 1323 533 1393 447 1318 299 1331 290 1339 452 1240 548
img13131.jpg 1438 889 1462 687 1483 489 1494 492 1380 719 1430 921 1494 481 1311 309 1285 300 1149 250 1324 546 1390 461 1314 311 1324 306 1329 467 1237 568
img13132.jpg 1434 896 1470 692 1491 494 1500 496 1374 722 1429 922 1497 486 1306 325 1279 317 1142 270 1330 560 1390 474 1308 325 1319 320 1324 483 1237 588
img13133.jpg 1429 905 1467 698 1489 500 1502 505 1370 722 1432 926 1499 492 1303 342 1277 336 1140 288 1329 572 1387 488 1306 337 1313 337 1319 501 1236 607
img13134.jpg 1434 913 1469 708 1492 510 1505 512 1363 726 1432 926 1500 500 1300 359 1275 357 1139 309 1330 585 1385 504 1305 350 1310 352 1310 521 1235 629
img13135.jpg 1436 919 1464 719 1488 521 1504 519 1357 726 1429 925 1500 510 1296 378 1272 376 1141 332 1326 600 1380 522 1303 364 1306 371 1303 540 1233 649
img13136.jpg 1440 926 1460 735 1484 537 1505 535 1353 729 1429 924 1498 526 1293 402 1272 397 1140 360 1323 614 1370 539 1300 383 1302 392 1300 559 1233 671
img13137.jpg 1441 926 1448 751 1472 553 1507 549 1344 730 1429 924 1498 542 1290 421 1269 419 1139 388 1314 629 1359 559 1299 402 1299 412 1297 579 1233 693
img13138.jpg 1445 926 1444 765 1469 567 1508 563 1335 734 1427 926 1497 558 1286 442 1265 440 1138 417 1314 645 1354 578 1295 426 1297 435 1295 599 1233 713
img13139.jpg 1445 924 1446 771 1472 573 1498 584 1327 737 1425 930 1498 575 1285 463 1263 459 1140 440 1327 650 1358 583 1295 443 1297 456 1295 620 1233 732
img13140.jpg 1445 922 1463 783 1489 585 1498 605 1321 743 1425 932 1501 594 1285 483 1262 476 1140 458 1354 651 1372 582 1296 461 1296 476 1294 641 1233 752
img13141.jpg 1447 923 1473 797 1499 599 1494 620 1315 749 1427 934 1503 612 1286 499 1262 495 1143 477 1380 649 1389 578 1297 476 1295 495 1293 662 1234 771
img13142.jpg 1440 928 1487 810 1514 612 1495 637 1317 759 1431 938 1503 627 1288 516 1265 512 1147 495 1414 637 1406 565 1297 491 1297 512 1294 682 1235 787
img13143.jpg 1442 930 1502 824 1529 626 1496 656 1319 773 1429 939 1506 643 1289 532 1268 528 1150 511 1447 615 1419 545 1297 507 1299 526 1297 700 1238 804
img13144.jpg 1442 930 1504 849 1532 652 1505 670 1321 791 1429 942 1509 662 1289 547 1270 545 1153 526 1459 611 1419 540 1300 522 1301 541 1299 716 1239 820
img13145.jpg 1439 932 1500 859 1529 662 1507 687 1323 810 1428 952 1509 677 1292 561 1274 561 1159 543 1465 610 1417 537 1302 535 1304 555 1302 730 1243 834
img13146.jpg 1426 930 1502 869 1532 672 1506 705 1323 829 1421 963 1510 687 1293 572 1276 574 1163 554 1466 615 1411 541 1303 549 1307 570 1305 742 1245 846
img13147.jpg 1434 929 1500 879 1530 682 1505 720 1321 846 1416 976 1510 703 1295 584 1277 584 1168 563 1463 628 1408 551 1306 559 1306 587 1306 753 1246 858
img13148.jpg 1425 926 1502 890 1532 693 1502 736 1319 864 1414 994 1511 717 1299 593 1278 593 1171 572 1460 648 1409 562 1312 563 1308 600 1306 762 1246 868
img13149.jpg 1414 927 1501 897 1532 700 1501 746 1317 876 1413 1007 1510 728 1301 600 1281 602 1174 581 1464 663 1411 573 1313 576 1309 611 1309 771 1246 875
img13150.jpg 1410 921 1501 912 1532 715 1497 756 1314 887 1411 1019 1508 739 1303 607 1282 609 1175 587 1468 675 1413 582 1310 586 1310 620 1310 778 1245 881
img13151.jpg 1411 915 1501 924 1533 727 1496 765 1313 898 1411 1030 1507 751 1305 615 1282 615 1175 592 1475 686 1421 588 1314 592 1312 626 1312 785 1245 886
img13152.jpg 1405 912 1504 934 1536 738 1494 773 1311 908 1409 1041 1508 756 1306 619 1284 621 1176 598 1482 695 1427 594 1315 599 1316 629 1312 790 1243 891
img13153.jpg 1409 914 1504 941 1537 744 1494 778 1312 915 1411 1049 1509 761 1308 622 1287 624 1179 601 1488 703 1434 598 1319 604 1315 635 1313 795 1241 893
img13154.jpg 1412 910 1502 947 1535 751 1494 785 1312 923 1412 1058 1509 764 1309 626 1288 626 1180 602 1489 714 1439 603 1322 605 1317 641 1313 798 1239 895
img13155.jpg 1408 916 1502 951 1536 755 1495 790 1313 931 1414 1066 1510 768 1314 627 1291 627 1183 603 1490 724 1442 607 1327 607 1317 644 1314 801 1237 897
img13156.jpg 1408 916 1500 953 1534 756 1495 794 1313 936 1415 1072 1510 771 1316 628 1296 628 1188 603 1486 733 1440 611 1326 611 1316 650 1313 803 1233 898
img13157.jpg 1408 917 1497 957 1532 761 1497 796 1315 940 1418 1077 1508 775 1319 629 1298 629 1190 603 1482 743 1439 616 1326 614 1317 653 1313 805 1231 898
img13158.jpg 1403 914 1496 959 1531 763 1497 798 1317 945 1420 1082 1507 780 1321 631 1299 631 1191 605 1478 751 1439 619 1327 616 1319 655 1314 806 1232 899
img13159.jpg 1413 915 1494 957 1530 761 1497 798 1317 946 1420 1084 1505 783 1324 631 1301 631 1193 604 1473 756 1434 620 1324 618 1321 655 1314 808 1232 902
img13160.jpg 1416 911 1486 963 1522 767 1497 800 1317 949 1421 1088 1502 785 1323 633 1301 631 1193 604 1464 768 1432 627 1323 622 1323 657 1316 808 1233 902
img13161.jpg 1421 910 1487 964 1525 768 1499 801 1319 953 1425 1092 1505 784 1325 633 1303 631 1194 604 1462 775 1434 629 1326 622 1326 654 1317 810 1234 902
img13162.jpg 1427 913 1488 963 1526 767 1498 802 1319 955 1425 1095 1506 785 1325 634 1303 632 1194 603 1459 779 1437 628 1331 619 1327 654 1318 811 1234 903
img13163.jpg 1428 910 1489 962 1528 767 1500 800 1321 955 1428 1096 1506 783 1327 632 1304 630 1196 601 1453 782 1435 627 1331 617 1326 653 1317 809 1233 903
img13164.jpg 1415 907 1491 962 1529 767 1503 797 1324 954 1432 1096 1508 780 1328 630 1305 628 1197 599 1451 787 1439 627 1336 615 1326 651 1319 807 1234 901
img13165.jpg 1411 907 1498 955 1537 760 1505 793 1327 952 1435 1094 1510 777 1329 627 1307 625 1199 594 1451 783 1439 619 1336 609 1327 646 1317 803 1234 901
img13166.jpg 1402 907 1496 950 1536 755 1504 787 1326 947 1436 1090 1508 773 1328 622 1308 618 1199 587 1448 780 1438 613 1336 604 1326 640 1316 797 1239 897
img13167.jpg 1392 905 1495 943 1536 748 1499 778 1322 941 1432 1084 1507 762 1327 613 1308 607 1199 575 1447 775 1437 604 1335 597 1325 630 1316 788 1243 892
img13168.jpg 1391 908 1491 933 1532 738 1496 767 1319 931 1430 1075 1506 751 1326 601 1306 595 1197 563 1445 768 1434 593 1332 589 1326 615 1316 779 1249 886
img13169.jpg 1394 912 1479 925 1520 730 1495 754 1319 921 1431 1065 1505 738 1323 589 1302 581 1195 549 1438 762 1432 584 1326 579 1327 597 1317 765 1254 875
img13170.jpg 1395 915 1464 911 1506 716 1496 737 1321 905 1433 1050 1506 720 1323 572 1302 564 1193 531 1433 755 1434 573 1326 566 1329 576 1319 749 1259 863
img13171.jpg 1398 919 1461 892 1503 698 1497 717 1322 887 1435 1033 1507 702 1324 554 1300 545 1192 512 1433 742 1436 556 1323 550 1330 555 1322 730 1265 849
img13172.jpg 1409 923 1453 877 1496 683 1498 698 1324 870 1438 1017 1505 687 1324 533 1300 526 1192 490 1429 730 1444 542 1324 531 1331 531 1326 709 1273 832
img13173.jpg 1409 922 1448 861 1492 666 1500 680 1326 854 1441 1001 1505 669 1324 513 1301 501 1196 462 1428 717 1452 526 1326 510 1331 509 1329 687 1281 813
img13174.jpg 1416 923 1457 838 1501 644 1498 661 1325 837 1441 984 1503 649 1326 489 1302 477 1199 430 1436 697 1463 501 1331 487 1331 487 1331 663 1288 794
img13175.jpg 1423 922 1461 821 1505 627 1493 642 1320 820 1437 968 1498 632 1326 465 1304 453 1202 397 1436 678 1470 480 1331 463 1329 465 1334 639 1297 774
img13176.jpg 1424 919 1456 808 1501 615 1489 624 1317 804 1433 956 1494 617 1328 440 1305 427 1205 359 1428 662 1479 464 1335 437 1330 440 1335 613 1305 750
img13177.jpg 1423 913 1452 790 1498 596 1490 606 1318 787 1435 944 1493 601 1329 416 1308 400 1209 327 1424 646 1484 447 1335 416 1332 416 1337 587 1314 724
img13178.jpg 1429 914 1449 771 1496 578 1482 589 1315 773 1432 936 1488 583 1333 389 1311 375 1211 294 1419 626 1493 427 1338 389 1335 389 1344 561 1319 696
img13179.jpg 1426 912 1445 758 1492 565 1474 573 1319 760 1429 931 1483 567 1339 363 1316 349 1220 260 1410 608 1500 411 1341 363 1336 363 1347 536 1327 669
img13180.jpg 1428 909 1444 741 1492 548 1465 557 1322 751 1427 929 1480 551 1343 340 1319 322 1235 225 1407 588 1511 395 1348 337 1337 337 1351 510 1331 641
img13181.jpg 1432 910 1443 727 1491 533 1455 542 1331 746 1428 927 1473 536 1345 319 1325 297 1251 195 1404 571 1521 381 1354 315 1336 312 1354 489 1333 617
img13182.jpg 1429 912 1441 714 1490 521 1444 527 1338 738 1429 927 1465 521 1350 299 1329 274 1265 161 1399 556 1529 370 1359 295 1338 292 1356 466 1335 594
img13183.jpg 1428 908 1435 702 1484 510 1434 516 1347 733 1428 927 1459 513 1353 280 1335 252 1285 129 1396 542 1513 362 1362 277 1338 274 1356 443 1338 575
img13184.jpg 1428 907 1426 697 1476 504 1425 508 1355 731 1431 926 1453 508 1355 264 1342 235 1297 107 1393 530 1494 359 1367 261 1342 258 1358 424 1339 558
img13185.jpg 1427 907 1419 690 1469 498 1417 504 1365 728 1433 927 1443 504 1359 247 1346 218 1304 88 1392 519 1473 356 1372 247 1346 244 1359 410 1339 543
img13186.jpg 1426 906 1409 685 1459 493 1413 503 1373 724 1436 926 1433 503 1363 235 1350 205 1311 73 1421 484 1461 338 1376 235 1350 235 1360 397 1340 532
img13187.jpg 1430 905 1399 687 1450 495 1406 505 1383 723 1437 926 1426 505 1369 225 1356 195 1319 60 1449 418 1443 306 1379 225 1356 225 1362 390 1339 528
img13188.jpg 1429 907 1395 693 1445 496 1402 503 1392 723 1439 924 1418 503 1372 219 1362 189 1325 52 1457 346 1439 273 1385 219 1362 219 1362 389 1335 526
img13189.jpg 1429 906 1390 696 1440 496 1401 502 1401 721 1440 923 1412 502 1379 215 1367 182 1334 41 1503 243 1448 219 1390 215 1367 215 1362 390 1333 524
img13190.jpg 1425 904 1392 706 1441 492 1392 492 1408 723 1441 920 1408 492 1376 213 1376 180 1343 32 1437 157 1411 184 1392 213 1376 213 1359 394 1326 525
