ResultRaw1 ResultRaw2 ResultRaw3 ResultRaw4 ResultRaw5 ResultRaw6 ResultRaw7 ResultRaw8 ResultRaw9 ResultRaw10 ResultRaw11 ResultRaw12 ResultRaw13 ResultRaw14 ResultRaw15 ResultRaw16 ResultRaw17 ResultRaw18 ResultRaw19 ResultRaw20 ResultRaw21 ResultRaw22 ResultRaw23 ResultRaw24 ResultRaw25 ResultRaw26 ResultRaw27 ResultRaw28 ResultRaw29 ResultRaw30 ResultRaw31 ResultRaw32 ResultRaw33
img08211.jpg 1462 902 1413 688 1413 508 1413 508 1413 721 1446 934 1430 508 1446 229 1430 180 1380 49 1380 492 1413 393 1446 213 1462 229 1430 393 1380 508
img08212.jpg 1457 898 1413 692 1419 508 1419 508 1419 726 1458 920 1419 508 1452 218 1436 180 1385 35 1385 488 1419 386 1452 213 1457 218 1436 397 1374 508
img08213.jpg 1457 897 1410 693 1424 502 1424 505 1420 723 1454 920 1424 505 1454 217 1437 177 1387 36 1387 490 1422 379 1454 214 1457 217 1430 395 1373 509
img08214.jpg 1456 896 1408 694 1429 498 1429 505 1422 724 1456 917 1425 502 1456 215 1439 175 1388 33 1388 489 1426 373 1456 215 1456 215 1429 394 1371 509
img08215.jpg 1455 897 1411 694 1428 498 1428 505 1421 725 1459 918 1425 501 1455 217 1438 176 1387 34 1384 488 1427 372 1455 217 1455 217 1425 393 1371 512
img08216.jpg 1458 898 1414 693 1431 495 1431 501 1421 724 1462 917 1431 498 1455 217 1438 177 1387 35 1384 487 1430 372 1455 217 1455 221 1421 393 1367 512
img08217.jpg 1462 899 1414 694 1434 496 1431 500 1418 722 1462 918 1434 493 1455 217 1438 179 1387 38 1387 488 1434 374 1451 217 1451 220 1421 392 1364 513
img08218.jpg 1465 898 1417 696 1434 498 1431 501 1414 724 1458 920 1434 494 1455 217 1438 180 1387 34 1386 488 1435 378 1451 217 1451 224 1421 389 1360 515
img08219.jpg 1468 898 1417 697 1434 499 1427 499 1411 722 1455 924 1434 496 1454 216 1438 182 1387 37 1386 488 1436 381 1451 216 1451 222 1421 388 1357 516
img08220.jpg 1472 899 1415 696 1439 496 1425 500 1409 721 1449 925 1432 496 1456 215 1439 178 1388 37 1391 492 1439 382 1452 215 1449 222 1422 386 1355 513
img08221.jpg 1472 901 1408 696 1439 494 1425 501 1405 720 1442 926 1432 494 1456 214 1439 177 1388 35 1390 496 1439 383 1452 214 1449 221 1422 386 1355 515
img08222.jpg 1463 908 1403 699 1436 493 1426 503 1406 723 1443 925 1426 500 1453 217 1436 176 1386 31 1385 503 1436 386 1453 213 1450 224 1419 389 1352 517
img08223.jpg 1455 918 1394 701 1435 493 1425 504 1408 722 1445 927 1425 500 1452 218 1435 174 1384 33 1384 508 1435 386 1452 214 1445 221 1418 389 1351 517
img08224.jpg 1447 926 1390 705 1434 494 1423 504 1410 723 1447 926 1420 504 1451 217 1434 173 1383 32 1383 513 1434 386 1451 214 1441 221 1417 393 1349 518
img08225.jpg 1439 933 1387 712 1432 498 1425 505 1412 724 1449 927 1425 505 1446 217 1429 173 1381 32 1382 514 1432 384 1449 210 1436 220 1412 393 1348 521
img08226.jpg 1436 936 1387 715 1434 499 1424 502 1414 723 1448 928 1427 505 1444 220 1428 173 1377 36 1384 515 1433 381 1448 210 1428 220 1407 391 1350 522
img08227.jpg 1438 937 1390 715 1435 499 1418 499 1415 724 1445 927 1428 503 1442 217 1425 173 1374 37 1388 509 1435 377 1445 211 1422 221 1405 391 1354 523
img08228.jpg 1439 935 1392 715 1435 499 1414 499 1414 724 1445 926 1428 502 1438 218 1421 174 1373 37 1388 507 1433 378 1441 212 1418 222 1401 393 1356 526
img08229.jpg 1441 935 1394 715 1434 499 1414 499 1414 722 1444 925 1427 499 1434 221 1417 174 1369 36 1387 504 1431 376 1438 211 1414 225 1397 393 1359 530
img08230.jpg 1443 935 1396 715 1434 500 1410 500 1411 719 1441 925 1421 500 1431 221 1414 174 1362 36 1387 504 1428 378 1431 215 1411 225 1393 397 1359 534
img08231.jpg 1441 933 1394 714 1430 499 1406 499 1409 717 1440 929 1416 499 1423 218 1406 173 1361 35 1382 503 1423 377 1427 215 1406 225 1392 395 1357 533
img08232.jpg 1445 930 1398 712 1432 497 1404 501 1404 715 1442 929 1415 501 1418 221 1401 173 1359 31 1381 504 1419 376 1421 214 1401 224 1387 397 1356 535
img08233.jpg 1446 927 1400 709 1431 494 1403 501 1400 714 1441 930 1414 498 1410 220 1396 175 1351 32 1383 503 1419 373 1417 213 1396 223 1382 397 1355 536
img08234.jpg 1445 924 1399 707 1427 492 1396 499 1396 714 1441 929 1410 496 1403 218 1389 177 1344 31 1382 502 1413 373 1410 215 1389 222 1379 395 1351 534
img08235.jpg 1439 923 1394 706 1420 492 1392 499 1392 714 1444 926 1406 492 1395 218 1385 180 1340 31 1391 495 1412 367 1403 215 1382 221 1375 392 1347 533
img08236.jpg 1437 924 1391 708 1415 494 1384 501 1387 714 1442 921 1398 494 1391 218 1380 181 1336 29 1390 495 1413 363 1394 215 1377 222 1370 394 1343 535
img08237.jpg 1429 925 1383 710 1405 496 1375 500 1348 695 1380 896 1388 493 1381 217 1374 183 1327 33 1384 494 1409 359 1385 217 1371 220 1364 391 1337 534
img08238.jpg 1349 897 1343 693 1394 502 1364 502 1345 695 1377 893 1374 499 1374 219 1365 184 1316 45 1374 496 1404 356 1374 216 1361 222 1358 392 1329 532
img08239.jpg 1349 896 1340 693 1387 506 1353 506 1341 696 1313 872 1363 502 1367 220 1357 184 1308 48 1367 499 1402 354 1367 217 1354 227 1351 394 1321 532
img08240.jpg 1347 892 1337 690 1379 506 1343 509 1340 702 1246 852 1353 509 1360 223 1344 184 1299 54 1346 502 1392 353 1360 217 1347 230 1344 397 1314 529
img08241.jpg 1349 891 1335 692 1369 509 1333 512 1299 693 1181 837 1343 512 1350 228 1334 186 1285 59 1334 502 1379 357 1350 219 1337 232 1334 400 1304 529
img08242.jpg 1349 892 1333 690 1357 512 1324 515 1295 707 1176 847 1334 515 1341 230 1321 188 1276 62 1320 502 1365 360 1341 221 1324 234 1324 404 1291 532
img08243.jpg 1425 922 1361 711 1344 514 1306 517 1254 700 1113 837 1320 514 1327 232 1310 192 1270 52 1302 498 1347 365 1330 226 1313 236 1313 406 1279 535
img08244.jpg 1423 922 1350 711 1329 516 1295 519 1215 690 1114 847 1306 516 1312 236 1296 196 1259 54 1283 497 1328 370 1315 230 1299 236 1299 405 1268 536
img08245.jpg 1426 923 1341 709 1314 519 1280 519 1175 682 1113 859 1291 515 1297 240 1284 199 1243 56 1264 496 1309 374 1301 233 1284 240 1284 407 1256 539
img08246.jpg 1415 919 1321 701 1291 517 1264 520 1199 691 1174 872 1271 517 1278 241 1264 201 1231 60 1238 491 1284 377 1281 235 1267 241 1267 403 1244 540
img08247.jpg 1400 912 1297 696 1272 513 1252 517 1220 697 1174 879 1252 513 1259 243 1246 200 1216 61 1215 487 1262 379 1265 236 1252 243 1252 398 1232 536
img08248.jpg 1376 908 1272 692 1257 508 1240 512 1239 703 1232 885 1240 512 1244 242 1228 197 1202 63 1194 482 1243 382 1247 236 1237 242 1234 395 1218 531
img08249.jpg 1345 905 1246 689 1242 506 1227 509 1251 712 1228 887 1230 509 1225 240 1212 196 1189 68 1169 476 1233 385 1230 233 1221 240 1218 393 1200 528
img08250.jpg 1301 897 1211 687 1226 501 1214 504 1254 712 1279 885 1217 504 1205 235 1196 191 1177 66 1143 471 1224 389 1214 232 1205 235 1202 384 1181 523
img08251.jpg 1280 886 1191 687 1219 497 1204 497 1224 709 1266 870 1207 497 1192 230 1182 189 1163 64 1121 458 1215 386 1204 230 1192 230 1189 380 1164 516
img08252.jpg 1270 869 1175 688 1208 494 1190 494 1194 706 1265 868 1199 491 1180 227 1171 187 1148 65 1097 449 1204 379 1190 224 1177 224 1174 377 1143 509
img08253.jpg 1258 849 1158 684 1198 489 1177 489 1162 700 1207 863 1186 486 1167 226 1158 185 1135 64 1071 437 1194 374 1180 219 1164 219 1164 372 1127 504
img08254.jpg 1263 821 1151 679 1183 481 1164 481 1130 692 1207 861 1173 478 1158 223 1145 179 1120 66 1051 426 1174 370 1167 217 1155 217 1155 368 1111 497
img08255.jpg 1271 793 1148 673 1173 477 1154 477 1100 686 1156 863 1163 471 1151 222 1132 179 1108 71 1033 414 1152 362 1157 216 1145 216 1148 366 1096 489
img08256.jpg 1234 797 1139 671 1164 474 1142 474 1075 677 1104 868 1155 468 1142 222 1124 176 1100 68 1019 410 1136 363 1145 213 1136 213 1139 363 1081 483
img08257.jpg 1197 808 1131 666 1158 473 1131 470 1047 668 1096 864 1146 467 1134 221 1116 175 1090 72 1004 398 1122 364 1137 211 1128 214 1131 362 1071 476
img08258.jpg 1168 820 1127 663 1151 470 1121 467 1024 660 1080 857 1136 465 1127 219 1109 174 1078 75 994 388 1107 362 1127 210 1122 215 1121 361 1059 470
img08259.jpg 1130 843 1117 661 1147 468 1111 465 1001 655 1065 853 1129 462 1120 219 1102 174 1070 69 980 376 1095 358 1123 207 1114 213 1114 361 1049 468
img08260.jpg 1099 870 1111 664 1141 466 1099 463 983 651 1046 849 1120 463 1111 217 1095 175 1066 61 965 366 1082 357 1114 205 1108 211 1102 363 1041 469
img08261.jpg 1093 864 1101 656 1131 463 1086 461 968 650 1035 844 1110 461 1101 217 1089 175 1059 64 950 355 1069 356 1107 206 1098 211 1092 365 1035 470
img08262.jpg 1083 857 1091 651 1121 461 1078 461 958 648 1026 841 1099 458 1090 218 1081 175 1054 55 936 347 1058 353 1099 206 1090 209 1084 366 1026 477
img08263.jpg 1084 857 1086 653 1110 461 1069 461 950 650 1023 839 1091 458 1082 219 1073 178 1051 52 921 341 1042 349 1091 210 1082 210 1076 367 1019 480
img08264.jpg 1084 857 1080 654 1101 463 1060 463 946 651 1015 841 1079 460 1073 219 1067 181 1044 50 905 336 1022 346 1082 212 1073 212 1067 368 1013 482
img08265.jpg 1086 855 1075 655 1091 467 1053 467 945 655 1001 845 1072 461 1066 222 1059 181 1037 54 890 334 1008 340 1075 213 1066 216 1059 369 1005 483
img08266.jpg 1092 863 1073 662 1082 472 1045 475 943 662 981 854 1061 466 1061 222 1051 184 1026 57 874 333 992 333 1067 216 1058 219 1051 371 994 488
img08267.jpg 1100 871 1074 672 1071 479 1033 482 945 668 961 861 1046 476 1052 224 1043 186 1018 62 857 334 974 328 1059 220 1049 224 1039 372 989 489
img08268.jpg 1097 872 1069 675 1059 487 1022 490 947 675 940 869 1034 480 1043 226 1034 185 1006 66 840 333 959 326 1050 223 1037 226 1031 373 981 493
img08269.jpg 1095 874 1063 676 1048 492 1010 495 942 683 926 874 1026 482 1035 228 1023 184 998 72 822 325 945 319 1038 225 1026 228 1020 375 973 498
img08270.jpg 1092 874 1054 677 1038 493 998 496 936 686 920 877 1016 483 1023 230 1010 186 985 70 806 323 929 317 1029 227 1013 230 1007 380 963 502
img08271.jpg 1088 869 1043 678 1028 494 989 494 929 688 917 879 1012 482 1011 231 999 183 973 66 792 322 917 317 1015 228 1002 231 996 380 958 504
img08272.jpg 1084 867 1029 676 1020 489 978 493 924 689 914 883 1007 477 1000 232 988 183 962 61 777 321 901 316 1004 229 991 232 988 383 949 509
img08273.jpg 1080 861 1018 676 1015 485 970 488 915 689 915 888 1002 472 989 232 976 183 950 56 768 322 889 313 992 229 979 232 976 384 941 511
img08274.jpg 1077 855 1008 677 1015 479 965 486 909 687 913 888 998 469 978 228 965 182 939 51 760 331 879 314 985 229 971 232 965 384 932 512
img08275.jpg 1071 848 998 675 1004 476 958 483 905 685 911 888 988 470 971 227 958 180 928 48 745 323 866 310 975 230 961 230 958 380 925 513
img08276.jpg 1064 844 989 675 998 474 949 484 903 685 912 890 975 471 959 227 949 181 919 49 738 326 854 309 969 230 952 230 949 382 916 514
img08277.jpg 1060 840 982 674 991 478 946 485 896 683 913 889 972 472 952 227 939 181 913 51 731 328 849 308 959 227 946 230 939 380 906 511
img08278.jpg 1052 841 974 671 984 479 942 486 896 684 912 886 965 473 945 225 932 183 906 49 724 329 842 306 951 225 938 228 932 382 899 508
img08279.jpg 1044 841 967 666 973 479 935 485 896 682 912 886 957 469 938 226 928 185 899 52 718 329 835 307 944 223 931 226 925 382 892 507
img08280.jpg 1035 843 965 666 971 479 929 489 897 682 913 885 952 470 929 225 923 187 894 51 717 341 836 309 939 222 926 228 916 383 884 508
img08281.jpg 1029 846 961 667 964 481 925 488 896 683 913 885 948 472 925 224 916 186 890 49 714 342 834 307 935 221 922 228 909 381 877 507
img08282.jpg 1019 848 960 671 960 478 921 488 898 684 914 884 940 471 921 223 914 187 881 46 711 341 832 306 930 223 914 226 904 380 872 508
img08283.jpg 1007 849 955 670 955 479 916 489 896 683 912 884 935 472 916 222 909 184 877 47 708 342 828 305 925 222 909 229 900 378 864 511
img08284.jpg 994 853 955 675 949 484 913 491 897 685 913 886 929 481 913 225 903 183 871 47 706 345 825 304 919 222 903 231 897 377 858 510
img08285.jpg 987 857 951 676 945 485 909 492 896 686 912 886 925 482 912 227 900 182 867 49 705 343 822 306 916 224 900 230 893 379 854 508
img08286.jpg 980 863 951 676 945 484 906 494 897 686 912 885 922 481 909 227 897 182 864 51 704 343 819 307 912 224 897 230 890 381 851 510
img08287.jpg 976 866 947 675 941 490 903 496 896 687 912 882 919 483 906 228 893 181 864 53 705 343 816 308 912 225 896 231 887 381 848 509
img08288.jpg 972 868 947 675 940 487 899 497 896 688 912 879 915 484 905 229 893 181 864 54 705 344 816 310 912 226 896 229 883 382 848 506
img08289.jpg 971 866 942 672 939 485 898 495 895 688 911 877 914 479 904 229 892 179 866 55 706 346 819 310 911 226 895 229 882 381 847 507
img08290.jpg 969 864 940 667 937 484 899 490 893 683 909 879 915 474 903 228 890 180 868 57 708 350 821 311 909 224 893 231 883 379 845 509
img08291.jpg 967 864 942 667 935 484 897 490 891 683 907 879 913 474 904 228 891 180 866 57 706 353 819 314 907 224 891 231 881 379 847 509
img08292.jpg 966 863 941 663 935 480 897 487 891 679 907 881 913 471 903 228 891 181 865 58 706 357 818 318 907 222 891 231 881 379 846 509
img08293.jpg 970 862 942 660 932 480 897 486 891 679 907 881 913 470 904 227 891 183 869 59 705 360 818 322 907 221 891 230 881 379 847 508
img08294.jpg 972 862 944 661 931 481 896 488 892 680 908 881 912 475 902 225 892 184 867 56 704 359 815 324 905 222 892 228 880 379 847 507
img08295.jpg 974 862 946 663 930 483 894 489 894 685 910 878 910 479 901 225 894 184 865 52 701 360 814 328 904 222 894 229 878 380 849 505
img08296.jpg 976 861 944 662 928 482 896 489 896 685 912 878 912 479 899 225 896 184 867 49 703 360 816 328 903 222 893 229 880 377 848 505
img08297.jpg 976 860 944 665 931 482 896 492 896 687 912 879 912 482 902 223 896 184 870 50 704 360 816 329 902 223 893 226 880 377 848 505
img08298.jpg 975 860 943 669 934 484 895 493 895 688 911 882 911 484 902 222 895 184 870 50 704 359 819 328 902 222 892 229 880 375 851 503
img08299.jpg 974 862 942 669 936 483 895 495 895 688 911 885 911 483 904 220 895 186 873 53 705 359 822 331 904 220 892 230 879 375 851 505
img08300.jpg 973 865 942 671 939 485 895 498 895 686 911 884 911 485 904 221 895 184 876 55 706 356 826 331 907 218 891 228 879 375 851 507
img08301.jpg 972 866 941 669 941 488 894 497 894 685 910 885 910 485 904 222 894 184 878 59 706 353 828 334 910 215 891 228 878 375 850 507
img08302.jpg 971 865 943 668 940 487 896 493 893 681 908 884 912 481 902 224 893 184 880 58 705 346 833 337 908 218 890 231 880 374 852 509
img08303.jpg 972 865 944 670 941 487 896 493 893 683 909 881 912 481 903 225 893 184 881 55 707 339 837 337 909 219 890 228 881 376 849 512
img08304.jpg 971 862 945 669 942 486 897 493 894 679 910 878 913 480 900 226 894 184 881 53 711 329 842 335 910 220 887 230 881 377 853 512
img08305.jpg 971 857 948 670 942 483 897 490 894 680 910 879 913 477 903 226 894 184 884 52 717 316 846 335 910 223 884 229 881 377 852 513
img08306.jpg 969 853 953 674 940 481 897 491 894 680 911 879 914 478 904 227 894 184 884 50 725 305 852 333 911 223 884 230 878 380 852 514
img08307.jpg 970 855 953 672 940 481 894 494 897 682 914 878 914 481 904 226 897 186 884 47 735 292 854 332 911 222 884 229 874 381 851 514
img08308.jpg 969 856 955 669 939 480 892 493 899 679 916 879 916 480 902 226 899 186 885 46 742 276 855 332 912 223 882 230 872 379 853 513
img08309.jpg 971 860 957 673 935 480 892 493 899 683 915 880 915 480 905 228 899 186 889 45 748 261 853 332 912 225 882 228 872 382 850 513
img08310.jpg 970 861 960 674 934 481 894 495 901 681 917 880 914 481 904 226 901 188 888 44 754 247 853 330 914 223 884 226 872 380 849 514
img08311.jpg 973 864 960 673 934 482 895 495 901 680 918 881 914 482 904 226 901 188 891 42 756 230 848 328 914 226 885 226 873 378 847 515
img08312.jpg 973 865 960 675 934 478 898 491 898 678 914 881 914 478 905 227 902 185 895 43 757 211 838 308 918 223 885 227 873 378 844 514
img08313.jpg 972 863 960 675 934 477 899 486 896 678 911 880 915 477 905 227 902 183 899 45 764 192 831 285 921 221 886 227 873 381 841 515
img08314.jpg 972 860 959 670 936 474 898 483 895 677 911 882 917 474 904 226 904 181 904 46 770 176 826 263 927 220 885 226 872 381 840 516
img08315.jpg 974 861 955 670 935 472 897 482 893 676 909 881 919 472 903 229 903 180 909 47 774 162 819 241 929 222 883 229 871 381 838 514
img08316.jpg 972 858 953 670 937 471 895 480 892 677 908 880 917 471 904 229 904 180 911 48 779 150 815 220 930 219 882 229 869 384 837 513
img08317.jpg 971 857 952 668 936 474 891 483 891 678 910 879 916 474 907 229 904 181 913 50 782 144 819 212 933 219 878 229 869 385 837 515
img08318.jpg 970 854 951 668 935 475 891 488 891 677 910 879 916 472 909 229 903 178 916 52 782 139 820 208 932 220 875 229 869 384 834 516
img08319.jpg 971 854 951 671 933 478 888 488 892 677 910 876 913 475 910 229 904 182 916 52 781 131 822 200 933 220 876 229 866 384 831 516
img08320.jpg 969 853 953 671 931 479 884 492 890 677 909 875 912 476 912 228 906 184 918 52 783 124 824 193 934 219 875 228 865 385 831 517
img08321.jpg 969 853 953 669 931 479 884 489 890 679 909 875 912 476 912 226 906 185 921 52 785 118 827 184 938 220 874 226 864 385 830 517
img08322.jpg 971 853 955 673 933 477 885 486 892 679 907 875 913 470 910 226 907 182 923 52 789 111 827 178 939 220 876 226 863 385 828 514
img08323.jpg 973 854 956 675 934 474 886 484 892 682 908 874 911 474 908 224 908 186 924 49 795 112 826 182 941 221 877 224 861 385 829 512
img08324.jpg 973 855 956 675 937 470 886 483 892 685 908 874 911 474 908 223 908 185 924 47 801 114 825 191 944 220 876 223 861 384 828 512
img08325.jpg 973 855 957 676 941 470 889 480 892 685 908 874 911 474 908 223 908 185 925 47 804 113 823 198 944 220 876 223 861 384 828 512
img08326.jpg 973 857 957 677 941 468 889 481 892 683 909 873 912 474 909 223 909 185 925 46 808 113 821 206 944 220 876 223 861 384 828 513
img08327.jpg 973 856 957 676 941 469 886 482 892 685 909 872 912 479 909 221 909 189 925 47 809 112 844 241 944 221 876 221 860 386 828 511
img08328.jpg 972 857 957 676 940 468 886 481 892 682 909 874 915 475 909 222 909 187 925 52 807 107 868 267 947 219 877 222 861 385 829 509
img08329.jpg 971 859 955 676 939 470 889 483 892 679 908 875 917 471 911 221 911 186 924 56 798 107 890 294 942 218 876 224 860 385 829 508
img08330.jpg 969 860 954 676 938 469 885 485 891 679 907 876 919 466 913 219 910 185 923 60 791 109 914 322 941 216 876 225 860 385 829 507
img08331.jpg 968 857 953 675 937 471 882 486 891 678 906 876 922 462 916 218 910 184 922 63 784 111 937 350 940 215 876 227 860 385 829 505
img08332.jpg 967 858 952 676 936 473 881 488 890 679 906 876 921 460 918 217 909 183 921 63 781 114 936 353 940 214 875 229 860 383 829 510
img08333.jpg 968 858 953 678 934 476 878 491 890 681 906 877 918 463 918 215 909 184 921 59 777 119 932 357 934 218 875 230 859 386 831 510
img08334.jpg 969 856 953 680 934 478 877 493 890 683 906 876 915 468 918 215 909 183 921 57 787 114 933 358 937 218 877 231 862 386 833 512
img08335.jpg 968 855 953 677 933 477 880 493 889 684 905 878 914 471 918 217 912 185 921 55 793 110 933 357 936 217 880 230 864 385 835 512
img08336.jpg 968 857 952 675 936 477 882 493 888 685 904 879 913 474 917 216 914 187 920 53 799 106 933 357 936 216 882 229 866 385 837 512
img08337.jpg 969 857 953 679 933 477 882 494 888 685 905 880 908 481 914 218 914 188 921 49 804 105 931 354 934 218 882 228 866 386 840 510
img08338.jpg 969 854 953 680 937 478 882 495 888 686 905 880 908 485 914 219 914 190 921 50 811 102 935 350 937 216 882 226 866 384 840 511
img08339.jpg 970 855 954 678 937 479 880 495 890 688 906 881 909 485 912 219 912 193 922 51 809 103 936 347 934 216 880 222 864 386 841 508
img08340.jpg 972 855 956 683 936 479 878 495 891 690 907 877 904 489 910 217 910 191 923 51 810 103 936 347 933 220 878 223 865 385 842 508
img08341.jpg 974 857 958 687 931 478 876 495 893 690 909 876 902 488 909 218 909 188 925 51 811 103 928 352 931 224 876 224 867 384 844 508
img08342.jpg 974 856 958 687 932 478 877 495 893 690 909 875 902 488 909 215 909 186 925 53 811 102 921 356 932 225 877 225 870 381 844 508
img08343.jpg 974 857 958 687 928 478 876 494 893 690 909 873 899 488 909 217 909 188 925 50 809 103 912 361 928 227 876 227 870 383 844 507
img08344.jpg 975 857 958 689 925 476 876 492 892 689 909 873 896 489 909 216 909 187 925 49 809 103 902 368 925 230 876 230 873 381 843 509
img08345.jpg 975 857 958 689 925 475 876 492 893 689 909 873 896 489 909 219 909 190 925 48 809 102 892 374 925 229 876 229 870 384 843 508
img08346.jpg 975 857 958 689 925 475 876 492 893 689 909 873 896 488 909 219 909 190 925 48 809 102 892 375 925 229 876 229 866 387 843 508
img08347.jpg 974 859 958 686 928 477 876 493 893 689 909 875 899 487 909 219 909 193 925 49 809 102 894 377 932 225 876 229 863 389 841 509
img08348.jpg 974 861 954 681 928 477 877 493 893 688 909 877 899 486 909 219 909 190 925 50 804 105 899 373 932 226 877 229 864 389 841 509
img08349.jpg 970 860 951 676 928 475 877 492 906 686 909 876 902 482 909 220 909 188 925 52 814 186 905 365 931 223 877 230 860 389 841 508
img08350.jpg 968 859 949 672 930 476 878 492 907 686 907 878 907 479 910 219 910 187 923 52 813 189 907 346 933 222 878 228 862 386 840 508
img08351.jpg 968 858 948 672 932 478 878 494 907 686 907 877 907 481 910 219 910 187 923 53 813 187 916 338 932 222 878 228 862 385 836 510
img08352.jpg 967 857 948 674 932 477 878 493 906 685 906 876 903 483 910 221 910 186 922 52 820 180 924 331 929 225 878 228 862 384 836 509
img08353.jpg 966 856 950 678 934 478 877 494 906 688 906 875 903 484 909 221 909 189 922 53 828 174 927 327 931 224 877 227 861 383 836 510
img08354.jpg 969 856 953 682 937 480 877 495 893 689 906 875 899 489 909 220 909 188 922 52 818 94 929 327 931 226 877 226 862 385 833 511
img08355.jpg 971 858 955 683 936 480 876 492 891 690 907 874 898 486 907 220 907 188 923 54 820 93 935 337 930 226 876 229 860 385 834 511
img08356.jpg 971 857 955 683 933 480 876 492 892 689 908 873 895 489 908 219 908 187 924 54 820 94 934 338 933 226 876 229 860 384 835 511
img08357.jpg 972 858 956 683 930 480 876 492 892 690 908 874 895 489 908 219 908 187 924 54 813 100 932 339 933 226 876 229 860 385 835 511
img08358.jpg 972 858 956 683 930 482 877 492 892 689 908 874 899 488 908 218 908 186 924 52 813 102 932 339 934 224 877 228 860 384 835 511
img08359.jpg 971 857 955 680 930 483 876 493 892 690 907 876 901 487 907 221 907 186 923 53 809 102 932 339 933 224 876 227 860 382 838 512
img08360.jpg 970 859 954 682 932 482 879 495 891 688 907 878 904 489 907 223 907 185 923 52 809 104 934 341 935 226 879 226 863 381 837 514
img08361.jpg 970 859 954 680 935 481 878 494 890 689 906 878 906 488 906 226 906 188 922 50 808 108 934 341 935 226 881 226 865 379 839 514
img08362.jpg 970 857 954 677 938 480 877 493 890 690 906 876 909 484 906 226 906 185 922 49 806 111 936 341 935 226 884 226 867 378 841 513
img08363.jpg 971 857 955 676 939 477 877 494 890 689 906 877 906 484 906 227 906 186 923 52 805 111 935 341 936 227 884 227 870 380 841 513
img08364.jpg 972 859 956 678 936 477 877 494 890 688 907 875 907 484 907 227 907 188 923 49 806 114 933 344 939 227 884 227 874 382 840 513
img08365.jpg 973 856 957 678 934 480 874 496 891 688 907 875 904 487 907 226 907 190 924 48 807 113 911 308 940 223 881 226 871 384 841 509
img08366.jpg 973 855 957 680 934 483 875 500 891 687 907 877 904 486 907 223 907 190 924 49 807 111 893 276 940 220 878 226 868 388 842 509
img08367.jpg 973 854 957 684 931 484 878 500 891 687 908 877 908 484 908 221 911 192 924 51 808 110 871 245 937 218 878 228 868 389 842 510
img08368.jpg 973 855 957 685 931 486 878 503 892 685 908 878 908 483 908 222 911 192 924 49 809 110 850 215 937 215 878 228 865 389 843 512
img08369.jpg 974 852 957 686 934 487 879 503 892 686 908 878 908 484 908 220 911 190 925 50 810 106 832 181 938 213 879 229 862 390 843 510
img08370.jpg 973 855 957 686 934 488 879 504 892 686 908 878 908 484 908 218 911 188 924 52 807 104 833 186 937 214 879 230 862 390 843 510
img08371.jpg 973 856 957 687 934 485 882 501 892 687 908 879 908 485 911 218 911 186 924 52 807 104 831 187 937 215 878 231 866 388 843 511
img08372.jpg 973 855 956 683 937 485 882 501 892 686 908 881 905 488 911 219 908 186 924 50 807 105 833 187 940 216 875 229 865 388 843 511
img08373.jpg 972 854 956 682 936 484 884 500 891 685 907 883 907 487 914 219 907 186 923 50 861 109 832 187 939 219 874 228 868 387 842 510
img08374.jpg 971 855 955 680 936 483 887 499 890 683 906 884 906 486 913 221 906 188 923 49 861 109 831 189 939 221 877 227 871 386 841 512
img08375.jpg 971 853 955 678 939 481 890 497 890 685 906 885 906 488 913 223 906 190 922 48 861 108 830 190 939 223 877 226 874 385 841 513
img08376.jpg 971 853 954 678 938 482 890 498 890 685 906 885 906 485 909 224 906 191 922 46 857 106 828 191 938 224 877 224 874 385 842 514
img08377.jpg 971 852 955 681 938 481 890 497 890 684 906 885 906 487 909 223 906 190 922 45 854 105 827 190 938 223 877 223 874 385 842 513
img08378.jpg 971 851 955 683 938 481 890 497 890 687 906 883 906 490 906 223 906 191 922 46 797 98 826 191 938 223 878 223 874 384 842 513
img08379.jpg 971 851 955 683 939 480 891 496 891 689 907 883 907 490 910 222 907 190 923 45 794 100 827 190 939 222 875 226 875 383 843 512
img08380.jpg 971 851 955 683 939 480 891 496 891 690 907 880 907 490 910 222 907 189 923 44 794 99 827 188 939 222 875 225 875 383 843 512
img08381.jpg 972 851 956 683 939 480 891 499 891 690 907 877 904 493 910 221 907 189 923 46 794 101 827 187 939 221 875 228 875 383 843 512
img08382.jpg 972 855 956 681 940 482 892 498 892 691 908 877 905 492 911 222 908 186 921 48 793 99 824 189 937 222 876 231 873 382 841 511
img08383.jpg 974 855 955 678 942 482 890 498 894 691 907 874 907 492 913 221 910 186 920 47 795 101 823 188 936 221 877 234 871 382 839 511
img08384.jpg 976 855 953 678 944 482 889 498 896 691 905 874 908 492 912 221 912 186 918 48 797 101 821 188 934 221 879 234 870 382 838 511
img08385.jpg 976 856 954 682 944 482 889 498 896 691 906 875 909 491 915 220 912 185 918 49 800 107 821 192 934 220 879 236 870 381 838 511
img08386.jpg 977 858 954 680 944 482 889 495 896 690 906 877 912 492 916 220 916 184 916 49 800 109 824 195 935 220 880 236 870 382 838 512
img08387.jpg 977 856 954 683 944 480 889 497 895 689 905 876 909 493 918 219 915 186 918 49 800 117 830 196 938 219 879 235 873 382 840 513
img08388.jpg 976 856 956 683 940 481 891 497 894 689 907 875 907 494 917 219 914 186 920 50 799 124 835 200 940 219 878 236 875 383 842 513
img08389.jpg 975 856 958 686 939 484 893 497 893 690 910 876 906 497 916 219 916 186 919 49 798 131 841 203 942 219 877 236 874 383 844 513
img08390.jpg 974 855 958 686 938 484 893 497 893 689 909 878 906 497 916 221 919 188 919 48 795 139 844 204 942 221 880 237 873 383 844 513
img08391.jpg 973 853 957 683 941 484 893 496 893 689 909 879 906 493 918 222 918 187 919 49 796 148 847 206 944 222 883 239 873 383 841 512
img08392.jpg 973 853 956 678 940 487 893 496 893 688 909 882 909 490 918 225 918 187 915 50 794 158 849 209 944 222 886 238 870 384 839 512
img08393.jpg 972 852 956 678 940 487 892 497 892 687 908 885 908 487 921 226 921 185 911 48 791 169 850 209 943 223 889 236 870 385 838 512
img08394.jpg 971 852 955 677 936 485 891 497 891 686 907 885 907 485 923 228 920 184 910 49 789 184 852 211 942 225 891 235 872 385 837 510
img08395.jpg 971 856 955 672 932 485 891 498 891 685 907 885 907 482 923 231 920 182 907 50 788 199 855 212 942 228 891 234 871 385 836 511
img08396.jpg 972 858 956 672 926 487 891 497 891 685 907 884 907 480 923 230 920 184 904 51 783 214 853 212 939 227 891 233 871 386 839 513
img08397.jpg 972 860 955 673 922 485 889 495 889 686 906 883 909 479 922 229 922 186 899 48 781 229 852 214 939 229 893 235 873 387 840 511
img08398.jpg 971 863 955 674 922 485 889 495 889 684 905 883 908 479 922 231 922 187 895 52 779 244 865 242 938 227 895 237 872 386 839 512
img08399.jpg 971 863 954 671 921 486 892 490 888 684 905 882 911 476 921 232 921 189 892 54 772 255 878 271 938 225 898 239 872 387 839 513
img08400.jpg 970 861 954 672 921 488 894 487 888 685 904 883 914 474 921 230 921 190 888 52 772 266 891 300 937 223 901 240 871 388 838 510
img08401.jpg 969 860 953 672 923 487 897 487 887 685 907 882 913 477 920 234 920 191 887 49 771 280 907 328 936 224 903 240 874 388 838 507
img08402.jpg 969 859 953 671 926 487 896 490 890 684 910 882 913 480 920 236 920 190 887 51 768 292 922 357 936 226 903 239 877 387 841 506
img08403.jpg 970 859 953 671 930 486 897 489 891 684 911 882 914 479 921 235 921 192 884 50 762 301 919 359 933 228 904 241 881 387 841 506
img08404.jpg 971 860 954 672 935 484 895 494 892 685 912 880 912 481 922 233 922 194 882 49 760 309 917 361 931 230 905 240 885 385 846 507
img08405.jpg 971 860 955 673 938 484 896 493 893 683 916 879 912 480 922 235 919 193 880 52 749 317 911 362 929 232 906 239 889 382 850 506
img08406.jpg 972 860 955 676 939 483 893 496 893 683 916 879 913 483 922 234 919 195 877 54 742 322 904 362 925 234 906 237 889 381 853 509
img08407.jpg 971 858 957 680 938 485 896 498 893 686 916 877 912 485 922 232 919 196 877 53 737 326 897 361 925 232 906 239 889 381 854 511
img08408.jpg 969 858 955 678 936 485 897 494 894 688 914 878 914 482 923 231 917 192 878 54 734 330 892 358 926 231 904 237 888 382 859 511
img08409.jpg 968 859 955 679 935 487 897 496 894 685 913 878 916 484 923 231 913 189 878 54 730 336 888 355 929 227 904 237 887 381 859 509
img08410.jpg 970 860 953 677 934 485 895 497 895 687 912 877 915 485 921 231 915 189 879 54 725 340 885 353 931 224 902 237 889 382 860 510
img08411.jpg 970 861 951 674 935 483 897 496 897 686 910 877 916 480 920 232 913 188 881 55 720 343 874 347 932 223 904 239 891 382 862 512
img08412.jpg 972 860 950 672 937 482 896 491 896 685 909 879 915 479 918 234 912 187 880 53 718 345 863 343 931 224 905 237 893 380 864 514
img08413.jpg 974 858 952 671 939 483 895 493 895 684 911 881 914 483 917 235 911 188 879 54 717 346 852 338 930 226 907 235 895 378 866 515
img08414.jpg 975 858 952 671 940 483 895 490 895 684 911 881 911 483 918 235 911 188 876 54 714 347 840 334 927 229 908 235 895 379 870 518
img08415.jpg 973 858 954 674 941 486 894 490 894 684 910 881 910 486 919 235 910 187 872 54 716 350 830 330 926 232 910 235 894 378 872 521
img08416.jpg 973 858 956 679 940 490 893 490 893 685 909 880 909 490 921 234 909 186 867 55 716 352 828 330 925 234 909 234 893 381 874 522
img08417.jpg 971 860 955 680 939 490 894 490 894 683 907 879 910 490 923 233 907 185 865 57 717 352 829 329 923 233 907 233 894 384 874 522
img08418.jpg 972 862 953 686 937 493 895 496 895 686 908 878 911 490 921 233 905 185 860 57 715 355 831 329 924 230 905 233 895 387 873 522
img08419.jpg 973 864 951 688 935 496 896 499 896 688 909 877 912 489 919 233 903 185 858 57 717 358 832 329 925 227 903 233 896 390 871 521
img08420.jpg 972 863 949 684 937 492 898 499 898 687 911 879 914 489 914 234 902 186 857 55 716 358 834 332 924 225 902 234 895 390 869 521
img08421.jpg 973 863 948 679 935 492 901 499 901 686 913 879 916 489 913 233 901 186 856 56 717 356 834 330 923 224 901 236 894 388 869 521
img08422.jpg 973 863 948 675 936 489 901 499 901 687 917 879 917 486 911 232 901 188 851 56 716 358 832 329 923 223 898 238 892 386 870 521
img08423.jpg 973 862 947 670 938 488 900 494 900 686 916 877 916 488 910 233 900 189 850 57 718 359 828 327 922 224 897 239 888 384 869 522
img08424.jpg 971 859 949 664 943 481 902 487 898 682 914 877 917 484 908 232 898 188 848 56 716 358 822 329 917 226 895 238 886 383 867 522
img08425.jpg 972 861 950 666 941 484 900 490 897 685 912 877 916 484 909 229 897 189 846 57 715 358 818 323 919 226 891 239 884 383 865 522
img08426.jpg 971 860 952 670 943 483 898 493 895 686 911 876 914 483 905 230 895 192 845 55 715 360 816 324 917 223 886 236 883 385 864 522
img08427.jpg 972 859 953 674 944 486 896 495 893 687 909 878 915 486 905 230 893 189 845 55 714 361 813 325 918 221 883 233 880 387 861 521
img08428.jpg 972 858 956 674 943 483 896 496 893 687 909 877 915 483 902 226 890 188 842 55 715 360 813 328 918 220 877 232 880 388 858 519
img08429.jpg 974 859 958 673 942 484 895 500 895 686 911 878 917 481 901 225 889 188 841 55 715 361 834 330 923 219 873 232 876 386 857 519
img08430.jpg 972 859 960 670 947 478 897 494 897 683 909 878 922 472 897 223 887 186 840 57 722 368 858 334 922 217 868 229 875 387 853 519
img08431.jpg 971 861 959 667 949 477 897 493 897 683 909 880 925 467 896 221 884 183 837 59 723 368 880 337 924 218 865 230 872 386 850 518
img08432.jpg 971 861 958 662 952 470 899 489 899 678 912 880 927 460 893 219 881 184 837 60 723 365 902 340 924 219 862 231 868 383 847 517
img08433.jpg 969 861 957 662 957 469 901 484 901 677 914 883 932 456 891 220 879 182 839 57 724 363 926 344 923 220 860 229 863 381 845 518
img08434.jpg 967 862 958 665 961 467 902 486 902 680 914 884 933 457 889 220 876 182 839 56 727 364 930 345 920 216 857 229 860 382 842 517
img08435.jpg 967 863 955 665 961 470 901 489 901 681 917 885 933 461 891 222 873 181 838 55 724 358 930 348 923 216 854 228 857 382 841 517
img08436.jpg 968 864 956 663 962 466 902 484 905 679 918 886 934 456 892 224 874 180 839 57 726 360 931 350 924 215 852 227 855 378 839 519
img08437.jpg 970 866 955 665 964 471 902 483 905 681 917 884 933 458 892 224 873 180 839 57 731 366 933 349 927 214 848 227 851 377 836 521
img08438.jpg 975 867 957 664 963 467 901 483 904 679 916 882 935 458 894 224 875 181 841 59 734 369 932 346 932 212 844 227 847 374 832 520
img08439.jpg 979 867 957 664 964 466 902 478 905 676 914 883 936 457 896 222 880 182 846 62 741 372 933 343 939 213 843 228 846 370 831 522
img08440.jpg 986 866 961 665 964 463 902 476 905 677 911 885 937 457 896 222 884 181 850 61 750 377 934 340 943 212 843 228 843 367 828 519
img08441.jpg 989 864 961 666 968 462 903 474 903 678 909 882 937 462 897 218 887 181 856 58 764 389 937 339 949 215 841 227 841 370 826 518
img08442.jpg 993 864 965 666 971 460 904 475 904 679 907 882 937 463 901 217 891 179 863 59 780 401 942 341 956 217 842 226 839 368 823 515
img08443.jpg 992 863 967 668 973 460 903 476 903 680 906 881 934 464 903 213 894 180 870 61 798 417 947 344 961 220 842 223 837 369 824 512
img08444.jpg 995 864 968 667 974 464 901 479 901 682 907 879 932 467 907 216 898 179 877 64 817 430 951 346 965 222 841 219 835 370 822 510
img08445.jpg 993 867 969 668 975 466 899 482 899 683 908 876 933 470 908 214 902 178 884 67 838 442 958 350 972 226 839 217 833 367 821 509
img08446.jpg 991 870 973 670 976 473 899 488 902 685 911 876 935 473 914 216 907 177 893 69 889 457 980 353 979 228 839 216 830 368 821 506
img08447.jpg 991 874 979 674 975 477 895 489 901 686 910 877 934 477 919 220 916 176 904 68 916 462 991 353 987 229 838 214 829 369 823 504
img08448.jpg 992 877 983 677 976 480 895 492 901 686 910 877 937 480 925 223 925 175 916 65 947 470 1004 357 998 232 840 214 831 368 822 501
img08449.jpg 990 876 987 681 977 482 895 491 901 687 910 876 941 482 932 225 932 176 926 59 981 477 1020 362 1008 234 843 215 831 365 821 500
img08450.jpg 990 878 990 684 980 485 894 491 903 687 910 878 941 485 938 227 941 179 938 58 1015 483 1035 368 1017 237 845 215 830 368 824 497
img08451.jpg 993 875 990 685 980 485 896 489 899 688 909 878 940 485 943 230 946 180 950 55 1016 480 1034 373 1028 239 849 214 834 364 825 495
img08452.jpg 993 874 990 686 984 486 899 489 899 690 909 877 943 486 949 230 953 183 962 54 1035 479 1043 380 1034 242 852 214 837 361 824 492
img08453.jpg 993 876 990 686 989 486 902 486 899 689 908 879 946 486 952 231 958 184 974 56 1050 479 1052 383 1040 243 856 215 837 358 828 489
img08454.jpg 994 875 991 685 994 485 906 485 897 688 906 878 947 485 959 230 966 184 987 59 1057 475 1058 383 1047 243 860 215 838 358 832 485
img08455.jpg 996 872 993 683 996 484 912 484 893 683 905 878 949 484 965 229 971 186 1001 62 1071 471 1063 381 1052 242 865 214 840 357 834 481
img08456.jpg 994 875 994 681 1000 481 916 481 897 678 903 874 953 481 969 229 978 185 1016 64 1086 468 1071 378 1057 241 869 213 841 357 838 478
img08457.jpg 995 871 995 677 1005 478 920 478 898 671 904 871 958 478 973 228 985 184 1026 62 1102 471 1075 378 1061 240 876 212 845 356 842 474
img08458.jpg 996 868 996 678 1005 476 921 476 900 669 902 868 958 476 977 228 989 184 1039 63 1118 470 1075 377 1064 240 881 212 852 355 846 473
img08459.jpg 994 869 994 677 1007 477 923 477 905 665 902 866 960 477 979 226 994 186 1053 66 1133 473 1078 378 1065 242 886 211 858 356 852 473
img08460.jpg 994 872 994 677 1007 476 923 476 914 665 901 860 963 476 985 226 1000 185 1065 65 1136 476 1074 377 1065 241 892 211 864 355 858 473
img08461.jpg 993 870 996 679 1006 475 920 475 920 663 902 861 963 475 987 223 1002 186 1075 68 1136 478 1066 378 1060 241 899 211 872 356 863 472
img08462.jpg 992 872 995 679 1001 476 923 473 932 661 905 860 962 473 986 223 1004 187 1086 72 1131 479 1059 377 1059 241 908 211 878 359 867 470
img08463.jpg 992 869 998 677 998 475 926 472 947 659 911 857 962 472 989 220 1007 187 1091 75 1124 481 1049 376 1052 238 920 208 882 358 870 468
img08464.jpg 992 867 1001 674 995 474 929 468 959 656 923 852 965 471 989 218 1010 186 1096 78 1117 480 1034 376 1045 236 932 207 895 355 886 466
img08465.jpg 988 863 1003 670 994 474 934 468 967 652 940 852 964 471 988 218 1012 185 1101 81 1107 480 1021 376 1039 236 943 206 913 352 914 466
img08466.jpg 987 863 1002 669 990 478 942 469 976 648 958 845 963 472 990 219 1014 186 1104 81 1094 478 1005 374 1032 234 958 204 930 350 946 471
img08467.jpg 988 859 1002 665 985 477 946 471 979 648 973 841 964 474 994 217 1018 187 1107 82 1083 477 990 372 1023 232 967 205 945 345 976 473
img08468.jpg 987 861 1002 662 981 479 957 473 988 645 984 837 969 476 996 218 1020 187 1110 82 1068 476 978 368 1017 232 975 209 964 344 1011 473
img08469.jpg 986 859 1001 663 977 481 965 475 996 644 992 838 971 475 998 217 1022 189 1112 84 1052 478 969 364 1011 234 983 211 977 348 1034 477
img08470.jpg 991 856 1001 662 972 480 982 469 1013 639 1003 834 975 472 1001 216 1024 187 1111 86 1039 480 961 361 1007 234 992 213 985 352 1045 478
img08471.jpg 990 853 1003 658 968 480 987 469 1017 641 1008 834 983 471 1000 217 1025 189 1112 87 1029 482 957 359 1003 234 994 214 990 355 1052 475
img08472.jpg 987 853 1010 661 968 483 999 472 1030 646 1011 834 989 471 1000 219 1026 190 1111 91 1017 485 953 357 1000 234 1000 217 1002 365 1069 477
img08473.jpg 985 851 1014 660 970 483 998 469 1028 645 1013 835 988 469 999 219 1028 190 1112 94 1007 486 949 358 999 233 1005 216 1004 369 1071 476
img08474.jpg 988 848 1026 658 973 479 1004 468 1034 646 1013 835 991 467 999 221 1028 189 1114 92 995 488 949 358 996 232 1008 218 1004 370 1072 471
img08475.jpg 990 844 1041 654 978 479 1002 470 1029 648 1005 832 993 469 999 221 1026 191 1117 91 984 487 948 357 993 233 1011 218 1001 372 1068 468
img08476.jpg 995 837 1056 652 983 476 1005 467 1032 643 1002 825 993 466 1002 223 1026 190 1117 89 972 490 947 359 993 232 1017 220 997 370 1066 464
img08477.jpg 1004 829 1070 645 990 470 1004 461 1028 636 1001 817 993 464 1004 223 1025 188 1118 87 960 493 945 360 990 232 1019 217 989 364 1057 460
img08478.jpg 1015 816 1086 638 991 466 1012 460 1027 635 1003 811 997 463 1006 225 1027 186 1119 85 953 498 947 361 988 234 1024 219 986 365 1058 462
img08479.jpg 1028 802 1099 630 995 464 1016 455 1022 632 1007 802 998 461 1007 226 1028 185 1117 84 948 499 945 359 989 232 1028 220 983 365 1061 464
img08480.jpg 1024 803 1108 627 998 460 1019 454 1015 632 999 801 1004 457 1010 227 1031 185 1117 81 941 501 944 358 989 230 1031 221 994 366 1066 466
img08481.jpg 1042 792 1120 622 1000 458 1024 452 1015 636 999 808 1009 458 1009 226 1033 187 1120 80 938 499 944 353 988 229 1033 223 1009 369 1072 470
img08482.jpg 1061 783 1128 615 1002 457 1029 448 1014 639 995 817 1014 457 1011 227 1035 188 1122 78 936 499 946 349 990 230 1038 227 1027 374 1080 472
img08483.jpg 1083 779 1136 612 1002 454 1033 445 1018 642 992 825 1018 454 1015 228 1036 192 1121 77 936 497 945 342 991 228 1042 231 1041 374 1087 473
img08484.jpg 1103 781 1144 608 1003 452 1034 446 1019 645 987 833 1022 452 1019 229 1037 192 1126 76 936 495 949 342 991 226 1047 232 1059 376 1092 474
img08485.jpg 1142 770 1152 603 1004 452 1039 443 1023 646 992 840 1026 452 1023 231 1042 191 1128 78 940 492 952 339 992 225 1051 235 1066 375 1100 474
img08486.jpg 1163 776 1158 599 1007 451 1044 442 1023 648 992 839 1029 451 1029 233 1044 190 1130 79 946 494 955 337 995 227 1057 236 1072 377 1106 473
img08487.jpg 1183 783 1164 597 1010 453 1047 444 1023 646 992 837 1032 453 1032 232 1047 189 1133 81 952 495 958 345 998 225 1060 235 1075 376 1112 474
img08488.jpg 1202 786 1169 597 1017 454 1051 442 1023 646 993 838 1035 454 1035 233 1051 187 1139 81 956 497 965 351 1002 226 1063 233 1081 375 1117 473
img08489.jpg 1219 786 1174 599 1023 457 1057 445 1027 644 993 838 1041 457 1041 231 1057 189 1141 80 963 499 972 355 1008 231 1066 231 1084 376 1123 473
img08490.jpg 1235 786 1181 601 1029 459 1056 450 1032 647 996 838 1044 459 1044 232 1059 190 1144 83 972 504 978 362 1014 235 1068 232 1083 374 1126 471
img08491.jpg 1249 787 1188 607 1038 460 1059 454 1038 647 998 839 1050 460 1047 231 1066 191 1148 84 977 506 986 368 1020 237 1072 234 1087 371 1130 469
img08492.jpg 1258 787 1193 612 1049 461 1061 458 1046 649 1000 842 1055 461 1052 231 1070 194 1153 83 984 507 994 366 1024 240 1073 234 1089 367 1130 463
img08493.jpg 1270 794 1199 616 1061 465 1067 462 1054 650 999 843 1064 462 1057 234 1076 197 1159 86 993 511 999 370 1030 243 1079 237 1089 368 1123 463
img08494.jpg 1278 805 1204 621 1071 470 1071 464 1059 652 1001 846 1071 464 1062 239 1081 199 1167 91 1004 513 1007 374 1038 245 1084 239 1090 366 1121 464
img08495.jpg 1287 820 1208 627 1086 474 1083 465 1064 652 1000 844 1080 468 1070 239 1089 199 1174 89 1012 517 1015 377 1046 248 1092 239 1092 369 1118 470
img08496.jpg 1295 834 1210 634 1094 479 1091 470 1070 655 1003 843 1088 473 1079 242 1094 202 1182 90 1024 521 1024 382 1055 251 1097 238 1092 371 1116 475
img08497.jpg 1301 848 1215 643 1102 483 1102 474 1074 658 1004 842 1099 477 1090 244 1105 204 1191 91 1038 523 1038 389 1068 253 1105 241 1093 376 1118 485
img08498.jpg 1304 862 1220 655 1112 491 1112 481 1078 664 1006 840 1109 488 1100 246 1115 206 1202 92 1053 528 1050 389 1084 256 1112 240 1100 380 1130 492
img08499.jpg 1305 876 1224 665 1122 497 1128 491 1084 668 1007 839 1122 497 1113 245 1128 208 1212 90 1066 531 1063 391 1097 257 1122 242 1110 384 1146 498
img08500.jpg 1309 889 1231 678 1130 505 1145 499 1089 672 1009 839 1136 505 1127 248 1142 211 1225 93 1086 532 1077 397 1114 260 1133 245 1124 390 1169 505
img08501.jpg 1312 895 1241 686 1143 513 1164 504 1096 674 1007 840 1152 510 1143 252 1161 212 1241 95 1105 538 1093 400 1133 261 1146 246 1140 395 1193 511
img08502.jpg 1257 888 1254 691 1160 520 1181 511 1107 681 1072 853 1169 517 1157 258 1173 219 1252 104 1125 543 1108 400 1151 264 1161 252 1156 404 1216 521
img08503.jpg 1262 894 1267 697 1176 523 1199 515 1125 682 1151 858 1185 517 1176 258 1194 219 1272 103 1145 545 1126 404 1168 264 1174 253 1172 409 1241 526
img08504.jpg 1270 897 1277 700 1192 528 1209 519 1146 691 1203 881 1198 522 1192 256 1213 217 1296 106 1167 550 1145 404 1187 263 1190 251 1185 410 1257 530
img08505.jpg 1272 897 1289 701 1206 529 1217 520 1173 696 1231 893 1209 520 1210 255 1233 216 1318 109 1187 551 1165 403 1207 258 1207 247 1196 411 1271 535
img08506.jpg 1272 900 1298 705 1221 530 1221 524 1198 702 1246 886 1218 521 1225 251 1249 211 1343 110 1212 546 1183 399 1225 257 1222 246 1202 409 1275 538
img08507.jpg 1333 916 1303 706 1230 526 1223 518 1223 696 1199 865 1224 515 1241 244 1271 198 1374 108 1236 543 1200 399 1242 251 1236 236 1206 398 1279 532
img08508.jpg 1333 914 1308 705 1236 522 1221 516 1243 693 1141 847 1227 513 1255 238 1286 195 1395 108 1258 540 1218 397 1261 248 1249 229 1208 388 1278 528
img08509.jpg 1332 913 1314 701 1243 514 1218 505 1257 682 1108 807 1231 505 1268 238 1299 192 1412 106 1281 535 1231 397 1278 247 1259 226 1208 380 1276 526
img08510.jpg 1333 911 1317 699 1255 505 1224 499 1275 677 1110 785 1239 499 1280 234 1308 188 1430 100 1302 530 1246 396 1293 247 1264 222 1211 371 1284 519
img08511.jpg 1333 910 1321 698 1264 498 1229 485 1288 665 1126 780 1245 492 1293 232 1318 188 1438 95 1322 529 1262 397 1306 242 1270 216 1216 365 1294 514
img08512.jpg 1335 910 1326 699 1274 493 1238 483 1299 665 1143 784 1254 490 1303 229 1329 190 1449 89 1342 525 1280 395 1319 242 1277 216 1222 364 1308 514
img08513.jpg 1336 911 1327 698 1282 490 1247 477 1307 662 1163 794 1263 487 1314 229 1336 187 1454 85 1362 522 1298 394 1330 238 1285 216 1229 365 1324 515
img08514.jpg 1334 910 1328 701 1286 488 1260 478 1318 662 1194 812 1270 485 1325 227 1344 188 1460 82 1380 520 1315 391 1344 237 1289 214 1237 367 1344 515
img08515.jpg 1335 912 1332 702 1290 489 1261 473 1317 656 1213 821 1274 482 1332 224 1351 188 1465 78 1396 518 1332 392 1358 234 1296 214 1239 365 1328 518
img08516.jpg 1336 914 1337 700 1292 488 1266 479 1321 662 1239 838 1279 485 1340 219 1359 184 1471 78 1413 517 1346 392 1372 235 1301 213 1244 363 1314 517
img08517.jpg 1336 914 1339 699 1297 487 1272 478 1326 661 1267 846 1285 484 1348 219 1364 184 1475 73 1427 516 1361 392 1386 235 1307 209 1249 359 1294 509
img08518.jpg 1334 915 1347 697 1305 489 1280 482 1332 664 1297 855 1289 485 1353 216 1369 184 1482 72 1443 514 1372 392 1398 235 1308 210 1254 358 1270 501
img08519.jpg 1335 916 1354 695 1316 489 1281 483 1338 665 1323 860 1297 486 1357 214 1373 182 1484 71 1458 514 1389 394 1408 233 1313 211 1255 354 1243 492
img08520.jpg 1330 918 1358 694 1327 488 1289 488 1344 676 1341 875 1305 488 1362 212 1377 184 1488 69 1473 516 1403 393 1415 231 1311 209 1257 353 1242 484
img08521.jpg 1331 917 1363 696 1340 491 1293 488 1348 682 1358 880 1315 488 1363 213 1378 184 1489 67 1486 513 1416 393 1422 228 1309 213 1260 353 1242 478
img08522.jpg 1333 914 1371 696 1352 491 1296 485 1349 684 1366 882 1324 488 1362 213 1378 185 1485 68 1497 510 1428 393 1428 226 1305 214 1261 352 1245 475
img08523.jpg 1338 912 1379 697 1363 490 1301 481 1352 683 1367 887 1335 487 1363 215 1379 184 1479 68 1507 509 1441 390 1435 224 1300 215 1260 349 1251 477
img08524.jpg 1340 911 1391 700 1375 491 1309 482 1351 686 1364 895 1343 488 1363 217 1381 185 1473 65 1517 504 1451 387 1441 223 1296 217 1262 356 1255 482
img08525.jpg 1351 908 1405 700 1389 492 1319 482 1355 686 1368 892 1354 489 1363 220 1382 186 1461 66 1524 498 1461 384 1445 223 1290 220 1266 363 1259 485
img08526.jpg 1357 908 1418 698 1399 489 1327 483 1362 682 1369 888 1361 489 1368 224 1383 186 1449 68 1530 495 1471 382 1452 224 1286 223 1268 367 1265 492
img08527.jpg 1362 904 1429 695 1407 490 1338 487 1367 685 1372 894 1369 490 1369 225 1385 184 1439 67 1536 493 1480 379 1457 225 1284 231 1268 376 1268 499
img08528.jpg 1366 900 1438 695 1415 492 1342 492 1368 686 1374 890 1374 492 1371 225 1384 187 1425 66 1539 489 1489 377 1463 225 1282 234 1272 384 1272 505
img08529.jpg 1376 892 1444 693 1425 489 1347 489 1368 687 1378 882 1381 489 1375 225 1381 185 1409 65 1544 486 1497 376 1468 225 1280 238 1274 386 1277 508
img08530.jpg 1387 884 1447 691 1431 490 1348 487 1367 685 1379 874 1388 487 1379 224 1379 183 1395 69 1546 487 1503 375 1478 224 1283 239 1277 385 1280 508
img08531.jpg 1397 878 1447 690 1438 486 1354 483 1363 687 1379 875 1394 483 1382 223 1379 186 1379 67 1548 486 1510 371 1485 223 1285 239 1279 386 1282 511
img08532.jpg 1414 878 1448 692 1445 482 1358 482 1361 686 1380 875 1398 479 1386 222 1377 188 1361 70 1550 485 1516 370 1491 222 1287 237 1284 383 1287 513
img08533.jpg 1432 873 1447 691 1453 473 1365 476 1362 688 1383 882 1408 470 1389 221 1377 188 1347 75 1553 485 1523 370 1495 221 1289 236 1286 382 1289 512
img08534.jpg 1451 878 1444 692 1460 472 1374 472 1362 689 1384 890 1417 469 1393 220 1377 189 1335 82 1551 488 1527 366 1496 220 1293 235 1293 381 1293 512
img08535.jpg 1464 883 1443 689 1464 467 1379 470 1364 689 1385 898 1422 467 1394 222 1379 191 1324 88 1552 486 1534 364 1494 219 1297 234 1297 380 1297 513
img08536.jpg 1478 888 1444 687 1469 465 1387 468 1365 687 1387 903 1426 465 1396 222 1381 191 1313 94 1551 486 1539 362 1490 216 1305 231 1305 377 1302 510
img08537.jpg 1488 888 1445 683 1475 467 1393 466 1368 686 1383 900 1436 467 1399 222 1384 191 1307 97 1549 485 1543 356 1484 213 1310 231 1310 378 1304 512
img08538.jpg 1494 893 1448 684 1479 472 1399 469 1371 687 1381 902 1442 472 1402 224 1387 193 1301 104 1544 484 1541 355 1479 214 1319 230 1319 377 1307 512
img08539.jpg 1498 892 1455 683 1482 476 1405 476 1377 686 1380 901 1446 476 1405 227 1390 196 1294 109 1522 473 1538 356 1476 214 1328 230 1325 381 1310 513
img08540.jpg 1501 890 1460 686 1488 480 1416 480 1382 686 1382 905 1454 483 1407 226 1391 198 1288 113 1498 463 1529 354 1469 216 1338 233 1335 383 1313 514
img08541.jpg 1501 891 1466 687 1495 482 1426 485 1388 690 1381 906 1463 485 1406 228 1391 203 1284 118 1475 454 1520 353 1460 218 1347 235 1341 391 1316 520
img08542.jpg 1503 891 1474 687 1503 483 1437 486 1396 693 1384 909 1471 486 1405 229 1390 207 1277 129 1446 449 1508 352 1452 220 1356 236 1349 395 1318 521
img08543.jpg 1504 892 1481 686 1513 483 1450 486 1402 692 1387 904 1482 486 1402 230 1387 214 1269 135 1417 450 1497 352 1440 220 1365 237 1355 401 1323 525
img08544.jpg 1505 894 1486 688 1524 478 1461 485 1406 694 1391 903 1492 481 1400 231 1382 221 1264 145 1402 464 1487 355 1429 224 1372 237 1366 402 1327 529
img08545.jpg 1505 897 1490 687 1533 477 1471 486 1414 693 1395 900 1502 477 1398 235 1377 226 1260 154 1390 478 1481 359 1420 226 1377 238 1370 408 1332 533
img08546.jpg 1506 897 1493 690 1543 475 1481 484 1418 694 1403 900 1512 475 1397 237 1372 231 1256 166 1380 495 1475 367 1415 231 1381 241 1375 409 1337 534
img08547.jpg 1506 898 1497 693 1549 473 1490 486 1422 693 1413 901 1521 473 1395 244 1370 238 1255 173 1361 511 1465 379 1410 238 1385 241 1376 415 1342 538
img08548.jpg 1507 899 1501 697 1553 473 1497 488 1427 694 1424 902 1525 476 1393 251 1366 242 1252 181 1345 523 1456 393 1408 245 1387 245 1378 421 1344 546
img08549.jpg 1506 899 1500 695 1561 470 1509 485 1433 692 1436 902 1534 473 1391 257 1363 248 1248 187 1337 530 1448 404 1406 251 1388 251 1375 425 1345 552
img08550.jpg 1506 897 1500 696 1564 474 1518 483 1436 693 1445 903 1542 474 1390 264 1363 258 1241 197 1336 538 1442 416 1402 261 1387 258 1375 431 1345 559
img08551.jpg 1509 898 1500 696 1566 479 1527 485 1443 693 1455 904 1548 479 1388 273 1361 265 1237 207 1337 544 1436 428 1397 270 1385 265 1376 439 1343 566
img08552.jpg 1510 896 1495 694 1570 484 1536 484 1447 694 1459 907 1552 484 1387 283 1357 274 1230 219 1348 549 1434 441 1393 283 1384 274 1375 445 1342 574
img08553.jpg 1507 889 1486 688 1570 485 1545 482 1448 696 1465 910 1561 482 1383 292 1353 286 1225 235 1364 552 1433 450 1386 292 1380 286 1374 455 1338 580
img08554.jpg 1505 884 1481 688 1564 493 1552 487 1446 701 1470 915 1564 490 1380 308 1350 299 1221 255 1372 560 1434 463 1380 308 1376 299 1373 469 1335 589
img08555.jpg 1508 882 1481 689 1566 495 1555 494 1445 706 1475 916 1563 495 1374 324 1343 313 1221 276 1374 570 1432 477 1374 322 1374 313 1369 483 1332 601
img08556.jpg 1510 880 1480 692 1568 501 1557 500 1436 710 1476 918 1562 501 1372 340 1342 331 1220 298 1365 580 1424 492 1372 337 1372 329 1364 497 1328 619
img08557.jpg 1512 886 1482 699 1570 507 1557 512 1424 715 1480 918 1562 507 1368 358 1339 352 1219 325 1355 588 1416 505 1371 355 1371 347 1361 517 1321 637
img08558.jpg 1515 896 1485 711 1572 519 1553 526 1411 718 1476 919 1558 521 1367 376 1339 371 1220 350 1335 599 1404 523 1369 378 1372 364 1355 536 1314 657
img08559.jpg 1518 904 1475 728 1562 535 1551 542 1397 723 1473 920 1554 537 1367 395 1337 392 1222 372 1305 594 1379 533 1367 397 1372 385 1348 557 1308 680
img08560.jpg 1516 911 1471 748 1558 555 1555 560 1381 726 1469 922 1552 557 1367 413 1340 413 1220 396 1277 586 1356 543 1367 418 1374 406 1345 579 1301 701
img08561.jpg 1515 918 1466 768 1552 575 1555 579 1371 734 1469 927 1550 577 1366 434 1340 434 1218 419 1256 572 1338 549 1366 436 1373 429 1340 603 1294 720
img08562.jpg 1513 923 1458 790 1544 596 1558 598 1360 740 1456 933 1548 598 1364 455 1341 453 1219 439 1238 564 1321 560 1362 459 1373 453 1336 626 1289 740
img08563.jpg 1515 925 1462 807 1547 613 1561 619 1353 750 1438 939 1550 617 1362 477 1341 473 1220 457 1225 553 1306 565 1357 477 1373 473 1334 647 1286 759
img08564.jpg 1517 928 1474 830 1558 634 1561 641 1348 761 1415 947 1549 639 1360 499 1341 492 1220 476 1231 546 1303 570 1357 497 1375 490 1332 668 1280 776
img08565.jpg 1514 930 1467 847 1552 651 1561 660 1349 772 1390 954 1547 655 1357 519 1341 510 1219 492 1234 539 1298 573 1355 515 1375 505 1330 687 1276 794
img08566.jpg 1520 929 1473 860 1557 664 1560 677 1346 781 1356 956 1549 670 1354 537 1339 525 1219 504 1237 539 1293 580 1352 530 1376 521 1330 699 1269 810
img08567.jpg 1526 930 1481 871 1564 674 1552 695 1341 794 1328 957 1545 686 1354 549 1337 540 1216 511 1244 535 1292 581 1350 541 1377 533 1330 710 1266 824
img08568.jpg 1532 933 1479 886 1562 688 1553 707 1342 806 1312 954 1542 701 1355 562 1337 553 1213 521 1253 530 1296 581 1353 549 1375 554 1330 722 1261 836
img08569.jpg 1539 938 1485 891 1568 692 1550 720 1339 819 1295 949 1541 710 1357 571 1337 564 1213 533 1257 536 1298 587 1353 558 1373 574 1332 731 1258 848
img08570.jpg 1551 945 1496 898 1578 699 1545 728 1334 827 1279 939 1539 720 1359 579 1335 574 1215 542 1256 549 1296 600 1349 569 1372 585 1333 740 1254 858
img08571.jpg 1553 957 1497 910 1578 710 1543 740 1332 838 1271 932 1537 732 1360 588 1336 582 1217 553 1258 557 1298 610 1348 580 1372 598 1332 754 1253 868
img08572.jpg 1540 971 1482 924 1564 724 1542 747 1331 845 1267 921 1536 741 1362 597 1336 589 1218 564 1262 558 1300 614 1353 587 1369 610 1332 765 1250 878
img08573.jpg 1526 983 1467 936 1548 735 1535 757 1324 854 1261 913 1533 749 1363 602 1335 594 1222 573 1264 559 1299 617 1356 592 1369 616 1333 773 1250 885
img08574.jpg 1510 995 1450 948 1530 746 1533 762 1322 859 1259 904 1528 758 1361 609 1337 599 1224 578 1259 563 1293 623 1353 599 1369 618 1335 768 1253 881
img08575.jpg 1498 1007 1437 960 1517 758 1532 769 1321 866 1258 902 1524 763 1360 613 1339 603 1226 582 1264 559 1296 623 1360 601 1368 628 1335 773 1252 886
img08576.jpg 1496 1009 1433 962 1513 759 1528 772 1317 869 1258 899 1521 765 1361 615 1339 607 1226 586 1265 563 1297 628 1363 604 1367 632 1335 777 1252 889
img08577.jpg 1497 1011 1432 964 1512 761 1530 774 1319 870 1259 898 1521 765 1363 618 1343 610 1230 589 1260 567 1295 633 1363 607 1367 634 1337 780 1255 894
img08578.jpg 1511 1012 1445 965 1524 761 1532 776 1321 871 1258 899 1519 766 1364 621 1345 613 1233 592 1253 581 1294 645 1362 612 1367 635 1338 784 1256 897
img08579.jpg 1527 1011 1460 964 1538 760 1531 778 1320 873 1260 901 1519 767 1365 622 1343 617 1231 596 1254 586 1299 649 1367 611 1367 637 1336 798 1253 911
img08580.jpg 1540 1008 1472 962 1549 757 1529 781 1318 876 1260 901 1521 768 1365 623 1343 618 1230 597 1243 597 1294 657 1361 612 1367 636 1337 799 1256 913
img08581.jpg 1528 1014 1458 967 1535 762 1530 784 1319 879 1259 904 1522 771 1363 626 1342 618 1230 597 1241 595 1290 658 1361 614 1367 637 1339 798 1257 912
img08582.jpg 1529 1014 1457 968 1534 762 1532 784 1322 878 1260 905 1519 773 1363 626 1342 619 1230 598 1236 594 1286 658 1359 612 1369 636 1343 796 1262 911
img08583.jpg 1520 1020 1447 974 1524 767 1533 787 1322 880 1258 910 1520 775 1362 627 1341 619 1229 598 1237 587 1285 654 1362 610 1368 638 1342 796 1260 910
img08584.jpg 1521 1016 1447 971 1523 763 1532 786 1322 879 1253 914 1519 774 1362 626 1343 617 1230 596 1235 583 1282 653 1365 610 1367 640 1339 797 1256 910
img08585.jpg 1524 1018 1449 973 1524 765 1536 786 1325 878 1251 921 1521 776 1363 626 1342 616 1230 595 1240 576 1285 649 1371 608 1367 641 1337 797 1252 908
img08586.jpg 1540 1016 1463 971 1538 763 1536 784 1326 876 1247 928 1521 776 1363 626 1343 616 1230 595 1238 579 1286 652 1371 607 1367 641 1335 797 1250 905
img08587.jpg 1559 1013 1481 969 1556 760 1534 784 1323 876 1244 936 1522 774 1364 624 1341 614 1229 593 1232 586 1286 657 1368 607 1366 641 1330 797 1244 902
img08588.jpg 1560 1008 1480 965 1555 755 1532 777 1322 869 1243 939 1523 770 1365 620 1341 612 1229 591 1228 589 1283 659 1365 607 1367 637 1330 794 1242 897
img08589.jpg 1565 1009 1484 965 1558 755 1535 774 1324 866 1247 947 1527 764 1366 617 1341 609 1229 588 1224 599 1287 665 1362 606 1368 634 1330 790 1242 889
img08590.jpg 1568 1000 1486 957 1559 746 1533 769 1323 860 1248 952 1526 759 1367 613 1342 605 1230 584 1221 606 1289 668 1361 601 1369 628 1331 785 1242 879
img08591.jpg 1555 993 1471 951 1544 739 1536 763 1326 854 1254 956 1526 755 1368 606 1343 598 1228 572 1216 606 1287 667 1361 594 1371 620 1331 779 1241 870
img08592.jpg 1557 985 1472 944 1544 731 1534 756 1324 846 1257 960 1528 748 1368 599 1344 590 1225 560 1222 612 1298 669 1369 588 1373 608 1332 768 1240 858
img08593.jpg 1561 975 1474 933 1546 721 1536 747 1326 837 1265 961 1532 737 1368 589 1345 579 1223 547 1220 614 1301 666 1370 577 1374 595 1332 756 1241 841
img08594.jpg 1547 965 1459 924 1531 711 1537 732 1327 821 1273 956 1529 726 1369 578 1346 568 1222 534 1213 616 1298 664 1363 567 1377 576 1334 739 1242 826
img08595.jpg 1533 957 1444 917 1515 703 1541 718 1330 807 1285 951 1530 714 1369 563 1348 552 1221 516 1212 610 1299 658 1365 557 1378 561 1336 725 1243 811
img08596.jpg 1536 946 1452 904 1523 689 1539 702 1329 791 1294 945 1531 696 1371 546 1349 535 1222 504 1216 608 1309 650 1369 539 1379 544 1337 707 1244 792
img08597.jpg 1522 941 1451 891 1521 676 1544 685 1330 777 1307 940 1535 681 1372 527 1352 516 1229 487 1220 596 1315 635 1372 518 1382 523 1340 690 1246 771
img08598.jpg 1519 934 1455 876 1524 661 1548 667 1331 768 1325 938 1535 665 1375 507 1355 496 1232 467 1225 588 1323 622 1376 498 1383 505 1345 672 1248 752
img08599.jpg 1516 928 1470 858 1539 642 1551 651 1333 764 1349 939 1539 651 1376 485 1358 473 1233 446 1242 577 1343 604 1387 473 1385 487 1349 655 1251 730
img08600.jpg 1515 926 1483 841 1552 624 1550 631 1335 759 1376 935 1543 631 1378 464 1360 452 1237 426 1253 574 1358 591 1390 452 1387 461 1353 631 1253 705
img08601.jpg 1514 923 1484 825 1552 607 1550 615 1340 755 1403 934 1543 617 1382 441 1363 431 1242 403 1260 566 1367 577 1391 432 1389 439 1358 607 1254 680
img08602.jpg 1511 919 1477 811 1545 593 1550 598 1348 751 1431 930 1543 600 1388 417 1365 407 1244 374 1264 555 1373 563 1392 412 1390 420 1363 585 1257 654
img08603.jpg 1510 918 1477 795 1544 576 1545 581 1357 747 1448 926 1543 583 1390 394 1369 384 1246 349 1274 549 1385 547 1392 392 1392 395 1367 561 1259 626
img08604.jpg 1512 919 1465 783 1532 564 1543 566 1364 740 1461 922 1540 566 1396 372 1372 361 1253 319 1278 530 1390 527 1396 372 1393 372 1375 538 1261 599
img08605.jpg 1514 914 1458 768 1524 548 1540 551 1374 736 1466 920 1534 553 1398 350 1374 337 1260 286 1281 510 1395 505 1398 350 1395 350 1382 517 1266 574
img08606.jpg 1515 908 1457 752 1523 532 1539 532 1384 733 1469 920 1531 537 1401 330 1376 311 1265 251 1291 493 1406 484 1404 330 1398 328 1390 496 1270 547
img08607.jpg 1514 900 1452 735 1517 515 1533 515 1396 727 1470 920 1525 520 1404 311 1379 288 1275 219 1297 474 1414 462 1407 311 1399 305 1399 473 1275 522
img08608.jpg 1517 893 1453 725 1518 503 1526 503 1407 720 1475 918 1520 509 1410 291 1384 266 1290 179 1305 454 1423 442 1416 291 1404 286 1410 451 1281 499
img08609.jpg 1516 886 1454 715 1518 493 1517 493 1419 717 1477 917 1515 499 1413 272 1389 246 1302 144 1313 436 1433 422 1422 272 1410 266 1419 434 1286 477
img08610.jpg 1522 881 1458 709 1515 487 1508 484 1428 712 1479 916 1512 490 1422 255 1397 228 1312 117 1323 421 1444 404 1431 255 1416 252 1428 416 1291 455
img08611.jpg 1531 876 1462 704 1510 484 1497 481 1436 708 1486 911 1507 481 1427 241 1405 213 1327 94 1331 408 1452 390 1436 241 1421 241 1433 402 1296 436
img08612.jpg 1544 875 1470 702 1509 481 1490 478 1442 708 1490 910 1499 478 1433 229 1410 204 1337 79 1341 400 1463 377 1442 229 1426 229 1439 392 1298 420
img08613.jpg 1556 871 1475 699 1501 481 1485 478 1446 709 1492 912 1495 478 1437 221 1414 195 1344 70 1344 388 1468 365 1446 221 1430 221 1440 385 1302 407
img08614.jpg 1566 868 1481 697 1497 477 1478 477 1452 709 1491 910 1491 474 1442 219 1420 190 1349 65 1349 386 1473 360 1449 216 1432 219 1442 377 1307 397
img08615.jpg 1563 871 1478 697 1491 477 1471 480 1455 710 1488 908 1485 474 1442 217 1423 188 1355 58 1350 382 1476 358 1452 214 1436 217 1442 373 1309 389
img08616.jpg 1562 874 1477 697 1486 475 1467 481 1457 710 1487 910 1480 475 1447 216 1428 186 1355 55 1349 378 1476 354 1454 209 1437 212 1444 370 1309 383
img08617.jpg 1561 876 1476 697 1482 475 1462 485 1459 711 1486 910 1479 475 1449 216 1432 182 1359 49 1342 371 1472 353 1456 209 1442 212 1442 369 1309 379
img08618.jpg 1556 880 1473 698 1480 473 1460 483 1460 711 1484 909 1473 473 1453 213 1436 183 1359 49 1338 370 1469 355 1456 207 1443 210 1443 368 1308 375
img08619.jpg 1549 881 1469 695 1476 472 1459 479 1459 709 1483 912 1469 472 1456 210 1439 180 1364 44 1332 365 1465 356 1459 207 1445 207 1442 367 1306 370
img08620.jpg 1552 881 1472 693 1475 471 1459 478 1459 710 1486 914 1465 471 1459 209 1441 178 1363 46 1326 361 1461 356 1459 206 1445 206 1441 369 1305 366
img08621.jpg 1552 882 1472 692 1472 474 1458 477 1458 710 1486 915 1462 470 1458 207 1441 176 1366 47 1317 355 1454 356 1458 207 1448 207 1441 368 1304 365
img08622.jpg 1548 886 1471 692 1471 474 1458 474 1458 709 1485 914 1461 467 1458 207 1441 176 1365 46 1315 351 1453 357 1461 207 1447 207 1441 368 1304 364
img08623.jpg 1540 891 1469 693 1473 474 1459 474 1459 710 1486 913 1463 463 1459 209 1442 175 1367 48 1312 348 1452 357 1463 209 1449 209 1439 367 1305 364
img08624.jpg 1539 897 1471 697 1475 477 1457 477 1457 714 1488 911 1465 463 1457 211 1440 176 1364 52 1309 343 1450 356 1465 211 1451 211 1437 369 1302 366
img08625.jpg 1534 902 1467 696 1474 474 1457 477 1457 713 1488 910 1467 460 1457 211 1440 176 1363 51 1308 341 1450 353 1464 211 1453 211 1436 366 1301 366
img08626.jpg 1525 908 1466 696 1480 471 1459 475 1456 713 1487 909 1470 457 1456 212 1439 178 1359 50 1308 343 1452 352 1463 209 1452 212 1435 367 1300 367
img08627.jpg 1520 909 1465 693 1482 468 1461 474 1458 710 1485 912 1468 457 1455 214 1438 177 1355 54 1307 347 1452 353 1458 208 1451 211 1434 368 1301 368
img08628.jpg 1516 903 1465 689 1479 469 1458 476 1455 709 1486 912 1469 459 1452 212 1435 178 1350 56 1309 352 1455 351 1455 205 1449 209 1435 368 1299 368
img08629.jpg 1512 899 1465 688 1475 470 1458 476 1455 708 1485 912 1469 460 1452 212 1435 178 1344 57 1311 357 1459 350 1452 202 1445 208 1435 369 1301 366
img08630.jpg 1509 893 1469 686 1479 469 1459 476 1455 709 1485 912 1469 459 1449 213 1432 179 1342 59 1314 364 1460 349 1452 200 1442 210 1436 373 1302 366
img08631.jpg 1508 890 1468 686 1481 466 1458 476 1458 710 1484 913 1471 459 1448 212 1431 178 1337 65 1318 370 1459 348 1451 202 1441 209 1434 372 1301 366
img08632.jpg 1508 889 1468 688 1485 466 1458 476 1458 711 1488 912 1474 459 1447 211 1431 180 1333 69 1323 375 1459 347 1451 204 1437 211 1434 372 1299 368
img08633.jpg 1510 890 1466 687 1490 461 1459 475 1459 711 1489 913 1476 455 1446 212 1426 178 1331 70 1324 377 1454 345 1449 206 1436 212 1432 374 1297 370
img08634.jpg 1515 889 1467 686 1493 460 1463 474 1460 709 1490 914 1477 454 1443 212 1420 178 1329 70 1318 383 1447 345 1446 208 1433 212 1430 373 1295 376
img08635.jpg 1514 892 1466 688 1495 460 1466 470 1459 707 1489 911 1479 450 1443 210 1416 180 1324 72 1314 387 1443 346 1443 210 1430 210 1426 371 1291 381
img08636.jpg 1511 889 1468 685 1497 461 1468 467 1455 703 1487 913 1481 451 1439 212 1410 183 1323 73 1307 389 1441 344 1439 209 1423 209 1426 373 1290 386
img08637.jpg 1512 891 1473 687 1497 463 1469 470 1450 705 1485 914 1482 454 1434 212 1403 184 1317 76 1298 393 1449 346 1434 209 1422 209 1425 374 1288 390
img08638.jpg 1511 891 1475 689 1499 463 1472 469 1447 703 1481 914 1487 457 1428 217 1400 189 1310 80 1288 395 1455 348 1431 211 1419 211 1422 376 1285 398
img08639.jpg 1504 890 1474 690 1504 463 1473 469 1442 704 1479 914 1492 460 1424 219 1396 194 1303 87 1287 402 1463 352 1427 213 1418 213 1418 380 1282 405
img08640.jpg 1506 892 1476 692 1507 465 1479 475 1438 706 1479 918 1498 465 1416 225 1391 200 1294 97 1286 412 1470 357 1419 219 1413 219 1413 384 1279 412
img08641.jpg 1507 892 1476 698 1507 472 1485 482 1434 711 1477 916 1501 472 1412 228 1388 206 1284 108 1285 423 1475 365 1415 225 1409 225 1406 390 1275 423
img08642.jpg 1504 886 1475 698 1510 475 1494 481 1431 711 1474 913 1506 475 1407 236 1383 215 1274 121 1286 438 1469 374 1410 233 1404 233 1401 399 1271 436
img08643.jpg 1505 889 1475 703 1511 481 1501 484 1426 714 1472 913 1507 481 1402 245 1375 224 1263 139 1285 456 1462 385 1402 242 1399 245 1396 408 1266 451
img08644.jpg 1507 892 1479 709 1512 486 1509 490 1423 716 1471 913 1512 486 1396 257 1370 236 1253 164 1281 472 1451 397 1393 254 1393 257 1390 418 1262 466
img08645.jpg 1506 890 1481 713 1515 491 1515 494 1418 717 1471 914 1515 491 1392 271 1362 251 1245 189 1277 485 1443 412 1392 265 1389 271 1386 433 1257 486
img08646.jpg 1505 893 1482 718 1517 496 1519 502 1413 718 1472 914 1519 496 1383 289 1357 268 1236 211 1272 506 1433 430 1383 283 1386 289 1380 449 1253 505
img08647.jpg 1506 899 1484 727 1519 506 1524 515 1406 718 1471 914 1521 506 1377 304 1353 286 1229 236 1267 522 1423 448 1380 298 1383 304 1374 464 1250 526
img08648.jpg 1508 902 1482 739 1517 518 1531 524 1397 720 1471 914 1526 515 1373 321 1350 307 1226 264 1260 542 1412 471 1376 318 1379 321 1367 483 1249 547
img08649.jpg 1511 909 1478 750 1515 529 1539 535 1386 721 1469 915 1531 526 1368 340 1348 329 1222 289 1254 563 1403 494 1374 340 1377 340 1363 503 1247 570
img08650.jpg 1511 913 1477 762 1514 542 1543 548 1378 726 1465 915 1532 542 1366 360 1349 349 1221 315 1248 583 1393 516 1371 360 1377 358 1355 525 1245 593
img08651.jpg 1513 917 1485 777 1523 557 1547 560 1368 730 1463 916 1536 557 1367 379 1349 371 1219 344 1246 599 1387 534 1373 377 1375 377 1349 546 1243 618
img08652.jpg 1504 919 1482 791 1521 572 1550 574 1358 738 1462 918 1542 574 1366 402 1347 395 1220 371 1246 617 1376 556 1371 397 1373 400 1345 569 1243 639
img08653.jpg 1496 924 1486 803 1526 584 1552 592 1350 743 1456 918 1544 589 1363 423 1348 416 1220 393 1248 638 1368 574 1368 418 1373 421 1343 589 1241 663
img08654.jpg 1483 930 1485 820 1525 601 1550 609 1344 748 1450 919 1543 604 1364 445 1346 435 1221 415 1250 659 1361 594 1367 437 1374 442 1339 611 1238 684
img08655.jpg 1475 942 1483 836 1524 618 1551 625 1334 751 1442 921 1546 620 1363 462 1344 455 1221 432 1242 674 1356 616 1361 459 1374 462 1337 630 1240 706
img08656.jpg 1472 959 1478 853 1520 635 1552 642 1329 755 1432 924 1545 637 1360 482 1341 472 1222 452 1229 667 1352 638 1358 481 1375 482 1334 647 1241 727
img08657.jpg 1486 971 1490 865 1533 648 1548 659 1323 757 1420 930 1541 652 1360 499 1339 489 1219 471 1227 637 1358 655 1357 499 1374 497 1326 662 1239 747
img08658.jpg 1485 987 1487 882 1530 664 1548 675 1327 759 1421 934 1541 669 1359 515 1339 505 1217 489 1225 604 1366 672 1359 515 1373 515 1323 678 1238 764
img08659.jpg 1486 998 1486 893 1530 676 1549 694 1335 761 1421 938 1539 685 1357 531 1336 524 1215 503 1225 569 1366 688 1359 531 1371 534 1320 692 1238 780
img08660.jpg 1486 1010 1484 904 1529 688 1550 709 1343 762 1426 940 1535 697 1359 547 1337 537 1213 516 1234 541 1364 701 1361 545 1370 554 1319 705 1236 796
img08661.jpg 1496 1015 1492 910 1538 694 1548 722 1352 763 1433 942 1533 708 1361 559 1338 552 1212 528 1244 534 1362 712 1361 554 1368 571 1320 717 1235 810
img08662.jpg 1501 1025 1495 920 1541 705 1551 737 1365 768 1444 947 1536 718 1363 569 1338 564 1212 538 1240 557 1357 728 1359 569 1368 589 1326 730 1235 823
img08663.jpg 1497 1031 1489 927 1536 712 1550 749 1368 775 1448 953 1530 728 1364 581 1337 576 1209 547 1234 575 1343 743 1355 583 1368 601 1325 741 1234 836
img08664.jpg 1495 1039 1485 935 1533 721 1543 756 1362 783 1448 957 1528 738 1365 589 1337 585 1208 556 1228 592 1340 751 1354 595 1367 610 1328 748 1237 845
img08665.jpg 1510 1045 1498 942 1546 727 1540 766 1362 792 1453 963 1530 746 1363 598 1336 594 1208 564 1225 607 1345 752 1357 601 1367 616 1328 758 1237 852
img08666.jpg 1493 1054 1479 951 1528 737 1538 775 1359 803 1456 970 1526 755 1361 606 1337 600 1207 568 1222 613 1342 751 1359 610 1367 624 1329 765 1237 860
img08667.jpg 1491 1060 1475 957 1525 744 1535 777 1355 808 1459 970 1524 761 1361 613 1339 605 1209 573 1223 617 1346 742 1363 612 1367 628 1330 771 1238 866
img08668.jpg 1509 1063 1490 960 1541 747 1532 779 1351 812 1462 969 1528 767 1363 616 1341 608 1211 576 1227 625 1357 733 1369 608 1367 633 1332 775 1240 873
img08669.jpg 1515 1069 1495 967 1547 754 1536 782 1353 819 1470 970 1530 772 1365 619 1343 611 1213 579 1230 635 1365 725 1372 603 1368 636 1331 780 1237 878
img08670.jpg 1505 1074 1482 972 1535 760 1536 781 1352 821 1475 966 1528 774 1367 620 1343 612 1213 580 1237 610 1350 706 1370 602 1368 639 1334 781 1236 883
img08671.jpg 1510 1074 1485 974 1538 762 1536 780 1351 822 1481 962 1532 772 1369 621 1346 613 1215 581 1248 592 1346 689 1373 601 1369 640 1334 784 1236 884
img08672.jpg 1510 1073 1484 973 1537 762 1535 781 1349 827 1484 960 1529 774 1370 621 1345 615 1214 582 1254 568 1329 675 1374 601 1370 642 1333 787 1237 888
img08673.jpg 1510 1074 1482 975 1537 764 1535 783 1347 832 1488 958 1529 777 1371 620 1344 616 1213 584 1256 544 1313 661 1375 603 1371 643 1331 789 1236 887
img08674.jpg 1512 1071 1482 973 1537 763 1538 782 1349 834 1495 954 1534 774 1372 621 1345 615 1214 582 1261 516 1299 644 1378 603 1372 644 1332 790 1237 890
img08675.jpg 1515 1070 1483 973 1539 763 1538 782 1348 838 1499 950 1536 774 1372 621 1345 615 1214 582 1257 524 1299 644 1382 604 1372 644 1330 792 1237 892
img08676.jpg 1530 1065 1496 968 1552 758 1540 783 1349 842 1505 947 1540 772 1372 621 1344 617 1213 584 1246 539 1296 647 1380 602 1372 644 1331 792 1240 893
img08677.jpg 1533 1066 1497 970 1554 761 1542 784 1351 845 1510 944 1542 774 1371 622 1342 618 1211 585 1238 557 1298 652 1379 603 1373 643 1331 793 1242 895
img08678.jpg 1537 1063 1500 968 1557 759 1545 780 1353 845 1516 936 1545 770 1372 623 1343 619 1212 586 1236 569 1300 653 1379 603 1372 644 1332 795 1246 899
img08679.jpg 1536 1064 1497 969 1555 761 1541 782 1348 850 1515 934 1541 774 1369 623 1341 621 1210 588 1227 587 1296 661 1373 608 1372 646 1332 795 1247 899
img08680.jpg 1535 1064 1494 970 1553 763 1541 783 1347 855 1517 931 1537 778 1370 624 1344 622 1212 589 1225 598 1296 663 1372 611 1370 648 1332 797 1248 903
img08681.jpg 1522 1068 1480 975 1540 768 1539 784 1344 859 1516 928 1529 784 1372 624 1347 620 1215 587 1229 603 1296 663 1374 615 1370 651 1331 799 1243 903
img08682.jpg 1511 1071 1467 980 1528 773 1538 785 1343 864 1517 927 1528 783 1374 624 1351 620 1219 587 1231 602 1295 658 1374 612 1368 653 1329 800 1240 902
img08683.jpg 1512 1070 1466 980 1527 773 1538 789 1343 871 1462 922 1525 787 1374 624 1350 620 1218 587 1233 608 1291 659 1372 612 1370 652 1328 800 1236 901
img08684.jpg 1513 1067 1465 978 1527 772 1540 789 1344 875 1410 915 1524 785 1376 625 1354 619 1222 586 1243 602 1294 650 1378 605 1368 653 1327 802 1233 903
img08685.jpg 1528 1061 1479 973 1541 768 1541 788 1344 878 1357 909 1527 782 1375 623 1355 619 1222 586 1244 605 1295 650 1377 604 1368 653 1327 801 1233 901
img08686.jpg 1529 1059 1478 973 1541 768 1540 788 1343 881 1303 905 1531 780 1375 621 1353 619 1220 586 1243 605 1296 650 1377 602 1368 653 1328 801 1235 903
img08687.jpg 1529 1057 1476 971 1540 767 1539 787 1343 884 1247 904 1530 782 1375 622 1352 618 1220 585 1243 605 1298 649 1377 603 1367 654 1328 800 1234 904
img08688.jpg 1529 1053 1475 968 1539 764 1540 782 1343 883 1249 908 1534 775 1374 622 1352 618 1219 585 1242 610 1305 652 1378 607 1367 654 1327 801 1235 903
img08689.jpg 1542 1047 1486 964 1552 760 1539 783 1341 887 1246 920 1535 775 1374 621 1351 619 1218 586 1236 614 1307 656 1376 610 1368 654 1328 802 1237 902
img08690.jpg 1543 1045 1485 963 1551 760 1538 785 1341 893 1244 936 1534 777 1371 623 1348 619 1215 586 1230 616 1306 657 1375 610 1370 652 1327 802 1237 901
img08691.jpg 1546 1043 1487 962 1554 759 1541 784 1343 896 1247 950 1535 779 1371 624 1348 618 1215 585 1225 613 1305 654 1377 609 1369 652 1327 800 1237 899
img08692.jpg 1549 1039 1489 959 1556 757 1543 784 1346 900 1250 964 1535 778 1370 623 1347 617 1214 583 1218 618 1302 656 1378 609 1370 650 1328 797 1238 897
img08693.jpg 1536 1041 1474 963 1542 761 1540 785 1343 904 1250 980 1530 779 1371 622 1347 614 1214 581 1206 613 1295 651 1377 606 1369 650 1328 795 1239 895
img08694.jpg 1524 1039 1461 962 1530 761 1542 781 1345 904 1255 990 1530 773 1371 620 1347 610 1214 576 1196 623 1290 651 1375 602 1369 646 1327 791 1242 890
img08695.jpg 1510 1035 1445 959 1515 759 1544 776 1347 903 1262 1000 1532 769 1372 617 1347 606 1214 573 1188 640 1286 655 1370 600 1371 641 1329 786 1246 885
img08696.jpg 1523 1021 1457 947 1527 747 1542 769 1346 900 1266 1008 1532 759 1371 608 1348 600 1215 566 1189 670 1289 663 1363 596 1371 633 1330 779 1250 879
img08697.jpg 1519 1008 1451 935 1522 736 1543 759 1347 893 1274 1012 1537 746 1371 598 1348 592 1214 558 1190 684 1292 659 1363 585 1374 620 1332 771 1256 873
img08698.jpg 1518 992 1450 921 1521 722 1544 747 1349 885 1284 1014 1538 734 1368 584 1345 580 1217 548 1195 707 1294 661 1356 575 1377 599 1335 757 1263 863
img08699.jpg 1516 976 1446 906 1518 707 1546 730 1351 873 1297 1011 1540 722 1366 568 1345 564 1219 535 1207 721 1302 657 1358 564 1380 579 1339 743 1269 853
img08700.jpg 1519 960 1448 892 1520 694 1549 712 1355 859 1311 1005 1542 704 1366 550 1345 545 1220 518 1224 724 1312 644 1363 545 1382 556 1343 725 1277 839
img08701.jpg 1506 949 1434 880 1507 682 1552 693 1358 843 1326 998 1543 689 1368 532 1344 525 1222 498 1238 717 1318 627 1368 525 1386 530 1350 706 1288 824
img08702.jpg 1511 940 1447 858 1520 661 1554 672 1361 826 1341 988 1542 668 1370 511 1346 502 1225 475 1274 723 1333 616 1368 507 1388 503 1357 686 1299 804
img08703.jpg 1511 936 1456 840 1530 644 1552 653 1360 811 1355 979 1543 651 1374 489 1349 477 1229 447 1309 715 1350 597 1377 484 1391 480 1366 662 1311 783
img08704.jpg 1513 935 1466 824 1541 628 1549 638 1358 800 1368 972 1543 633 1380 463 1352 451 1233 415 1339 705 1363 579 1382 458 1391 453 1376 635 1324 761
img08705.jpg 1510 934 1472 805 1548 610 1544 619 1354 785 1379 961 1540 615 1384 436 1355 424 1240 377 1366 694 1375 562 1386 434 1391 429 1385 606 1336 734
img08706.jpg 1506 934 1475 788 1551 593 1541 600 1356 774 1400 949 1537 595 1389 407 1360 394 1248 341 1380 670 1388 539 1392 407 1392 402 1393 576 1350 707
img08707.jpg 1500 928 1467 774 1544 579 1534 581 1358 762 1418 940 1531 579 1392 379 1361 366 1255 302 1382 641 1395 513 1397 379 1392 376 1403 547 1364 679
img08708.jpg 1500 921 1464 757 1542 563 1525 562 1367 752 1439 933 1526 560 1396 351 1367 334 1264 260 1388 613 1405 487 1402 351 1394 351 1410 519 1378 651
img08709.jpg 1498 912 1460 738 1538 545 1518 542 1378 739 1458 924 1521 542 1402 324 1371 307 1278 220 1397 584 1418 459 1405 324 1397 324 1414 490 1392 624
img08710.jpg 1496 908 1455 724 1533 531 1509 525 1390 733 1476 920 1516 525 1407 300 1378 279 1290 186 1409 558 1432 432 1413 300 1401 300 1419 465 1402 598
img08711.jpg 1498 903 1451 711 1527 518 1496 518 1402 725 1479 919 1509 515 1411 277 1387 256 1304 150 1429 541 1442 411 1417 277 1405 277 1426 444 1411 576
img08712.jpg 1499 903 1450 703 1523 507 1485 510 1413 722 1482 919 1501 507 1416 259 1394 234 1321 119 1444 524 1449 392 1422 256 1409 256 1428 424 1416 557
img08713.jpg 1501 904 1454 700 1515 502 1482 505 1424 720 1483 919 1496 502 1421 245 1401 218 1336 94 1454 509 1459 375 1427 238 1414 238 1434 408 1421 541
img08714.jpg 1506 903 1460 698 1509 497 1479 501 1434 717 1483 918 1489 497 1423 235 1407 205 1348 74 1458 496 1467 362 1433 225 1420 225 1440 396 1423 527
img08715.jpg 1508 901 1468 695 1504 491 1474 501 1445 715 1481 918 1485 494 1431 224 1414 193 1365 56 1458 491 1469 355 1438 213 1424 213 1445 384 1428 517
img08716.jpg 1508 897 1475 692 1501 489 1474 496 1454 715 1485 918 1481 492 1434 219 1420 185 1377 47 1454 489 1470 355 1444 209 1430 209 1444 377 1427 509
img08717.jpg 1510 899 1482 694 1496 493 1475 497 1462 715 1486 919 1479 493 1441 214 1428 180 1387 37 1449 490 1472 356 1448 207 1434 207 1445 374 1428 503
img08718.jpg 1507 900 1483 697 1493 493 1473 497 1466 717 1490 917 1476 493 1449 211 1435 177 1398 31 1431 402 1460 324 1456 208 1438 208 1445 374 1425 503
img08719.jpg 1505 903 1482 700 1488 497 1471 497 1471 723 1494 920 1471 497 1454 210 1443 176 1404 30 1419 345 1450 307 1460 210 1443 210 1443 379 1421 503
img08720.jpg 1500 914 1483 714 1483 497 1467 497 1467 731 1500 914 1467 497 1467 213 1450 179 1417 29 1378 41 1421 188 1467 213 1450 213 1450 380 1417 513
