ResultRaw1 ResultRaw2 ResultRaw3 ResultRaw4 ResultRaw5 ResultRaw6 ResultRaw7 ResultRaw8 ResultRaw9 ResultRaw10 ResultRaw11 ResultRaw12 ResultRaw13 ResultRaw14 ResultRaw15 ResultRaw16 ResultRaw17 ResultRaw18 ResultRaw19 ResultRaw20 ResultRaw21 ResultRaw22 ResultRaw23 ResultRaw24 ResultRaw25 ResultRaw26 ResultRaw27 ResultRaw28 ResultRaw29 ResultRaw30 ResultRaw31 ResultRaw32 ResultRaw33
img08151.jpg 1526 1004 1545 763 1526 540 1508 540 1489 781 1545 1023 1508 540 1508 243 1508 206 1470 39 1470 559 1545 391 1526 224 1508 243 1470 429 1452 559
img08152.jpg 1526 1011 1544 771 1526 536 1507 536 1495 783 1538 1023 1513 537 1513 241 1501 198 1470 44 1476 549 1538 397 1519 229 1501 241 1476 420 1452 561
img08153.jpg 1528 1010 1542 770 1528 536 1509 539 1491 781 1535 1023 1513 540 1513 243 1502 196 1469 45 1483 547 1542 398 1524 228 1502 239 1476 419 1451 558
img08154.jpg 1533 1007 1540 769 1526 535 1511 538 1486 780 1533 1022 1515 542 1515 242 1500 195 1467 44 1485 546 1544 397 1522 231 1500 238 1478 418 1449 557
img08155.jpg 1535 1002 1538 765 1527 534 1513 537 1480 780 1531 1022 1513 545 1516 244 1502 196 1469 42 1486 545 1546 398 1523 229 1502 240 1483 416 1450 556
img08156.jpg 1535 995 1533 760 1526 533 1512 537 1472 774 1530 1023 1515 541 1519 241 1504 198 1468 45 1489 541 1548 398 1526 231 1504 238 1490 413 1449 552
img08157.jpg 1535 991 1529 758 1525 532 1511 536 1463 772 1529 1020 1518 540 1521 242 1503 198 1467 49 1488 541 1547 402 1525 235 1503 242 1496 413 1449 554
img08158.jpg 1541 992 1529 756 1529 532 1511 532 1453 767 1526 1017 1518 536 1522 243 1504 200 1468 55 1493 536 1549 400 1525 236 1504 243 1500 409 1453 554
img08159.jpg 1539 990 1530 753 1537 532 1508 532 1443 764 1523 1014 1519 532 1523 246 1505 199 1469 58 1501 532 1547 402 1526 235 1508 242 1505 409 1457 554
img08160.jpg 1543 990 1530 751 1545 532 1508 532 1427 758 1519 1006 1523 532 1523 248 1505 197 1468 58 1509 535 1548 404 1526 241 1508 244 1501 416 1461 554
img08161.jpg 1544 984 1533 751 1551 533 1507 533 1412 751 1515 991 1522 533 1522 249 1504 195 1467 57 1516 537 1546 405 1525 242 1511 246 1500 420 1464 555
img08162.jpg 1543 972 1532 748 1558 532 1507 536 1393 741 1500 978 1525 532 1522 250 1503 195 1466 49 1523 535 1544 403 1529 239 1514 247 1499 426 1466 554
img08163.jpg 1546 956 1532 745 1558 532 1503 536 1374 727 1478 967 1528 532 1521 252 1503 197 1466 46 1524 536 1536 404 1525 241 1517 245 1502 429 1469 554
img08164.jpg 1555 945 1529 748 1554 532 1507 536 1364 715 1460 962 1532 532 1521 254 1503 195 1466 45 1520 536 1527 406 1525 242 1518 246 1503 433 1470 554
img08165.jpg 1568 928 1527 748 1549 530 1509 537 1367 714 1470 966 1531 534 1520 252 1502 198 1465 44 1514 532 1522 406 1524 241 1520 245 1509 431 1472 556
img08166.jpg 1592 914 1525 747 1543 532 1511 539 1383 717 1479 977 1529 536 1518 253 1503 198 1463 44 1512 529 1517 407 1522 242 1518 246 1511 433 1478 558
img08167.jpg 1540 891 1482 725 1537 532 1516 539 1417 724 1499 989 1526 535 1519 253 1505 198 1460 47 1507 528 1512 411 1519 242 1519 245 1512 433 1483 557
img08168.jpg 1566 871 1482 725 1533 532 1522 540 1452 735 1526 1001 1526 536 1518 248 1504 197 1460 47 1505 529 1511 414 1522 241 1518 244 1515 430 1485 558
img08169.jpg 1513 848 1435 701 1524 531 1523 539 1487 745 1549 1007 1523 535 1516 246 1502 196 1459 48 1507 528 1509 414 1520 239 1516 243 1513 427 1491 560
img08170.jpg 1458 828 1388 678 1522 531 1525 538 1507 749 1547 1009 1525 531 1515 246 1504 196 1458 49 1509 528 1508 415 1518 239 1515 242 1511 424 1493 560
img08171.jpg 1392 818 1340 652 1517 528 1527 539 1517 751 1545 1009 1527 528 1517 245 1503 196 1457 50 1505 525 1506 413 1520 235 1513 242 1513 422 1492 560
img08172.jpg 1398 820 1341 647 1516 527 1527 538 1512 753 1545 1010 1527 527 1513 245 1502 196 1456 52 1507 523 1506 412 1516 235 1509 238 1516 422 1492 559
img08173.jpg 1315 823 1293 623 1515 527 1522 538 1511 754 1544 1008 1522 527 1512 248 1501 195 1455 50 1509 524 1505 410 1512 238 1508 241 1508 425 1491 559
img08174.jpg 1304 829 1293 621 1518 528 1518 538 1507 753 1543 1009 1518 528 1511 248 1500 197 1454 50 1509 520 1508 412 1511 237 1507 240 1507 424 1486 560
img08175.jpg 1290 839 1293 622 1511 528 1515 539 1500 755 1491 978 1515 528 1511 248 1497 198 1450 51 1503 518 1505 413 1511 238 1507 241 1504 428 1482 561
img08176.jpg 1280 844 1291 623 1499 526 1510 537 1483 753 1493 980 1510 530 1506 250 1495 199 1445 52 1494 518 1495 413 1506 239 1506 242 1495 429 1481 559
img08177.jpg 1265 849 1285 627 1491 528 1506 535 1460 748 1492 981 1506 531 1506 246 1491 200 1445 54 1488 518 1489 413 1506 239 1506 243 1491 431 1477 560
img08178.jpg 1252 853 1284 630 1489 527 1507 535 1430 740 1493 980 1507 531 1503 249 1489 202 1440 54 1481 517 1482 414 1503 238 1503 242 1489 432 1471 563
img08179.jpg 1327 871 1325 655 1489 526 1507 536 1394 730 1492 980 1507 533 1500 250 1486 204 1434 54 1478 519 1476 413 1500 240 1500 243 1486 435 1468 564
img08180.jpg 1399 890 1366 680 1491 526 1502 537 1354 711 1480 984 1502 537 1495 250 1484 205 1432 55 1479 523 1474 414 1495 240 1495 243 1481 435 1463 564
img08181.jpg 1462 914 1406 706 1506 528 1499 538 1328 695 1415 959 1499 538 1492 250 1478 204 1433 55 1490 527 1482 417 1492 243 1492 243 1478 438 1457 566
img08182.jpg 1530 938 1445 731 1511 528 1497 542 1349 704 1349 937 1497 538 1490 252 1476 203 1427 53 1490 528 1485 416 1490 241 1490 245 1469 437 1455 566
img08183.jpg 1598 963 1482 753 1510 528 1489 542 1335 696 1284 919 1493 538 1489 250 1475 204 1426 57 1485 528 1487 416 1489 243 1485 247 1464 437 1450 567
img08184.jpg 1577 976 1477 754 1509 530 1481 544 1326 695 1218 899 1488 537 1485 249 1470 203 1425 59 1477 533 1490 416 1488 242 1481 249 1460 435 1446 565
img08185.jpg 1558 987 1472 753 1507 532 1476 542 1327 700 1215 905 1486 535 1483 250 1465 204 1419 63 1481 539 1488 415 1486 243 1476 250 1454 433 1440 567
img08186.jpg 1549 992 1467 752 1503 534 1471 538 1326 706 1214 911 1482 534 1478 252 1460 206 1411 65 1480 543 1484 413 1485 242 1471 252 1450 432 1436 569
img08187.jpg 1543 999 1467 754 1499 538 1463 538 1286 694 1215 920 1477 538 1470 255 1452 212 1406 67 1482 550 1480 418 1481 248 1463 255 1445 432 1428 570
img08188.jpg 1538 1001 1464 754 1492 538 1457 542 1287 701 1213 927 1471 538 1460 259 1446 213 1400 68 1481 554 1474 419 1475 249 1457 255 1439 436 1422 570
img08189.jpg 1538 1002 1463 756 1484 543 1448 543 1288 710 1214 934 1463 543 1452 261 1441 219 1391 69 1480 558 1466 422 1466 255 1448 258 1434 439 1416 571
img08190.jpg 1539 1003 1461 757 1475 547 1439 547 1289 718 1215 946 1454 547 1443 265 1432 223 1386 69 1464 560 1457 424 1457 258 1439 262 1429 443 1411 575
img08191.jpg 1539 1004 1460 761 1467 550 1427 554 1288 726 1216 954 1445 550 1435 268 1424 225 1381 71 1450 561 1449 425 1449 261 1427 264 1420 447 1402 575
img08192.jpg 1539 1003 1456 762 1456 554 1417 557 1284 733 1215 963 1431 554 1424 270 1413 223 1370 75 1433 561 1437 426 1435 263 1417 266 1413 449 1391 579
img08193.jpg 1539 1005 1453 767 1445 557 1406 557 1279 742 1218 973 1416 557 1413 269 1398 226 1359 78 1416 565 1426 428 1420 265 1406 269 1406 449 1380 583
img08194.jpg 1539 1003 1446 766 1435 557 1396 557 1277 744 1219 978 1403 557 1399 270 1385 223 1349 80 1403 562 1418 426 1406 263 1392 270 1392 453 1367 583
img08195.jpg 1536 999 1439 768 1425 559 1385 559 1269 747 1219 982 1388 559 1381 274 1370 223 1334 82 1380 560 1406 425 1392 263 1374 270 1381 451 1352 581
img08196.jpg 1531 998 1428 766 1410 558 1371 562 1263 751 1217 984 1374 558 1364 273 1353 226 1321 86 1365 561 1388 426 1371 265 1357 269 1364 448 1339 580
img08197.jpg 1524 992 1415 764 1398 553 1356 560 1257 753 1218 985 1363 556 1345 272 1338 226 1310 89 1353 559 1375 420 1356 262 1338 268 1349 444 1328 581
img08198.jpg 1518 985 1399 758 1385 548 1340 559 1249 751 1217 985 1350 552 1326 272 1322 223 1298 83 1341 554 1362 416 1340 258 1319 268 1333 443 1315 580
img08199.jpg 1509 981 1382 755 1372 544 1323 558 1238 752 1217 988 1337 548 1308 270 1305 224 1280 79 1321 552 1342 412 1323 259 1301 266 1316 438 1301 579
img08200.jpg 1498 972 1361 752 1358 539 1309 553 1232 752 1219 987 1327 542 1291 266 1288 220 1267 77 1317 548 1326 407 1306 255 1288 262 1295 441 1288 577
img08201.jpg 1483 953 1339 749 1346 534 1296 545 1226 752 1219 989 1314 538 1275 266 1272 213 1251 69 1301 543 1314 402 1289 252 1275 259 1279 442 1272 576
img08202.jpg 1469 933 1317 745 1338 532 1288 542 1224 752 1220 990 1306 532 1263 264 1256 211 1235 59 1285 541 1304 400 1274 250 1259 258 1263 442 1256 574
img08203.jpg 1449 913 1294 742 1326 531 1279 538 1218 752 1222 989 1297 531 1251 262 1243 209 1218 59 1272 535 1291 395 1261 248 1247 255 1247 438 1240 570
img08204.jpg 1426 897 1271 738 1318 528 1271 531 1217 753 1221 989 1289 528 1243 262 1232 205 1207 59 1262 533 1286 392 1253 245 1235 256 1235 431 1224 570
img08205.jpg 1406 884 1253 736 1307 526 1260 533 1214 755 1221 991 1278 526 1235 260 1221 203 1192 57 1248 535 1283 392 1246 242 1224 257 1224 429 1210 572
img08206.jpg 1389 876 1239 733 1296 521 1250 532 1210 753 1221 989 1268 525 1225 257 1214 203 1182 57 1238 538 1275 391 1239 243 1211 257 1214 425 1196 571
img08207.jpg 1367 876 1222 732 1282 521 1236 531 1207 753 1221 986 1257 524 1218 256 1207 202 1171 59 1227 539 1266 390 1232 245 1203 256 1203 424 1185 570
img08208.jpg 1346 875 1209 730 1273 519 1227 533 1205 752 1219 986 1248 522 1209 257 1198 203 1163 62 1216 542 1257 391 1223 246 1191 257 1195 423 1174 572
img08209.jpg 1321 876 1190 729 1257 523 1219 537 1201 752 1219 983 1236 526 1198 256 1191 203 1155 63 1204 542 1242 390 1212 246 1180 256 1187 425 1166 569
img08210.jpg 1289 876 1170 725 1245 525 1210 535 1200 754 1217 983 1228 528 1189 256 1182 204 1150 62 1192 544 1227 391 1200 250 1172 256 1179 419 1157 567
img08211.jpg 1253 878 1147 721 1234 528 1202 539 1195 752 1216 986 1220 528 1181 256 1171 203 1143 67 1181 544 1216 392 1192 249 1164 256 1174 417 1150 567
img08212.jpg 1217 877 1124 716 1221 531 1197 538 1190 752 1214 986 1207 531 1173 255 1162 203 1135 68 1172 541 1203 394 1183 248 1155 255 1166 414 1141 565
img08213.jpg 1186 879 1103 710 1209 533 1188 536 1185 755 1212 987 1195 533 1167 256 1154 204 1125 68 1160 540 1192 395 1174 249 1150 252 1160 411 1136 564
img08214.jpg 1156 882 1087 706 1197 533 1179 537 1179 755 1214 989 1186 533 1162 254 1145 205 1117 67 1149 539 1181 396 1166 250 1145 250 1152 412 1124 568
img08215.jpg 1125 889 1078 704 1185 535 1172 538 1175 753 1213 988 1175 535 1155 255 1138 207 1107 70 1141 536 1174 393 1162 248 1138 251 1145 415 1114 569
img08216.jpg 1095 901 1071 708 1171 539 1164 539 1171 756 1212 987 1164 539 1147 259 1130 211 1099 69 1129 533 1167 392 1154 249 1130 255 1140 421 1106 569
img08217.jpg 1071 912 1067 714 1161 540 1157 540 1168 759 1213 985 1154 540 1137 262 1123 213 1091 71 1119 534 1164 391 1147 252 1119 262 1130 425 1095 571
img08218.jpg 1043 918 1068 723 1151 542 1148 542 1162 758 1214 984 1144 542 1127 263 1113 215 1085 76 1121 538 1158 395 1141 257 1110 267 1117 431 1085 573
img08219.jpg 1023 923 1068 729 1141 545 1134 545 1155 760 1214 982 1134 545 1117 267 1103 215 1079 80 1115 540 1151 398 1131 260 1100 271 1107 437 1079 573
img08220.jpg 1010 925 1062 737 1129 550 1122 550 1146 761 1215 980 1122 550 1108 268 1094 220 1069 81 1105 542 1141 402 1118 265 1090 272 1094 442 1069 574
img08221.jpg 1004 925 1055 743 1121 549 1107 552 1135 764 1214 980 1111 549 1097 270 1087 221 1062 84 1098 545 1129 406 1107 266 1083 273 1076 445 1059 577
img08222.jpg 997 926 1052 744 1110 548 1090 555 1117 761 1213 981 1100 548 1090 271 1076 226 1052 89 1085 543 1115 408 1100 267 1076 271 1066 442 1049 576
img08223.jpg 994 929 1045 746 1099 547 1079 558 1102 758 1209 979 1089 547 1079 270 1069 226 1041 85 1066 543 1107 404 1086 267 1065 274 1055 438 1038 575
img08224.jpg 988 928 1036 744 1091 543 1067 557 1080 753 1202 975 1078 543 1067 270 1060 229 1029 83 1058 542 1104 402 1077 267 1057 274 1047 429 1026 571
img08225.jpg 983 928 1031 739 1086 536 1055 550 1058 748 1196 973 1069 533 1058 271 1052 227 1021 89 1045 538 1095 398 1072 265 1045 275 1038 426 1014 570
img08226.jpg 978 929 1027 735 1075 532 1047 543 1040 743 1188 961 1058 529 1051 272 1044 227 1009 89 1045 537 1090 395 1064 265 1034 275 1030 416 1003 566
img08227.jpg 974 933 1019 733 1064 529 1040 539 1022 739 1169 952 1047 529 1040 272 1037 223 1002 84 1043 536 1087 393 1054 262 1023 279 1023 414 991 560
img08228.jpg 972 933 1011 729 1052 526 1028 536 1000 739 1146 946 1038 526 1031 274 1028 225 993 83 1028 529 1075 394 1048 260 1014 277 1014 415 976 553
img08229.jpg 975 934 1003 732 1040 523 1020 530 985 742 1122 940 1030 523 1027 274 1020 223 986 86 1013 524 1061 397 1040 257 1006 278 1003 414 962 550
img08230.jpg 981 933 995 733 1036 523 1012 530 967 739 1091 934 1022 527 1019 273 1012 221 978 80 1002 520 1057 396 1032 256 1002 276 995 410 950 544
img08231.jpg 981 932 992 728 1036 518 1005 529 951 735 1063 932 1019 525 1012 271 1002 219 971 78 972 512 1043 395 1026 254 995 274 988 409 937 536
img08232.jpg 988 926 988 724 1035 518 998 525 938 731 1043 924 1015 522 1005 270 995 219 964 81 943 508 1027 396 1015 256 988 273 981 408 924 532
img08233.jpg 998 920 988 718 1034 518 992 521 926 728 1027 918 1008 521 999 265 985 216 956 85 921 504 1014 395 1005 255 985 269 978 406 914 525
img08234.jpg 1001 918 988 711 1033 515 988 518 918 723 1010 914 1004 518 991 264 979 216 950 84 901 504 1003 394 998 254 978 268 975 408 902 515
img08235.jpg 1003 921 989 708 1024 515 983 518 913 721 998 918 999 518 983 264 970 216 942 86 878 501 988 396 986 257 973 267 973 410 888 502
img08236.jpg 1005 922 988 709 1016 515 978 515 909 718 985 925 994 515 978 264 966 217 934 91 857 495 977 397 982 258 969 267 969 411 875 493
img08237.jpg 1001 926 987 711 1009 515 974 515 908 721 971 933 990 512 974 266 962 218 927 95 847 492 974 398 981 256 965 266 965 411 860 476
img08238.jpg 992 931 985 715 1004 513 969 516 911 718 962 940 985 510 972 269 959 221 924 99 832 481 969 397 982 256 959 266 959 410 846 464
img08239.jpg 988 935 985 716 998 515 963 518 914 716 956 943 979 512 969 269 956 220 920 103 817 469 963 395 982 256 956 265 953 408 836 450
img08240.jpg 978 935 981 715 995 512 956 515 917 718 953 944 975 509 966 267 956 219 920 109 810 463 962 393 981 254 949 264 943 406 824 438
img08241.jpg 979 935 979 715 989 511 951 515 918 721 950 944 970 508 960 266 954 218 918 108 812 465 966 392 979 253 944 263 931 402 812 425
img08242.jpg 979 935 979 713 986 511 944 514 918 722 951 947 963 511 957 264 951 216 918 107 808 461 966 389 976 251 941 260 922 398 803 418
img08243.jpg 980 939 977 714 977 513 942 513 916 723 951 947 958 513 955 263 948 215 916 103 810 466 970 391 974 251 935 263 910 394 795 410
img08244.jpg 979 938 973 714 976 511 938 511 916 727 951 950 954 514 951 266 945 215 916 104 810 467 973 390 970 254 929 266 897 390 782 406
img08245.jpg 988 937 975 716 975 511 936 514 914 728 949 949 949 517 949 267 940 216 914 101 802 452 971 386 972 255 924 267 885 389 776 402
img08246.jpg 987 937 974 717 974 511 932 517 913 727 948 950 945 520 948 269 939 217 913 97 792 446 967 385 968 256 922 265 877 388 771 396
img08247.jpg 986 937 970 717 970 510 931 517 915 727 947 950 944 520 947 271 934 219 912 99 779 433 961 384 967 258 918 267 866 387 763 395
img08248.jpg 983 934 967 715 970 509 928 519 918 728 947 950 944 522 944 271 934 218 911 97 772 422 959 379 964 261 915 267 856 388 758 396
img08249.jpg 983 932 970 714 970 509 926 522 917 728 950 949 940 522 943 268 933 218 910 92 766 414 958 377 963 261 913 264 850 387 758 395
img08250.jpg 982 934 968 711 968 509 925 522 918 725 951 951 938 522 942 266 932 216 908 90 762 418 956 376 958 260 912 266 845 382 755 393
img08251.jpg 980 935 967 709 967 511 924 524 920 726 953 952 937 524 940 266 927 216 907 90 758 413 955 375 957 259 907 269 841 381 754 397
img08252.jpg 981 934 967 710 964 510 921 523 917 724 957 951 934 523 937 266 927 216 904 85 757 410 954 373 954 259 904 269 840 379 756 397
img08253.jpg 983 936 970 709 967 509 920 522 917 723 956 953 933 522 937 265 923 215 903 85 755 412 953 372 953 255 903 269 840 378 755 396
img08254.jpg 985 937 968 709 965 507 918 520 918 722 955 954 935 520 935 265 921 215 901 87 752 413 951 369 951 255 905 269 841 379 756 398
img08255.jpg 985 936 968 709 964 506 917 519 917 723 954 952 934 519 934 266 920 218 900 86 753 414 951 374 951 256 907 266 839 384 754 403
img08256.jpg 984 935 967 707 960 506 916 516 916 721 956 948 932 516 932 264 919 216 899 87 753 413 949 373 949 257 909 264 841 383 752 402
img08257.jpg 983 935 967 708 963 504 916 518 916 721 956 948 932 518 932 263 916 216 899 87 752 416 949 375 949 256 909 263 841 385 749 403
img08258.jpg 981 933 965 710 961 503 914 517 914 720 958 946 931 517 931 263 914 216 897 88 748 415 948 378 948 257 908 263 843 385 748 402
img08259.jpg 982 932 963 709 957 503 913 517 916 719 960 945 929 513 929 264 913 216 896 85 747 415 946 382 946 257 906 264 842 385 744 402
img08260.jpg 984 933 964 709 954 504 910 518 917 719 960 944 930 514 927 266 913 215 897 85 745 417 947 380 943 256 903 266 843 383 742 400
img08261.jpg 984 933 964 710 954 503 910 520 920 720 960 948 930 513 927 268 913 218 897 84 743 419 947 382 944 255 900 268 843 385 742 404
img08262.jpg 985 934 964 708 951 504 907 521 921 722 961 946 931 514 928 269 914 219 897 85 744 416 948 380 944 256 901 269 840 386 737 403
img08263.jpg 986 933 965 707 952 505 908 522 922 720 959 946 932 512 929 270 915 219 898 85 747 418 949 377 945 256 902 270 841 387 734 404
img08264.jpg 988 934 966 708 953 507 909 524 919 722 959 947 932 517 929 268 915 221 899 87 748 416 949 376 946 255 899 272 842 389 731 406
img08265.jpg 986 931 965 707 955 507 911 523 918 721 961 948 932 513 932 269 915 222 898 88 748 416 948 379 948 255 898 272 841 389 728 402
img08266.jpg 992 929 967 708 956 506 913 523 916 722 960 948 933 516 933 267 916 223 896 88 748 415 950 378 950 256 903 270 842 388 728 394
img08267.jpg 996 925 965 709 955 505 914 522 918 723 958 950 931 516 931 264 918 224 894 88 735 400 938 380 948 258 901 271 843 390 731 395
img08268.jpg 1000 924 964 709 950 504 912 521 919 726 960 951 929 515 929 262 919 225 892 88 732 393 936 382 950 259 899 273 844 392 735 396
img08269.jpg 997 923 962 708 952 505 911 518 922 725 959 952 928 512 928 265 922 224 891 88 734 391 938 380 952 258 898 271 847 390 742 393
img08270.jpg 1001 922 961 709 947 506 910 517 924 725 957 951 927 513 927 264 920 223 890 88 736 395 940 378 950 260 900 270 853 392 752 396
img08271.jpg 997 922 958 709 948 507 907 517 924 726 958 948 924 510 924 264 921 220 890 85 726 373 927 379 951 261 897 274 853 396 756 402
img08272.jpg 995 922 957 710 950 510 906 517 923 727 957 947 926 510 926 266 920 219 892 83 728 371 925 382 953 263 899 273 855 395 765 401
img08273.jpg 991 926 958 710 952 511 908 518 921 727 958 945 928 511 928 268 918 218 894 83 732 377 927 383 952 262 901 272 854 393 768 396
img08274.jpg 990 926 960 709 953 508 908 519 919 726 960 943 929 508 929 267 915 216 895 80 731 373 925 386 953 264 902 271 851 396 767 394
img08275.jpg 985 929 962 709 955 508 907 518 917 726 958 942 927 504 931 268 917 217 897 80 729 365 923 384 955 262 900 272 849 395 767 391
img08276.jpg 985 931 962 706 955 508 907 515 917 723 958 942 927 504 934 268 917 221 896 81 731 365 923 385 955 262 900 268 849 395 767 388
img08277.jpg 986 934 962 706 952 505 907 515 917 719 958 944 924 501 934 266 917 222 897 79 733 362 924 382 955 260 900 266 849 396 764 382
img08278.jpg 983 932 959 705 953 504 905 514 918 719 956 945 922 497 935 264 918 223 898 79 736 360 925 381 956 261 901 264 850 398 764 381
img08279.jpg 985 935 958 705 954 506 903 513 920 718 954 948 920 499 937 263 920 226 899 82 739 363 926 380 954 260 903 263 855 393 769 378
img08280.jpg 985 937 955 703 958 505 903 515 920 717 955 947 920 498 937 261 920 227 896 79 741 364 927 381 955 261 903 261 855 395 769 376
img08281.jpg 985 938 958 707 958 505 903 516 920 718 954 947 920 499 934 262 920 224 900 81 754 380 941 378 954 262 903 262 855 392 769 373
img08282.jpg 985 938 961 708 964 507 903 513 920 718 954 947 920 500 934 264 920 223 900 83 766 397 954 377 954 261 903 264 855 390 770 375
img08283.jpg 988 939 961 707 964 509 907 512 920 717 954 946 920 506 934 267 920 222 900 82 767 395 954 376 954 260 903 267 855 389 770 374
img08284.jpg 988 939 964 707 964 506 910 513 920 718 954 946 923 506 934 267 920 219 900 83 769 385 954 373 957 260 903 267 852 393 766 373
img08285.jpg 985 936 967 707 957 506 913 513 920 717 954 946 923 509 930 267 920 219 903 82 767 378 950 373 957 260 903 267 855 390 766 369
img08286.jpg 971 933 965 705 958 506 914 513 921 718 954 948 924 509 931 267 921 219 904 87 767 375 949 372 958 257 901 267 857 391 766 368
img08287.jpg 969 930 962 706 956 505 916 515 922 720 956 948 926 512 929 264 922 220 902 85 770 373 950 372 959 257 899 267 858 391 765 364
img08288.jpg 966 927 963 709 957 506 914 516 924 719 957 949 927 513 927 262 924 219 903 85 772 370 951 370 960 259 900 266 860 392 763 362
img08289.jpg 965 926 962 712 955 506 912 516 922 718 958 948 925 513 925 264 925 221 905 84 775 376 953 371 958 257 899 267 862 390 763 363
img08290.jpg 972 926 962 714 959 507 913 513 923 717 959 948 929 513 929 266 926 220 906 91 781 379 957 369 959 256 896 269 860 391 761 361
img08291.jpg 986 927 962 715 962 506 913 516 923 718 959 947 929 516 933 264 926 221 906 88 784 378 959 367 959 258 899 268 860 391 764 360
img08292.jpg 989 930 965 714 962 508 912 518 922 720 959 946 929 518 932 265 926 219 909 89 786 378 959 368 959 259 902 265 859 392 766 361
img08293.jpg 987 930 966 715 963 506 914 520 920 722 960 947 930 520 934 265 927 218 910 89 788 380 960 370 960 258 900 265 861 391 768 361
img08294.jpg 989 930 968 714 965 508 912 522 922 724 958 947 932 518 935 266 925 219 909 89 789 375 958 372 962 259 902 266 859 392 769 359
img08295.jpg 985 932 965 714 965 509 911 526 921 727 958 948 931 523 935 264 925 217 908 83 788 370 956 374 965 261 905 264 857 392 770 358
img08296.jpg 981 930 964 714 961 508 914 525 921 727 958 950 934 522 934 265 924 215 907 80 788 366 954 378 968 262 904 265 856 390 769 353
img08297.jpg 980 932 960 714 960 507 917 524 920 725 957 949 937 521 937 267 923 217 907 83 792 358 954 378 967 260 903 267 856 387 769 350
img08298.jpg 986 933 959 713 959 507 919 524 922 727 956 950 935 521 939 267 922 217 905 82 801 348 956 379 966 261 902 267 854 386 770 351
img08299.jpg 982 933 959 714 952 509 922 523 922 724 956 950 935 523 939 264 922 217 905 79 820 346 954 377 966 261 902 268 854 385 773 348
img08300.jpg 983 933 960 715 953 511 923 524 923 725 957 950 933 524 940 263 923 216 906 79 834 347 954 374 963 260 899 270 852 387 776 345
img08301.jpg 982 935 962 714 952 511 922 524 925 725 959 948 932 524 939 264 925 218 909 81 840 345 955 368 962 258 899 271 852 391 783 345
img08302.jpg 981 933 965 714 952 512 924 522 924 724 961 949 931 522 938 263 928 216 911 78 845 341 953 363 965 260 901 270 850 394 791 345
img08303.jpg 977 931 967 715 947 515 924 522 924 722 961 948 934 522 937 262 931 216 914 82 845 339 950 357 967 259 904 269 847 395 797 340
img08304.jpg 977 929 967 715 954 514 923 521 927 725 960 950 933 521 940 263 933 216 917 85 835 336 951 357 967 260 903 266 846 394 804 338
img08305.jpg 971 925 968 714 955 513 921 520 928 724 961 949 934 517 941 266 934 219 918 88 835 337 955 359 968 259 908 266 847 393 810 339
img08306.jpg 976 922 969 714 955 514 922 520 925 724 959 951 935 517 942 263 935 217 919 87 842 340 955 364 969 260 909 267 848 390 815 340
img08307.jpg 986 920 970 714 950 515 920 522 927 724 957 950 933 519 943 264 933 217 920 88 839 341 947 370 967 260 910 267 850 386 817 336
img08308.jpg 990 919 967 712 951 516 921 522 928 726 957 949 931 519 944 265 934 219 921 85 834 339 934 372 964 262 911 269 854 385 817 332
img08309.jpg 993 923 968 713 952 515 922 524 925 723 958 947 932 521 942 267 935 217 925 85 834 337 926 371 965 260 912 270 856 389 816 330
img08310.jpg 998 929 969 713 946 516 923 522 923 723 956 950 933 525 940 266 936 217 927 85 828 328 912 368 963 260 910 269 857 387 816 322
img08311.jpg 996 935 969 714 946 518 923 521 923 721 955 950 933 524 939 266 936 217 929 90 822 322 900 364 962 260 913 266 857 387 813 319
img08312.jpg 985 938 966 713 950 518 924 521 924 723 956 951 934 524 940 267 937 218 930 91 826 318 898 361 963 260 911 267 859 387 811 316
img08313.jpg 987 942 968 715 948 516 923 519 926 721 955 953 936 523 942 265 936 216 932 89 823 315 902 362 961 259 916 265 861 386 813 318
img08314.jpg 986 940 967 712 944 519 924 519 928 722 957 955 934 522 944 266 937 216 931 88 820 310 906 364 960 259 918 266 862 384 813 318
img08315.jpg 987 940 968 712 948 519 925 519 928 722 957 952 935 519 945 266 938 217 935 89 821 304 918 366 964 260 919 266 863 388 813 322
img08316.jpg 988 940 968 711 949 520 929 520 929 724 958 949 936 520 945 265 939 219 936 84 820 298 928 369 962 259 919 269 866 388 816 322
img08317.jpg 991 941 971 710 951 518 928 521 928 723 958 948 938 518 945 266 941 220 938 84 819 290 942 371 964 256 918 270 872 392 816 326
img08318.jpg 982 944 970 709 957 519 927 525 927 725 960 948 937 519 944 266 944 220 940 85 823 287 953 371 967 256 914 269 878 394 816 328
img08319.jpg 986 949 970 712 954 520 928 526 928 726 960 947 938 520 944 265 944 220 944 86 825 279 960 370 967 255 915 269 885 396 817 337
img08320.jpg 984 946 970 709 954 518 928 527 928 723 960 947 938 518 944 264 944 218 947 88 823 272 961 372 963 254 915 267 895 397 817 348
img08321.jpg 981 947 968 711 951 517 926 526 929 721 961 949 939 517 942 266 942 217 952 94 826 258 964 371 964 253 916 266 903 399 815 364
img08322.jpg 983 944 966 712 947 520 927 526 931 722 960 951 937 520 940 265 944 216 954 92 829 242 958 373 963 252 918 265 908 399 816 383
img08323.jpg 984 940 966 713 943 520 930 523 930 719 960 948 937 520 940 267 943 218 956 93 830 226 950 376 960 251 920 267 914 401 822 405
img08324.jpg 980 935 968 711 948 516 929 523 929 718 958 949 939 516 939 265 942 219 958 95 840 213 946 382 962 252 922 268 919 402 828 431
img08325.jpg 978 933 968 714 948 518 929 524 929 720 958 952 936 518 939 264 945 219 958 91 852 197 943 385 965 252 923 270 923 402 836 459
img08326.jpg 979 932 971 717 952 521 930 527 930 727 958 949 936 521 940 265 949 221 958 87 867 259 949 401 964 252 924 271 924 405 848 485
img08327.jpg 975 932 973 721 957 521 928 527 928 731 960 947 938 521 941 263 947 222 960 84 883 325 962 415 963 254 922 273 922 411 863 508
img08328.jpg 978 932 973 722 961 521 929 531 929 732 958 949 942 521 942 263 948 222 961 84 889 384 964 420 967 254 920 273 920 411 874 525
img08329.jpg 978 933 974 724 965 522 934 529 931 733 956 948 943 525 943 264 949 221 965 81 885 443 964 423 968 252 918 271 918 414 885 535
img08330.jpg 977 937 970 728 960 524 938 527 935 731 958 946 945 530 945 264 948 223 970 82 873 506 962 429 964 255 919 271 916 415 898 540
img08331.jpg 976 936 966 730 952 524 939 528 940 726 956 945 943 531 946 265 950 222 976 82 853 493 952 421 962 255 916 272 916 415 907 540
img08332.jpg 976 936 965 728 951 524 939 527 939 721 956 946 942 530 946 265 953 221 979 84 833 479 945 415 965 255 919 272 919 413 909 540
img08333.jpg 967 940 964 733 950 523 941 523 938 723 958 946 941 529 945 263 955 224 981 86 819 470 948 416 961 257 921 273 921 415 909 542
img08334.jpg 959 945 959 738 945 525 936 525 939 727 968 949 942 528 943 266 956 226 982 86 805 454 948 417 956 259 922 276 922 417 910 541
img08335.jpg 958 949 963 741 952 526 930 526 937 731 975 952 943 526 940 266 953 224 981 84 797 431 953 417 959 259 924 272 924 415 908 544
img08336.jpg 957 952 966 739 960 524 932 524 935 735 985 957 944 524 944 262 954 225 978 85 791 404 954 417 960 259 923 274 923 418 905 546
img08337.jpg 955 951 964 738 958 522 934 522 934 734 986 953 943 522 946 264 955 226 978 88 781 370 946 415 955 258 925 272 925 416 902 546
img08338.jpg 962 947 965 735 956 523 935 523 935 733 984 951 944 523 947 265 956 227 980 85 780 333 941 416 956 260 923 274 923 415 902 544
img08339.jpg 964 941 966 728 957 524 936 524 935 731 975 948 939 524 947 264 957 227 981 88 785 300 936 417 953 261 923 273 923 415 899 545
img08340.jpg 962 934 963 722 955 525 937 525 936 730 966 947 937 525 948 265 961 227 983 88 795 267 929 417 948 262 924 274 924 413 896 543
img08341.jpg 958 929 962 717 959 521 935 524 931 727 959 946 938 524 947 267 962 229 984 88 815 237 926 416 947 261 925 273 925 410 894 545
img08342.jpg 957 929 963 717 962 520 932 526 935 733 960 949 938 526 944 267 963 229 985 88 833 212 926 414 950 261 922 273 922 410 894 548
img08343.jpg 956 925 964 713 966 518 927 527 936 735 961 948 936 524 945 265 964 225 985 88 849 193 926 411 954 259 924 268 924 411 893 551
img08344.jpg 964 925 966 714 965 519 926 528 935 732 960 946 941 525 948 267 966 224 985 87 860 181 928 409 960 258 926 270 923 413 895 552
img08345.jpg 973 922 969 711 965 515 929 524 933 730 960 945 945 521 951 267 966 225 984 88 868 174 930 408 963 255 930 270 920 419 893 551
img08346.jpg 987 924 972 713 959 519 932 525 935 732 956 943 945 522 951 267 966 221 984 90 867 173 929 412 966 257 935 267 920 419 896 553
img08347.jpg 994 925 974 715 959 520 931 526 935 728 956 943 947 520 953 265 965 219 983 87 868 174 928 416 965 259 938 268 919 419 895 550
img08348.jpg 992 928 974 718 962 520 933 526 933 725 958 943 949 516 952 267 962 216 984 90 866 180 932 419 962 257 939 270 917 415 895 552
img08349.jpg 981 928 969 718 964 516 938 522 933 727 960 942 948 513 954 265 960 215 981 90 869 180 932 420 960 255 939 271 917 414 896 550
img08350.jpg 972 933 964 722 964 517 938 524 932 731 960 940 948 514 954 264 960 214 978 89 866 179 931 421 960 257 938 270 917 413 899 552
img08351.jpg 965 930 961 720 967 516 935 522 932 729 963 943 945 513 954 263 960 216 978 90 865 177 932 419 957 257 935 272 920 410 898 551
img08352.jpg 967 927 961 717 966 518 940 522 931 732 963 944 944 515 956 264 959 217 978 93 864 174 932 417 959 257 934 273 919 412 900 553
img08353.jpg 971 928 960 718 962 522 940 522 931 736 962 946 944 522 956 264 962 221 977 88 867 165 928 417 962 261 931 276 919 420 900 549
img08354.jpg 978 928 966 718 958 523 939 523 933 734 961 949 942 523 954 265 961 221 977 85 863 161 927 415 961 262 932 274 920 419 901 551
img08355.jpg 981 927 968 718 959 524 933 527 933 731 962 951 939 524 952 268 962 222 975 86 865 157 926 414 958 261 930 277 923 417 900 549
img08356.jpg 978 929 969 722 959 526 931 530 934 736 962 954 940 526 953 269 959 221 975 84 864 155 926 413 962 260 930 278 921 419 902 551
img08357.jpg 972 933 967 727 958 527 929 531 932 735 961 955 939 527 948 272 958 223 974 83 864 155 926 413 958 259 929 281 922 421 903 550
img08358.jpg 978 931 971 727 958 527 927 530 933 733 961 953 939 527 945 273 955 222 974 84 866 152 926 412 955 257 930 282 923 419 904 552
img08359.jpg 985 927 972 727 958 527 927 530 930 736 961 952 939 527 943 274 956 223 974 86 870 150 925 417 955 258 927 286 921 423 905 549
img08360.jpg 993 925 973 725 953 525 932 529 931 735 959 954 940 525 941 275 953 224 975 84 871 151 924 421 956 259 928 287 918 428 906 551
img08361.jpg 995 928 972 727 949 523 937 526 930 733 959 950 943 523 940 275 953 224 975 83 873 150 914 386 956 261 924 290 918 431 905 548
img08362.jpg 996 925 972 724 948 523 933 526 933 732 958 949 942 523 942 273 952 223 977 81 870 151 903 351 958 263 924 291 917 429 905 548
img08363.jpg 992 921 970 720 947 521 938 525 932 732 954 951 941 521 944 269 954 225 976 83 858 159 889 319 960 263 929 285 916 427 903 547
img08364.jpg 990 920 971 718 952 521 940 525 933 734 955 950 943 521 946 268 952 224 977 83 849 166 873 290 961 265 927 286 918 424 902 550
img08365.jpg 983 918 967 716 952 523 940 523 934 735 955 948 943 523 946 266 952 223 977 84 850 166 855 264 961 263 927 285 915 420 900 550
img08366.jpg 985 912 969 709 954 523 939 523 936 734 954 950 942 523 948 266 954 223 976 85 852 166 847 277 960 263 929 281 914 419 899 551
img08367.jpg 985 910 968 707 953 521 944 521 935 734 956 950 941 521 947 264 953 224 974 87 855 168 838 291 959 261 929 281 914 418 898 552
img08368.jpg 984 911 968 707 952 521 944 521 935 737 959 949 941 521 946 265 953 223 974 87 871 161 843 321 958 259 925 286 913 421 898 551
img08369.jpg 983 911 967 707 951 521 942 521 933 735 957 951 939 521 945 264 954 222 972 88 879 160 856 348 957 255 927 282 912 422 897 550
img08370.jpg 984 910 968 706 951 519 943 522 934 741 958 952 940 519 948 262 954 220 972 87 879 161 873 373 957 256 928 282 913 424 898 549
img08371.jpg 983 912 966 708 950 521 940 524 932 737 959 948 937 521 947 264 956 221 971 86 874 167 893 399 956 255 929 285 917 425 898 548
img08372.jpg 981 917 967 710 954 519 938 525 932 738 960 948 938 522 947 264 960 220 969 85 869 171 915 423 953 255 932 280 916 427 897 547
img08373.jpg 976 923 966 713 956 519 936 529 930 735 959 950 936 523 946 265 959 220 968 85 861 179 928 429 952 259 933 281 917 426 898 548
img08374.jpg 972 927 965 715 951 520 935 530 931 733 961 949 935 524 948 265 958 222 967 85 862 177 929 428 951 262 931 285 919 425 899 550
img08375.jpg 970 933 966 718 953 521 933 531 930 729 960 949 933 527 943 270 956 223 966 86 860 177 931 428 950 263 930 286 920 427 900 551
img08376.jpg 968 937 968 720 955 520 935 530 929 732 958 951 935 526 945 268 955 223 968 85 865 171 930 426 951 265 932 282 916 425 899 552
img08377.jpg 969 938 970 722 953 522 934 529 928 735 959 951 934 525 944 272 953 224 969 84 871 165 927 421 953 265 928 284 915 424 900 554
img08378.jpg 970 939 971 724 951 523 933 527 930 734 963 951 933 527 945 272 955 226 967 83 877 158 924 416 955 263 924 285 915 424 899 555
img08379.jpg 968 939 972 724 955 522 933 529 930 734 963 949 933 525 942 276 955 225 967 85 880 157 925 413 955 263 924 285 914 425 899 553
img08380.jpg 962 937 971 724 958 521 933 528 930 731 966 947 933 521 942 274 954 227 967 87 882 156 925 410 954 262 920 287 914 425 898 553
img08381.jpg 956 931 969 721 955 521 933 528 930 729 967 948 930 521 936 277 952 229 965 85 883 154 923 407 952 261 914 292 914 424 899 553
img08382.jpg 956 928 967 720 951 520 935 530 928 724 963 946 932 520 935 277 951 229 964 86 884 154 924 412 951 261 915 293 915 426 899 553
img08383.jpg 956 928 966 718 946 521 936 531 926 721 959 945 933 521 933 278 950 228 966 88 875 156 922 417 950 261 916 298 916 428 899 551
img08384.jpg 958 928 967 719 946 522 936 532 923 722 956 945 933 522 933 279 950 229 963 85 857 168 925 422 950 262 916 299 916 429 900 552
img08385.jpg 966 927 969 719 945 522 936 532 923 724 955 945 933 525 933 278 949 229 965 85 830 191 928 426 949 262 913 300 916 428 900 551
img08386.jpg 971 929 971 722 947 521 934 534 924 724 954 943 934 524 934 278 947 229 964 85 800 224 931 431 951 262 914 301 917 431 901 551
img08387.jpg 975 928 974 721 953 520 934 533 924 723 954 942 934 527 934 278 947 228 963 84 766 266 932 430 951 261 914 304 917 434 900 550
img08388.jpg 976 924 974 721 957 517 935 531 925 726 956 945 935 524 935 274 944 226 963 84 740 312 933 429 948 261 913 300 916 431 899 552
img08389.jpg 977 925 973 722 956 518 934 528 927 725 962 944 937 524 934 276 943 225 965 87 724 353 928 426 947 260 912 298 915 429 899 553
img08390.jpg 976 926 971 722 954 518 935 525 926 724 961 945 938 522 938 272 944 221 963 84 721 391 924 423 948 259 916 291 913 427 897 556
img08391.jpg 978 926 971 722 954 518 935 522 923 727 963 948 939 522 938 267 945 218 966 85 725 429 920 421 945 257 917 286 911 424 896 558
img08392.jpg 977 928 968 724 951 520 936 520 927 729 970 951 939 520 939 269 942 216 967 84 738 466 916 423 945 259 917 284 912 422 896 560
img08393.jpg 975 932 965 728 948 524 935 524 929 728 974 951 938 521 938 273 945 218 967 84 763 498 915 425 945 263 919 286 913 426 897 559
img08394.jpg 981 931 968 727 951 523 936 523 927 728 967 953 936 520 939 265 946 218 967 81 799 523 921 423 945 262 920 281 912 427 896 557
img08395.jpg 983 933 969 729 952 525 937 525 928 728 967 955 937 521 937 268 946 220 968 82 832 541 922 424 946 264 921 284 912 428 896 553
img08396.jpg 982 935 966 731 949 527 936 527 930 726 969 954 936 523 936 271 949 223 968 83 863 550 922 425 946 264 924 284 912 429 896 549
img08397.jpg 983 936 965 731 948 527 936 527 930 730 965 951 936 524 936 268 952 225 968 83 890 547 919 422 945 262 924 281 909 425 894 549
img08398.jpg 984 935 965 730 948 526 936 526 930 728 961 950 936 526 936 267 951 227 966 82 907 543 914 421 945 261 924 279 906 426 894 547
img08399.jpg 980 937 959 732 942 528 936 528 930 731 963 949 936 528 936 270 948 228 967 85 903 467 909 423 942 261 924 282 906 425 894 549
img08400.jpg 978 935 955 730 938 526 935 526 932 731 963 945 935 526 931 272 947 228 966 85 904 388 908 422 941 259 922 284 907 424 895 551
img08401.jpg 980 935 955 730 938 526 935 523 929 731 962 945 935 523 931 269 944 229 966 86 904 388 911 419 938 260 916 288 907 421 895 554
img08402.jpg 979 935 952 730 935 526 935 523 929 726 963 947 935 523 929 271 941 227 966 90 901 394 914 419 932 262 913 290 907 420 894 552
img08403.jpg 981 935 952 730 935 526 935 523 929 728 963 945 935 523 926 275 939 225 966 91 899 394 920 416 930 262 911 294 908 417 892 551
img08404.jpg 981 933 951 728 934 524 934 524 934 725 962 945 934 521 924 276 937 225 969 91 911 465 921 412 928 263 909 295 909 416 892 550
img08405.jpg 979 936 951 731 930 526 934 527 937 723 965 946 934 523 928 279 934 224 969 91 910 543 921 414 921 269 905 294 909 415 896 549
img08406.jpg 976 933 950 728 929 524 933 528 939 722 965 943 933 524 923 287 933 225 969 89 908 541 920 419 920 274 904 297 910 417 894 547
img08407.jpg 972 933 949 729 929 526 932 526 939 721 965 940 932 522 922 287 932 228 969 88 907 540 919 423 919 278 902 297 913 420 893 546
img08408.jpg 969 932 952 729 928 526 929 526 939 722 966 942 932 523 922 289 932 228 969 89 906 540 918 425 918 279 901 295 915 421 888 543
img08409.jpg 970 935 953 731 932 527 925 523 935 724 966 945 932 523 922 288 932 227 970 88 898 540 919 429 919 282 902 295 915 425 881 540
img08410.jpg 974 929 953 724 940 524 923 521 929 724 967 945 933 521 919 289 929 232 967 89 895 530 922 427 919 279 902 296 913 429 868 534
img08411.jpg 978 928 954 721 944 524 920 521 927 724 964 945 934 521 920 287 930 232 964 90 886 457 926 421 924 276 903 293 914 426 859 521
img08412.jpg 983 924 955 715 948 519 918 522 924 725 961 948 934 519 921 285 927 231 962 89 877 378 930 412 928 272 904 289 911 420 850 509
img08413.jpg 987 920 952 709 952 514 915 521 922 722 959 947 935 517 925 282 928 232 959 91 879 299 934 405 938 269 905 286 909 417 842 491
img08414.jpg 993 919 955 707 952 512 916 522 922 721 958 946 935 519 925 281 928 231 955 92 873 226 933 398 942 264 906 278 909 410 833 467
img08415.jpg 995 921 954 709 948 511 915 521 922 722 954 946 932 521 928 274 931 229 954 92 874 159 931 392 951 261 909 271 909 404 825 444
img08416.jpg 1002 922 958 710 948 510 916 520 922 723 955 949 932 519 932 268 932 226 955 97 872 161 929 388 951 258 913 265 903 400 819 423
img08417.jpg 1008 924 960 712 947 511 915 521 924 725 957 949 931 520 934 268 934 226 953 96 867 168 925 388 950 258 915 261 902 397 811 400
img08418.jpg 1013 927 961 715 945 516 916 522 926 725 958 950 929 522 932 264 932 225 955 90 859 175 923 386 948 257 916 257 893 395 804 377
img08419.jpg 1017 925 961 714 941 517 919 520 925 727 958 950 928 520 931 264 931 224 951 89 854 181 922 384 948 257 916 260 882 395 800 358
img08420.jpg 1018 927 963 714 943 514 921 520 927 727 960 950 930 514 930 262 930 219 950 86 838 190 920 382 940 255 920 258 870 391 794 339
img08421.jpg 1015 930 961 716 942 514 917 520 926 728 963 949 929 514 929 261 929 217 946 80 840 196 922 380 945 255 917 261 858 391 790 325
img08422.jpg 1014 934 960 719 941 513 920 516 926 728 962 949 929 517 932 257 932 216 945 76 844 200 926 377 951 254 919 260 844 387 793 310
img08423.jpg 1022 931 961 718 935 512 923 515 926 730 962 947 929 516 932 256 932 212 942 75 838 206 922 375 948 253 926 259 837 382 800 299
img08424.jpg 1019 931 961 716 938 513 923 516 926 729 963 947 929 517 936 256 936 211 942 74 835 215 924 373 948 252 929 258 834 376 806 293
img08425.jpg 1024 929 962 714 935 518 923 518 926 727 963 948 929 522 939 257 939 211 942 74 837 222 925 373 952 254 930 260 831 371 816 286
img08426.jpg 1025 926 961 711 934 519 927 519 927 724 961 947 927 522 941 259 938 212 944 74 831 234 923 374 948 256 937 259 830 367 823 280
img08427.jpg 1020 923 960 706 936 519 924 522 927 722 960 946 927 519 940 262 937 210 940 75 826 245 922 375 949 259 931 262 832 365 825 279
img08428.jpg 1010 925 958 705 941 515 926 518 926 721 958 947 926 515 942 263 938 212 936 76 822 260 926 376 954 260 923 266 832 364 823 283
img08429.jpg 1005 927 957 705 944 514 925 520 925 721 957 948 925 514 941 264 938 213 932 76 821 278 929 376 957 261 920 268 829 364 820 284
img08430.jpg 997 931 957 706 950 511 925 521 925 722 957 948 925 515 941 266 937 215 928 74 821 285 924 374 959 263 912 269 829 368 816 289
img08431.jpg 992 932 956 706 953 510 924 523 924 722 956 950 924 513 940 267 940 216 924 73 821 293 917 371 962 260 905 270 829 371 817 296
img08432.jpg 991 932 955 708 949 511 926 524 923 721 955 950 923 515 939 266 939 218 923 73 821 299 908 370 958 260 910 270 829 376 817 300
img08433.jpg 990 933 957 710 950 515 921 528 921 720 957 948 924 518 940 267 937 218 921 74 824 300 899 369 957 260 908 270 830 381 820 303
img08434.jpg 990 934 957 712 947 517 918 527 921 719 957 947 924 520 941 266 934 217 918 77 827 298 888 371 957 263 908 269 833 383 823 308
img08435.jpg 990 936 957 713 944 520 918 527 921 717 957 946 924 520 941 265 931 216 918 79 829 303 887 373 957 262 911 268 840 383 829 314
img08436.jpg 988 937 958 717 942 523 915 526 922 717 958 947 925 523 942 264 928 214 915 80 834 306 888 374 958 264 912 267 843 385 826 316
img08437.jpg 988 938 961 717 944 522 915 525 921 720 957 948 928 522 941 265 928 215 915 83 839 311 890 374 957 261 908 268 845 387 825 317
img08438.jpg 982 940 962 719 942 523 915 526 922 722 958 951 928 523 939 264 928 218 912 82 840 316 889 373 958 261 909 267 849 387 822 320
img08439.jpg 972 940 962 720 943 520 916 527 919 723 959 953 929 523 936 264 929 217 913 80 839 317 891 373 959 260 909 267 849 387 819 320
img08440.jpg 961 936 963 719 943 519 916 526 919 726 959 952 929 523 936 263 929 217 910 80 837 321 895 374 959 260 909 267 849 386 820 320
img08441.jpg 960 934 964 715 941 518 918 525 921 726 961 950 931 522 934 265 931 217 911 80 831 321 897 373 958 258 911 268 854 385 827 322
img08442.jpg 957 932 965 714 938 520 918 523 925 724 962 948 931 523 935 263 928 216 908 79 828 323 899 375 958 260 915 266 855 383 828 325
img08443.jpg 962 931 963 709 940 519 920 522 926 723 960 947 930 522 936 265 926 215 910 81 827 322 900 375 956 259 916 265 856 382 827 324
img08444.jpg 968 928 965 706 935 521 921 521 931 723 958 945 928 521 938 266 925 216 908 81 828 327 901 373 955 259 915 266 858 383 824 325
img08445.jpg 975 929 969 706 932 520 921 520 931 722 959 946 928 520 935 267 925 216 908 81 831 328 901 371 955 260 911 267 857 385 820 326
img08446.jpg 975 929 968 707 931 522 921 522 931 724 958 946 928 522 934 266 924 216 904 81 833 331 902 371 955 263 911 266 857 384 814 325
img08447.jpg 975 932 969 708 929 521 922 521 929 724 959 949 925 521 932 267 925 216 905 82 831 328 903 367 956 263 909 267 858 383 812 327
img08448.jpg 972 932 972 712 926 522 922 522 929 725 959 949 926 522 929 265 926 215 905 81 829 331 907 369 956 265 909 265 859 381 812 328
img08449.jpg 967 931 970 712 927 522 924 522 927 725 960 948 927 522 927 266 927 216 903 83 822 327 905 370 957 263 910 266 860 383 814 329
img08450.jpg 965 933 968 713 929 525 922 525 929 726 962 950 929 525 929 268 926 218 902 86 814 324 903 372 959 261 909 268 860 386 810 330
img08451.jpg 966 933 969 712 926 524 923 524 930 725 959 950 930 524 926 270 923 220 903 88 805 320 901 373 959 260 906 270 860 389 807 329
img08452.jpg 966 933 969 712 929 526 922 526 932 725 959 947 932 526 926 270 922 220 902 88 797 321 901 376 959 257 906 270 859 390 803 330
img08453.jpg 968 933 968 708 935 522 921 526 935 725 958 947 935 522 928 271 921 221 898 88 791 323 904 378 958 257 905 271 858 393 798 330
img08454.jpg 974 935 968 710 938 522 922 525 935 723 958 948 935 522 928 268 918 218 899 90 786 330 910 381 955 258 905 268 856 393 793 331
img08455.jpg 975 935 969 710 942 515 922 522 932 720 955 949 935 519 929 267 919 218 899 89 782 338 917 382 952 257 906 267 856 393 787 330
img08456.jpg 975 937 969 711 949 510 923 520 929 721 956 950 936 517 929 268 920 218 900 90 781 347 927 384 952 258 906 268 851 392 778 333
img08457.jpg 979 934 966 712 953 506 921 519 927 719 956 950 933 513 930 268 921 219 898 91 780 355 937 384 953 258 904 268 849 395 773 333
img08458.jpg 979 933 966 713 953 504 923 517 927 717 956 949 933 514 930 269 920 220 900 92 777 358 943 381 953 256 904 269 845 393 766 334
img08459.jpg 978 932 964 711 954 504 922 517 925 718 954 949 931 514 928 269 922 220 898 91 768 358 945 379 954 256 902 269 839 392 760 339
img08460.jpg 978 929 961 710 955 507 922 517 925 720 955 945 928 514 929 268 922 218 895 92 763 360 953 379 955 258 902 268 832 388 752 341
img08461.jpg 979 928 959 712 956 508 922 519 926 718 956 945 926 515 929 265 922 215 892 88 755 357 955 381 956 258 902 265 829 385 746 345
img08462.jpg 975 929 958 710 955 510 925 520 925 720 955 946 925 520 929 263 922 213 892 87 748 357 955 384 955 260 905 263 822 380 739 350
img08463.jpg 973 931 957 709 957 512 923 522 923 722 957 948 923 522 927 262 923 212 890 86 742 361 954 388 953 262 907 262 817 379 734 356
img08464.jpg 978 933 958 712 958 514 922 524 925 725 955 950 928 524 928 263 925 213 888 84 746 367 959 390 954 263 905 263 816 375 730 362
img08465.jpg 983 932 960 712 960 511 919 524 925 725 951 948 931 524 925 261 925 216 887 82 747 370 954 390 954 261 903 264 816 373 730 367
img08466.jpg 985 932 962 709 958 514 917 524 927 725 953 949 933 524 927 261 924 219 885 85 748 376 950 388 952 261 901 264 815 373 731 369
img08467.jpg 988 933 965 712 959 515 917 522 927 728 954 949 937 522 927 261 924 223 885 88 751 381 947 385 953 261 898 264 818 370 730 374
img08468.jpg 992 932 966 713 959 516 914 519 927 729 954 948 940 519 927 261 924 226 885 90 754 382 945 383 956 261 895 264 817 368 730 377
img08469.jpg 994 931 968 711 961 512 914 518 927 727 953 945 939 518 927 261 920 226 888 93 752 383 939 381 955 261 895 264 816 369 727 378
img08470.jpg 988 932 965 712 962 514 917 517 927 728 956 948 939 517 927 261 920 223 891 93 754 385 937 379 956 261 894 261 814 368 723 381
img08471.jpg 991 931 965 713 965 512 915 515 924 732 956 950 940 515 924 260 921 223 890 94 751 389 936 376 956 260 890 263 812 367 720 385
img08472.jpg 991 929 963 711 966 513 914 516 924 729 955 951 939 516 924 259 921 219 890 94 747 391 935 373 954 259 890 265 808 369 719 387
img08473.jpg 995 928 966 710 965 512 917 515 923 728 954 952 938 515 923 260 916 217 889 92 746 388 936 371 953 260 889 266 807 369 719 390
img08474.jpg 989 927 961 709 961 515 918 515 921 728 956 954 937 515 921 259 918 216 887 89 743 381 931 371 952 259 887 265 807 370 721 392
img08475.jpg 995 929 963 712 957 516 915 516 924 729 964 955 936 516 921 260 915 218 885 91 737 373 922 373 951 257 885 269 807 369 723 393
img08476.jpg 995 929 962 712 953 515 917 518 926 727 963 952 935 518 920 261 911 219 884 92 738 368 912 379 950 259 887 270 805 370 724 392
img08477.jpg 992 930 962 713 953 515 917 518 925 728 962 951 934 518 920 260 907 221 880 90 742 367 902 384 950 258 886 269 807 370 725 394
img08478.jpg 984 932 960 714 954 515 913 521 927 729 964 947 933 521 919 259 907 221 877 90 739 372 888 387 948 253 883 271 806 373 726 396
img08479.jpg 990 935 964 717 956 516 909 522 930 732 965 946 932 522 918 259 903 222 874 90 742 384 878 388 947 251 880 274 804 373 726 399
img08480.jpg 984 937 964 719 958 514 908 523 929 731 959 943 932 523 917 259 902 221 873 89 744 396 871 391 946 250 879 274 803 376 727 402
img08481.jpg 974 940 963 721 963 514 908 523 928 732 958 943 931 523 916 261 902 220 873 89 745 404 866 392 945 250 879 273 803 378 724 404
img08482.jpg 971 942 962 723 962 512 904 524 931 734 965 943 931 524 916 264 902 221 873 88 743 409 860 392 945 250 876 273 801 380 723 403
img08483.jpg 971 944 964 724 964 510 909 522 929 733 964 944 932 522 917 265 903 221 874 89 742 409 855 393 944 250 880 271 804 379 721 403
img08484.jpg 966 942 964 723 967 509 911 524 928 731 964 946 934 521 920 265 905 220 875 90 741 409 865 392 943 250 881 268 804 378 720 402
img08485.jpg 967 940 967 720 970 509 912 524 927 732 962 949 936 521 921 264 906 219 873 89 740 410 876 390 942 252 882 268 804 379 719 401
img08486.jpg 971 939 970 719 970 510 911 525 927 731 962 950 939 519 924 263 908 217 874 88 735 408 886 389 942 254 880 266 803 377 720 402
img08487.jpg 973 936 973 716 973 509 913 525 926 729 957 949 941 516 926 261 910 214 872 89 734 406 898 387 941 255 882 265 803 378 718 403
img08488.jpg 973 934 973 714 973 510 910 526 926 730 957 950 941 517 926 259 910 215 869 87 735 404 911 385 941 256 879 266 803 379 722 401
img08489.jpg 973 932 970 715 973 509 911 525 926 731 958 950 942 518 923 258 911 218 867 86 737 404 912 383 942 258 880 268 804 381 720 402
img08490.jpg 974 930 967 715 974 508 914 524 926 731 958 949 942 518 923 261 910 220 869 86 739 402 914 382 942 258 882 264 806 378 720 404
img08491.jpg 975 929 965 713 975 507 917 523 926 729 959 949 943 520 923 262 910 220 869 84 746 402 917 378 943 255 882 265 807 381 720 404
img08492.jpg 983 931 963 715 970 511 921 524 925 731 957 951 941 524 922 263 909 221 871 84 746 399 918 374 944 253 883 266 810 381 724 403
img08493.jpg 990 929 961 713 968 513 924 525 927 729 955 951 940 525 921 266 908 221 874 86 747 403 920 372 943 253 883 265 808 381 723 404
img08494.jpg 991 932 961 712 967 514 924 527 924 728 955 951 939 527 921 267 908 220 877 87 748 404 920 369 942 251 883 264 809 381 728 400
img08495.jpg 1000 932 964 713 967 515 924 528 924 728 951 953 939 528 918 264 909 221 878 87 750 401 921 368 942 251 881 267 812 385 732 397
img08496.jpg 1001 933 962 715 965 517 923 526 920 729 950 954 938 526 917 263 908 221 878 90 754 397 924 368 944 254 881 266 816 386 741 391
img08497.jpg 994 933 962 714 972 513 919 521 916 726 950 952 941 521 916 262 910 223 880 88 759 389 927 367 944 256 880 265 822 388 752 389
img08498.jpg 990 934 962 715 975 510 921 520 908 728 949 952 943 520 918 262 912 224 883 88 765 368 929 363 946 259 880 265 830 391 764 390
img08499.jpg 991 934 962 716 979 508 923 518 907 725 949 952 946 518 917 262 910 224 885 87 771 343 931 357 946 259 878 265 840 395 779 394
img08500.jpg 982 935 962 716 982 507 922 517 902 726 949 952 949 517 919 264 912 221 886 89 783 332 940 357 949 258 879 264 850 394 797 396
img08501.jpg 981 934 964 716 988 505 924 518 900 726 947 951 950 518 917 263 914 223 890 88 805 332 958 360 951 256 880 263 857 394 813 403
img08502.jpg 983 936 966 715 990 505 926 521 903 725 943 949 949 521 919 264 913 220 893 93 830 342 979 363 956 257 876 264 859 391 826 408
img08503.jpg 985 937 968 715 991 507 922 520 905 725 938 950 948 520 918 265 915 218 895 96 853 360 994 373 965 258 872 262 862 387 836 407
img08504.jpg 982 940 972 718 992 506 919 519 906 728 929 950 945 519 922 264 919 217 899 102 896 396 1014 382 975 264 869 257 863 383 843 413
img08505.jpg 986 940 973 718 990 508 917 517 907 729 920 950 943 517 923 263 920 217 904 102 931 422 1026 392 983 267 861 257 861 385 841 429
img08506.jpg 989 939 976 721 986 511 910 517 910 728 910 952 943 514 927 267 924 214 907 105 954 442 1026 398 990 267 854 257 858 389 838 448
img08507.jpg 988 940 978 725 982 513 906 516 909 732 902 954 942 513 926 268 926 215 912 102 979 460 1025 407 995 268 849 255 853 394 833 470
img08508.jpg 989 940 983 728 983 513 903 516 910 734 897 953 943 513 926 268 926 215 916 102 1009 486 1032 410 999 268 844 255 847 400 827 496
img08509.jpg 991 937 987 726 984 515 902 519 912 736 895 953 945 516 925 269 925 216 922 101 1020 499 1033 417 1001 266 839 259 843 407 823 512
img08510.jpg 990 937 991 726 987 515 898 518 915 736 898 957 944 515 921 271 925 219 928 99 1034 512 1037 416 1004 265 836 258 839 410 822 522
img08511.jpg 990 939 993 725 990 513 898 519 918 739 898 959 944 519 918 270 924 221 934 99 1049 519 1039 414 1006 267 832 260 836 411 819 532
img08512.jpg 993 934 996 723 996 510 896 517 922 740 902 963 944 517 915 268 925 222 941 106 1058 527 1038 413 1006 265 831 265 834 413 818 539
img08513.jpg 995 937 995 726 992 510 895 520 924 742 905 969 941 520 911 268 924 222 947 105 1063 526 1038 413 1005 261 830 267 837 413 821 542
img08514.jpg 1001 937 994 731 988 510 895 519 927 744 908 972 937 516 911 266 927 224 952 105 1068 526 1036 410 1004 259 830 266 837 410 824 548
img08515.jpg 1002 937 999 735 986 512 894 522 929 748 910 972 935 515 913 263 929 225 958 110 1069 525 1034 410 1002 260 833 266 835 409 827 554
img08516.jpg 1006 940 1007 737 987 513 894 519 929 747 913 972 936 513 913 262 929 223 965 108 1067 525 1032 410 1000 259 836 265 841 405 843 551
img08517.jpg 1007 943 1011 741 984 516 896 523 929 751 912 972 936 516 916 262 932 223 972 106 1069 529 1030 412 1001 259 841 265 846 401 856 548
img08518.jpg 1011 941 1021 740 988 521 899 524 929 750 912 971 939 517 919 261 936 225 979 103 1067 530 1027 412 998 261 847 264 852 397 875 545
img08519.jpg 1015 943 1035 737 992 522 899 522 929 751 912 973 942 519 922 264 939 224 985 101 1065 532 1025 416 999 260 856 264 861 396 892 537
img08520.jpg 1024 944 1047 736 994 519 903 523 927 750 910 974 943 523 927 265 940 225 990 94 1064 536 1020 419 997 258 867 265 873 396 912 529
img08521.jpg 1032 943 1059 737 995 520 906 524 927 753 910 973 944 524 934 264 947 227 995 91 1065 537 1018 419 998 257 877 264 880 396 922 520
img08522.jpg 1042 945 1073 737 998 521 912 525 929 754 912 972 950 525 940 265 953 228 1001 87 1066 538 1018 419 998 255 889 262 892 399 936 515
img08523.jpg 1053 953 1080 739 1001 521 919 522 932 752 911 973 953 522 946 266 960 229 1008 87 1066 539 1018 418 1001 252 901 263 901 402 943 509
img08524.jpg 1065 960 1086 742 1003 523 927 520 934 752 909 974 958 520 951 267 965 226 1017 91 1069 541 1020 416 1003 254 910 264 913 406 956 505
img08525.jpg 1078 968 1088 747 1006 527 937 520 937 754 909 975 964 516 957 268 975 224 1027 96 1071 544 1023 416 1006 258 920 261 930 406 973 498
img08526.jpg 1094 976 1091 750 1009 528 944 521 941 751 910 973 971 515 964 274 982 220 1036 100 1074 548 1026 418 1009 257 934 261 940 408 976 499
img08527.jpg 1111 987 1094 756 1013 529 952 519 945 749 907 973 975 512 975 275 989 218 1043 102 1077 550 1030 417 1009 258 948 258 952 407 982 496
img08528.jpg 1125 995 1099 760 1018 530 958 523 952 750 908 975 985 516 985 275 1002 215 1052 108 1082 556 1032 422 1012 258 965 258 964 410 987 500
img08529.jpg 1139 1002 1105 763 1025 532 968 525 961 753 910 971 994 521 998 273 1014 216 1061 105 1085 558 1035 427 1014 256 984 259 976 412 989 505
img08530.jpg 1148 1006 1111 763 1033 537 980 527 973 753 912 969 1010 527 1010 273 1027 216 1077 101 1087 560 1040 429 1020 253 1003 259 987 414 991 510
img08531.jpg 1152 1009 1118 764 1044 540 996 530 986 757 911 968 1027 533 1023 268 1040 218 1091 98 1091 564 1047 428 1026 255 1020 261 1007 419 1007 515
img08532.jpg 1155 1009 1127 768 1055 545 1014 538 1004 761 917 964 1042 541 1035 269 1055 218 1107 93 1096 565 1052 427 1038 255 1038 266 1029 427 1026 523
img08533.jpg 1157 1007 1136 770 1063 548 1029 537 1025 763 927 958 1053 537 1049 269 1067 214 1122 85 1105 565 1056 422 1049 255 1053 262 1048 427 1042 524
img08534.jpg 1158 1006 1140 774 1073 548 1049 545 1053 763 936 949 1066 538 1063 267 1080 214 1140 80 1115 566 1066 418 1063 256 1070 263 1072 431 1064 528
img08535.jpg 1159 1007 1145 777 1085 547 1064 548 1078 763 950 936 1074 540 1078 265 1095 212 1155 77 1127 565 1074 417 1074 258 1085 265 1091 436 1083 535
img08536.jpg 1158 1006 1147 779 1094 545 1076 548 1115 761 973 921 1080 538 1090 264 1108 211 1172 72 1140 562 1080 417 1087 254 1098 261 1108 434 1100 542
img08537.jpg 1158 1009 1147 776 1104 543 1090 546 1151 758 993 908 1094 532 1101 259 1122 209 1190 73 1151 564 1090 417 1097 252 1104 256 1117 429 1111 546
img08538.jpg 1156 1009 1149 778 1116 543 1109 550 1182 757 1015 890 1109 536 1112 257 1134 210 1206 73 1160 561 1102 420 1109 250 1120 257 1133 430 1134 548
img08539.jpg 1154 1009 1151 781 1129 546 1122 550 1213 758 1049 883 1118 539 1125 257 1147 207 1219 73 1169 561 1111 420 1118 246 1129 254 1143 424 1147 544
img08540.jpg 1152 1008 1152 782 1138 546 1134 549 1252 754 1087 880 1131 538 1134 255 1160 207 1233 73 1182 557 1120 422 1131 244 1138 251 1155 419 1156 544
img08541.jpg 1154 1009 1154 785 1146 551 1146 547 1283 746 1128 879 1143 540 1146 250 1172 206 1245 74 1190 554 1132 419 1143 243 1150 250 1167 416 1162 538
img08542.jpg 1156 1006 1156 784 1153 548 1156 545 1310 738 1163 874 1153 538 1160 247 1182 203 1258 70 1200 552 1142 418 1156 240 1167 251 1181 415 1179 530
img08543.jpg 1158 1005 1158 784 1162 548 1161 540 1340 726 1202 874 1162 537 1172 246 1194 202 1271 68 1213 555 1155 417 1165 242 1176 250 1194 409 1188 529
img08544.jpg 1157 1005 1161 782 1168 545 1168 537 1362 712 1239 864 1176 534 1183 245 1205 205 1285 67 1223 552 1165 417 1179 245 1186 249 1205 406 1202 530
img08545.jpg 1157 1007 1168 782 1176 546 1179 535 1379 702 1266 865 1186 531 1197 247 1215 204 1295 69 1230 553 1176 411 1190 244 1201 251 1212 404 1213 528
img08546.jpg 1160 1010 1174 782 1185 543 1199 536 1391 702 1290 877 1199 533 1207 250 1225 203 1304 70 1239 554 1185 409 1199 243 1214 254 1225 402 1232 526
img08547.jpg 1165 1011 1183 783 1198 545 1208 537 1358 714 1281 905 1208 537 1219 255 1237 205 1313 75 1252 555 1198 407 1212 245 1223 252 1236 398 1245 524
img08548.jpg 1164 1011 1192 784 1210 545 1227 542 1367 723 1313 928 1224 542 1231 257 1246 207 1324 79 1260 556 1210 406 1224 243 1235 253 1245 399 1260 525
img08549.jpg 1167 1013 1202 786 1223 548 1248 545 1372 736 1340 959 1237 545 1245 258 1259 208 1333 84 1270 563 1223 407 1234 244 1248 254 1258 400 1273 524
img08550.jpg 1169 1009 1208 788 1237 553 1265 549 1376 753 1373 984 1255 553 1254 257 1269 211 1344 86 1283 567 1240 407 1247 247 1262 254 1273 401 1290 522
img08551.jpg 1170 1005 1219 790 1254 558 1279 554 1377 765 1402 1005 1272 554 1268 258 1282 216 1360 92 1300 571 1258 413 1261 248 1275 251 1285 401 1308 521
img08552.jpg 1166 1004 1226 795 1269 561 1301 557 1424 770 1468 1011 1290 558 1283 260 1297 217 1375 93 1315 575 1276 419 1276 249 1294 256 1302 407 1326 527
img08553.jpg 1168 1001 1238 800 1287 564 1316 560 1425 786 1487 1026 1308 561 1294 261 1315 218 1389 98 1336 575 1294 422 1291 254 1312 257 1319 410 1343 529
img08554.jpg 1169 998 1256 802 1309 567 1323 563 1427 799 1498 1040 1326 564 1309 266 1330 220 1407 97 1361 571 1312 423 1309 255 1326 259 1329 414 1356 532
img08555.jpg 1172 995 1281 799 1334 562 1333 562 1423 801 1491 1044 1340 562 1327 268 1347 222 1424 96 1386 565 1334 429 1327 254 1336 257 1338 414 1372 531
img08556.jpg 1179 990 1322 802 1357 560 1343 560 1416 803 1471 1046 1357 564 1346 269 1368 219 1442 90 1411 560 1357 429 1346 254 1349 258 1348 417 1388 533
img08557.jpg 1187 981 1364 803 1385 559 1356 556 1414 802 1455 1047 1377 560 1363 266 1384 220 1459 88 1434 552 1381 425 1367 255 1359 255 1357 415 1403 529
img08558.jpg 1202 975 1404 800 1408 553 1369 550 1421 795 1457 1042 1390 554 1383 264 1401 221 1476 81 1458 550 1408 421 1393 249 1365 249 1361 406 1412 519
img08559.jpg 1222 972 1436 798 1425 544 1385 538 1431 782 1462 1031 1402 542 1401 256 1415 217 1488 79 1483 547 1435 417 1417 245 1374 245 1368 398 1424 508
img08560.jpg 1265 979 1475 801 1447 542 1397 536 1445 777 1478 1027 1420 536 1417 252 1427 211 1498 83 1507 548 1460 411 1443 242 1387 242 1373 393 1434 507
img08561.jpg 1326 992 1504 795 1463 534 1405 524 1465 775 1507 1024 1434 524 1430 249 1437 210 1505 83 1532 546 1485 407 1468 239 1392 239 1376 390 1434 503
img08562.jpg 1395 1007 1534 790 1476 524 1411 522 1478 773 1526 1022 1447 522 1443 246 1447 207 1511 82 1558 547 1507 402 1488 233 1395 236 1375 385 1429 497
img08563.jpg 1466 1017 1563 782 1489 520 1422 518 1481 769 1519 1005 1460 518 1453 242 1457 204 1513 80 1584 542 1527 400 1504 232 1399 239 1376 389 1422 509
img08564.jpg 1535 1023 1591 777 1504 522 1429 522 1484 770 1514 998 1475 519 1461 244 1468 202 1516 79 1603 541 1549 402 1523 231 1400 241 1377 399 1414 523
img08565.jpg 1580 1022 1604 773 1514 520 1439 520 1490 773 1510 1003 1481 517 1471 243 1478 201 1516 70 1624 539 1569 402 1543 230 1399 247 1380 406 1407 530
img08566.jpg 1602 1018 1607 772 1527 521 1445 528 1494 772 1508 997 1491 521 1481 240 1488 198 1517 65 1643 538 1587 399 1560 230 1399 250 1382 409 1400 541
img08567.jpg 1620 1014 1609 773 1542 527 1452 530 1499 773 1509 1000 1495 523 1489 240 1495 194 1518 64 1662 537 1606 400 1579 234 1399 254 1386 413 1396 553
img08568.jpg 1634 1015 1609 778 1555 528 1457 534 1504 778 1517 1019 1504 524 1497 244 1500 193 1517 61 1677 538 1623 399 1596 234 1403 254 1393 416 1399 555
img08569.jpg 1642 1018 1611 781 1570 524 1467 534 1508 781 1518 1033 1512 524 1508 242 1508 191 1515 60 1690 537 1639 396 1611 235 1409 252 1398 414 1402 551
img08570.jpg 1650 1018 1615 783 1584 523 1478 537 1509 783 1522 1034 1526 526 1519 239 1515 191 1515 65 1704 537 1653 396 1622 236 1413 249 1406 414 1403 547
img08571.jpg 1655 1020 1620 783 1599 522 1491 532 1512 783 1519 1038 1536 525 1526 240 1522 195 1512 69 1711 536 1669 400 1631 236 1422 250 1415 414 1408 547
img08572.jpg 1659 1024 1624 784 1613 519 1505 530 1516 784 1519 1035 1550 523 1536 241 1529 196 1509 74 1717 537 1679 405 1637 238 1432 248 1422 415 1411 544
img08573.jpg 1654 1023 1626 784 1626 521 1519 528 1522 784 1515 1033 1564 525 1550 238 1539 196 1509 79 1723 539 1688 407 1647 238 1443 245 1432 414 1419 542
img08574.jpg 1653 1021 1629 785 1636 524 1529 527 1529 785 1516 1028 1577 527 1557 240 1546 198 1509 79 1728 541 1694 411 1653 236 1454 243 1444 415 1423 545
img08575.jpg 1654 1021 1630 783 1640 525 1536 525 1536 783 1516 1028 1584 525 1564 243 1557 197 1509 77 1726 542 1702 415 1657 239 1467 243 1454 411 1430 549
img08576.jpg 1655 1021 1631 783 1645 528 1548 528 1541 786 1524 1031 1596 528 1572 245 1565 196 1506 76 1727 541 1703 414 1661 242 1482 238 1465 410 1438 548
img08577.jpg 1655 1020 1634 780 1645 526 1552 526 1545 787 1532 1030 1603 526 1580 245 1573 200 1504 77 1724 540 1706 410 1662 242 1497 235 1480 406 1449 550
img08578.jpg 1656 1023 1636 776 1649 525 1560 525 1546 786 1543 1026 1608 528 1584 247 1577 202 1502 75 1718 535 1708 408 1659 244 1509 237 1495 405 1457 553
img08579.jpg 1658 1024 1637 774 1651 524 1568 524 1543 784 1557 1028 1613 527 1589 246 1582 204 1498 78 1709 526 1707 402 1658 246 1519 239 1513 402 1471 555
img08580.jpg 1656 1025 1639 773 1660 524 1576 524 1544 783 1569 1025 1618 528 1590 244 1583 205 1495 79 1688 517 1694 391 1653 244 1530 237 1531 402 1485 556
img08581.jpg 1659 1027 1641 771 1666 522 1582 522 1543 778 1579 1020 1620 526 1592 241 1586 206 1494 80 1660 509 1683 381 1645 238 1540 238 1544 399 1498 561
img08582.jpg 1658 1027 1640 768 1672 523 1591 523 1545 775 1584 1020 1626 527 1591 239 1588 204 1491 76 1635 507 1672 377 1640 236 1548 239 1556 399 1509 562
img08583.jpg 1660 1026 1642 770 1675 525 1596 525 1545 774 1589 1023 1632 525 1589 240 1589 204 1491 78 1612 505 1668 374 1631 233 1556 240 1563 403 1520 565
img08584.jpg 1659 1026 1644 769 1677 527 1601 527 1550 773 1587 1022 1634 527 1590 238 1587 202 1489 75 1594 508 1663 373 1619 231 1565 238 1568 404 1529 563
img08585.jpg 1658 1026 1647 769 1676 527 1608 531 1553 773 1586 1022 1637 531 1593 238 1586 202 1488 72 1588 515 1665 379 1611 231 1571 238 1571 404 1539 563
img08586.jpg 1658 1026 1647 773 1673 530 1611 537 1560 776 1586 1026 1636 534 1593 241 1582 204 1485 70 1594 527 1665 386 1604 233 1575 237 1575 407 1546 563
img08587.jpg 1658 1022 1647 773 1668 532 1614 539 1564 777 1583 1022 1636 535 1593 241 1576 205 1480 71 1597 532 1662 387 1597 230 1575 238 1579 408 1550 564
img08588.jpg 1656 1020 1646 771 1663 532 1617 539 1569 777 1583 1020 1635 535 1593 238 1570 203 1476 68 1601 539 1650 387 1593 228 1576 234 1579 407 1559 563
img08589.jpg 1658 1020 1643 772 1660 532 1615 539 1573 779 1588 1019 1636 536 1591 241 1567 206 1473 70 1612 547 1644 390 1591 231 1577 234 1580 407 1567 563
img08590.jpg 1659 1018 1633 769 1658 534 1612 537 1578 783 1592 1018 1634 534 1588 243 1564 208 1465 74 1615 547 1639 387 1588 229 1574 232 1581 411 1571 565
img08591.jpg 1658 1015 1624 763 1657 532 1616 532 1577 783 1585 1014 1636 532 1583 240 1560 206 1462 75 1616 545 1636 382 1583 226 1573 232 1583 419 1574 568
img08592.jpg 1654 1014 1614 763 1658 534 1612 534 1579 784 1591 1017 1633 534 1579 241 1562 206 1462 76 1615 543 1635 381 1582 231 1572 234 1582 425 1579 570
img08593.jpg 1647 1013 1603 763 1655 536 1608 536 1582 788 1594 1020 1630 536 1574 243 1560 208 1458 78 1615 542 1639 383 1582 237 1571 236 1585 428 1582 573
img08594.jpg 1639 1009 1591 760 1650 537 1607 537 1581 789 1593 1020 1625 537 1573 245 1559 210 1454 76 1608 539 1638 385 1581 235 1566 238 1587 429 1581 574
img08595.jpg 1627 1007 1583 760 1649 535 1607 539 1580 785 1592 1021 1624 539 1569 242 1556 207 1455 75 1608 541 1637 384 1580 236 1566 239 1587 429 1577 576
img08596.jpg 1613 1006 1576 760 1646 536 1598 543 1580 782 1602 1024 1617 543 1569 246 1554 206 1452 74 1606 543 1634 386 1580 239 1565 239 1587 422 1576 573
img08597.jpg 1598 1009 1576 758 1645 529 1601 540 1576 780 1601 1023 1616 540 1569 246 1551 206 1449 72 1608 542 1631 384 1576 235 1565 235 1583 420 1569 573
img08598.jpg 1590 1010 1579 758 1647 521 1604 539 1575 777 1600 1024 1615 536 1568 244 1550 205 1442 72 1610 542 1628 381 1572 233 1564 233 1579 420 1561 571
img08599.jpg 1581 1010 1581 759 1645 521 1602 539 1573 773 1602 1025 1613 536 1563 245 1545 202 1437 72 1601 541 1620 378 1566 234 1563 234 1568 423 1556 572
img08600.jpg 1577 1009 1584 761 1642 523 1599 541 1570 776 1603 1024 1610 538 1563 249 1545 202 1433 72 1598 540 1614 379 1563 234 1563 234 1564 428 1552 570
img08601.jpg 1577 1009 1592 765 1642 523 1602 541 1570 779 1603 1024 1610 538 1559 249 1541 206 1429 73 1594 537 1608 379 1559 234 1559 234 1557 432 1545 570
img08602.jpg 1583 1006 1594 766 1637 533 1598 547 1569 780 1602 1024 1608 544 1555 250 1537 207 1426 74 1587 537 1602 383 1555 238 1555 238 1552 435 1540 569
img08603.jpg 1584 1005 1591 766 1638 538 1591 549 1562 781 1599 1023 1610 549 1552 253 1534 210 1425 76 1581 538 1597 387 1552 242 1552 238 1549 436 1537 571
img08604.jpg 1587 1005 1591 767 1645 536 1595 551 1555 782 1598 1024 1613 547 1548 255 1530 215 1425 82 1571 529 1597 388 1551 244 1548 240 1551 435 1533 576
img08605.jpg 1587 1002 1591 767 1648 536 1598 550 1548 778 1595 1024 1620 543 1541 255 1524 219 1417 88 1567 531 1593 391 1545 248 1538 244 1548 433 1527 579
img08606.jpg 1585 1003 1589 770 1653 536 1600 547 1543 777 1593 1024 1624 540 1536 257 1515 222 1412 95 1558 535 1589 393 1540 250 1533 250 1547 430 1526 583
img08607.jpg 1582 1005 1586 773 1659 534 1603 545 1537 780 1592 1025 1628 538 1530 264 1509 229 1400 106 1552 539 1575 404 1533 253 1526 257 1544 432 1523 590
img08608.jpg 1583 1003 1580 773 1659 540 1607 547 1532 780 1593 1026 1631 540 1522 273 1498 239 1389 119 1543 545 1561 418 1525 259 1518 266 1539 437 1518 598
img08609.jpg 1582 999 1576 774 1659 546 1609 552 1530 782 1592 1026 1636 546 1516 279 1490 249 1373 135 1546 560 1546 430 1513 266 1509 276 1533 445 1513 605
img08610.jpg 1583 1001 1576 776 1666 553 1613 559 1525 787 1593 1027 1639 556 1508 293 1479 263 1364 154 1543 570 1536 448 1505 276 1505 286 1528 457 1508 618
img08611.jpg 1585 999 1574 783 1668 567 1617 573 1516 791 1592 1028 1646 567 1499 308 1474 279 1352 177 1539 584 1524 471 1499 292 1496 302 1522 471 1502 637
img08612.jpg 1587 997 1577 792 1675 580 1621 589 1506 793 1590 1029 1652 583 1493 329 1465 300 1349 200 1537 601 1523 491 1493 313 1490 319 1521 489 1499 658
img08613.jpg 1586 999 1587 808 1684 596 1629 608 1494 799 1589 1029 1656 599 1488 350 1460 322 1344 224 1532 620 1522 513 1488 334 1485 344 1518 507 1497 681
img08614.jpg 1591 1008 1593 825 1690 613 1635 625 1481 808 1585 1030 1660 619 1481 376 1454 346 1340 251 1526 645 1520 540 1484 361 1484 367 1514 532 1493 708
img08615.jpg 1591 1011 1595 846 1692 634 1640 645 1469 820 1586 1031 1663 637 1476 403 1450 371 1338 278 1517 670 1517 568 1482 388 1479 394 1508 558 1491 735
img08616.jpg 1592 1014 1594 865 1691 653 1643 667 1460 835 1584 1031 1665 661 1474 428 1447 399 1334 309 1507 696 1512 598 1477 416 1477 422 1506 585 1486 762
img08617.jpg 1587 1019 1596 888 1692 675 1643 689 1452 853 1584 1030 1668 683 1472 452 1445 425 1331 340 1496 719 1507 624 1475 441 1477 449 1499 612 1481 786
img08618.jpg 1581 1023 1592 907 1688 694 1651 710 1454 874 1585 1031 1670 704 1470 476 1442 448 1329 374 1483 741 1500 651 1473 466 1475 473 1494 644 1473 812
img08619.jpg 1571 1016 1590 926 1686 714 1657 729 1460 892 1588 1034 1673 724 1471 501 1443 471 1328 401 1475 762 1497 674 1474 491 1473 501 1492 669 1469 838
img08620.jpg 1565 1017 1587 947 1682 734 1655 749 1456 910 1579 1040 1675 744 1473 522 1443 494 1325 429 1465 782 1489 697 1473 512 1475 524 1488 693 1461 863
img08621.jpg 1559 1016 1590 968 1686 755 1650 770 1450 929 1570 1054 1674 765 1472 544 1443 515 1326 452 1461 803 1487 719 1475 532 1477 544 1482 721 1453 886
img08622.jpg 1559 1012 1589 990 1684 777 1652 789 1451 947 1565 1070 1673 784 1472 565 1444 534 1327 473 1460 821 1486 739 1477 551 1473 571 1475 746 1446 911
img08623.jpg 1559 1009 1593 1011 1688 798 1651 807 1449 963 1564 1089 1674 803 1474 585 1447 555 1329 489 1462 841 1487 758 1477 571 1474 589 1470 766 1436 929
img08624.jpg 1560 1010 1580 1030 1675 817 1647 826 1444 980 1559 1107 1668 821 1475 602 1444 573 1328 506 1451 859 1479 779 1476 591 1477 604 1462 788 1424 942
img08625.jpg 1560 1010 1585 1044 1679 831 1651 842 1447 994 1564 1123 1662 840 1475 620 1445 590 1329 522 1449 871 1480 793 1475 609 1479 618 1456 809 1412 955
img08626.jpg 1558 1011 1577 1059 1671 846 1660 857 1456 1008 1574 1139 1661 855 1477 635 1446 604 1330 537 1432 873 1471 802 1473 625 1479 638 1450 827 1400 965
img08627.jpg 1556 1012 1557 1065 1651 852 1662 874 1456 1022 1576 1155 1658 870 1477 649 1446 619 1330 553 1406 871 1455 809 1471 640 1486 642 1443 834 1379 963
img08628.jpg 1553 1012 1537 1070 1631 857 1660 884 1453 1031 1574 1166 1656 882 1478 660 1445 631 1329 566 1378 861 1436 810 1470 652 1486 654 1440 845 1370 971
img08629.jpg 1547 1011 1554 1077 1648 864 1658 893 1451 1038 1573 1175 1656 891 1479 669 1449 642 1333 578 1372 855 1434 810 1471 660 1488 663 1438 855 1363 979
img08630.jpg 1542 1011 1530 1081 1623 868 1658 899 1450 1042 1573 1181 1654 897 1480 676 1450 651 1334 589 1349 836 1418 806 1472 670 1488 672 1437 861 1358 984
img08631.jpg 1539 1012 1520 1080 1613 867 1654 903 1444 1044 1569 1185 1650 895 1480 683 1452 661 1336 599 1340 819 1411 800 1474 677 1492 673 1437 866 1355 988
img08632.jpg 1536 1014 1519 1083 1611 870 1651 901 1441 1040 1567 1183 1643 890 1483 688 1453 666 1337 606 1337 803 1408 795 1475 684 1493 676 1440 877 1361 999
img08633.jpg 1535 1017 1517 1086 1610 872 1647 901 1436 1038 1563 1183 1639 886 1484 690 1457 673 1341 613 1337 783 1407 786 1478 689 1496 681 1439 883 1359 1000
img08634.jpg 1537 1020 1494 1083 1586 870 1646 903 1434 1038 1563 1185 1636 881 1484 694 1458 676 1342 618 1331 756 1399 774 1480 692 1496 684 1441 884 1359 1002
img08635.jpg 1538 1020 1495 1082 1587 869 1647 903 1434 1037 1565 1185 1637 878 1484 694 1459 677 1343 619 1337 737 1400 764 1480 692 1496 684 1439 887 1357 1004
img08636.jpg 1539 1022 1494 1082 1586 868 1646 901 1432 1032 1564 1183 1634 878 1485 694 1458 677 1342 620 1338 720 1397 754 1475 692 1495 684 1437 889 1358 1005
img08637.jpg 1552 1026 1506 1079 1597 866 1647 907 1433 1036 1566 1189 1639 879 1483 694 1458 675 1342 619 1347 707 1402 747 1476 692 1496 684 1437 888 1359 1007
img08638.jpg 1569 1031 1531 1083 1622 870 1647 905 1432 1033 1567 1187 1643 881 1483 696 1457 672 1341 618 1357 698 1407 740 1475 692 1495 684 1436 888 1364 1005
img08639.jpg 1569 1029 1537 1085 1628 872 1645 903 1429 1029 1565 1185 1643 883 1483 693 1456 672 1340 619 1367 683 1410 730 1474 689 1495 683 1435 888 1368 1003
img08640.jpg 1570 1030 1542 1084 1632 871 1642 902 1425 1026 1562 1184 1642 882 1482 694 1457 672 1341 620 1375 673 1411 723 1469 688 1496 684 1436 887 1374 1001
img08641.jpg 1581 1034 1541 1085 1631 871 1643 904 1425 1026 1564 1186 1645 883 1482 694 1458 673 1342 622 1383 666 1417 716 1472 689 1497 685 1439 886 1378 1004
img08642.jpg 1569 1030 1553 1090 1643 876 1642 899 1423 1019 1563 1181 1642 882 1482 694 1459 674 1343 624 1384 655 1416 706 1473 686 1498 686 1440 887 1382 1005
img08643.jpg 1568 1029 1554 1093 1644 879 1646 903 1427 1020 1568 1185 1642 893 1482 692 1459 675 1343 626 1382 649 1413 700 1472 687 1497 687 1442 887 1384 1008
img08644.jpg 1581 1034 1574 1096 1664 882 1650 911 1431 1027 1573 1193 1648 903 1482 694 1459 675 1343 627 1374 653 1411 701 1472 689 1497 687 1440 886 1385 1013
img08645.jpg 1580 1034 1570 1098 1659 884 1653 911 1433 1025 1577 1194 1651 908 1482 694 1460 675 1343 628 1367 653 1408 700 1475 691 1498 687 1442 885 1393 1016
img08646.jpg 1582 1035 1581 1097 1670 883 1657 908 1436 1020 1581 1191 1655 908 1482 692 1457 673 1341 627 1358 661 1404 706 1474 692 1498 685 1446 882 1398 1014
img08647.jpg 1592 1037 1581 1090 1670 876 1662 904 1441 1013 1587 1186 1660 907 1482 688 1454 669 1338 624 1348 670 1400 711 1472 690 1496 680 1449 875 1401 1008
img08648.jpg 1579 1033 1583 1078 1672 864 1663 898 1441 1006 1588 1181 1659 890 1481 684 1455 664 1338 620 1338 682 1399 716 1471 686 1495 674 1451 865 1398 999
img08649.jpg 1567 1027 1587 1064 1675 850 1660 889 1437 995 1586 1171 1658 879 1479 675 1452 655 1337 610 1328 688 1396 714 1467 675 1493 665 1452 852 1396 986
img08650.jpg 1569 1027 1609 1060 1697 846 1656 885 1432 989 1582 1168 1662 869 1476 664 1449 644 1334 597 1315 703 1392 718 1462 666 1491 652 1453 839 1387 969
img08651.jpg 1560 1020 1627 1046 1714 832 1654 878 1430 980 1581 1161 1668 859 1474 653 1447 632 1333 583 1311 710 1394 713 1460 651 1487 638 1451 825 1380 952
img08652.jpg 1593 967 1629 1034 1717 820 1647 864 1422 964 1575 1147 1670 845 1473 639 1445 618 1333 567 1307 716 1393 709 1456 637 1485 625 1449 811 1373 934
img08653.jpg 1634 912 1613 1020 1700 806 1648 846 1423 944 1577 1129 1671 831 1471 623 1442 602 1330 548 1302 710 1391 696 1455 619 1484 608 1448 794 1371 917
img08654.jpg 1644 919 1608 1010 1695 795 1648 826 1422 922 1578 1108 1674 811 1471 606 1443 584 1332 532 1305 710 1397 687 1458 604 1484 593 1449 780 1366 898
img08655.jpg 1646 915 1597 987 1684 773 1652 801 1426 895 1582 1084 1671 790 1472 589 1444 567 1333 513 1310 708 1403 675 1461 584 1483 578 1445 761 1364 876
img08656.jpg 1654 916 1598 976 1685 762 1652 780 1427 872 1582 1061 1671 770 1475 568 1448 545 1333 492 1319 705 1411 663 1466 566 1484 561 1442 741 1361 852
img08657.jpg 1623 971 1602 963 1688 749 1653 763 1432 856 1584 1048 1673 755 1475 546 1452 525 1334 469 1330 701 1421 648 1471 544 1485 542 1437 719 1360 828
img08658.jpg 1590 1026 1617 945 1703 730 1645 747 1429 843 1580 1040 1675 737 1478 523 1456 504 1336 445 1350 702 1436 635 1478 523 1485 521 1436 697 1361 803
img08659.jpg 1590 1021 1615 928 1701 714 1644 729 1434 829 1579 1030 1672 718 1479 503 1459 483 1339 415 1362 700 1444 621 1480 503 1484 500 1439 672 1362 776
img08660.jpg 1597 1022 1626 915 1711 700 1641 711 1438 821 1579 1028 1673 703 1485 478 1464 460 1344 383 1380 689 1458 600 1488 475 1488 478 1444 646 1365 750
img08661.jpg 1599 1027 1617 898 1702 684 1639 692 1441 815 1580 1027 1668 686 1486 453 1467 437 1347 354 1392 678 1465 580 1492 450 1492 453 1452 621 1369 727
img08662.jpg 1591 1023 1599 878 1684 663 1644 674 1445 810 1583 1025 1662 669 1492 429 1470 409 1351 324 1403 666 1473 562 1498 426 1495 429 1462 597 1374 702
img08663.jpg 1607 952 1584 860 1669 645 1645 653 1450 806 1591 1018 1658 648 1496 405 1474 381 1356 291 1406 652 1477 545 1499 400 1499 405 1465 573 1377 678
img08664.jpg 1606 949 1578 842 1662 627 1645 633 1458 800 1595 1018 1653 630 1502 381 1480 356 1360 265 1418 630 1487 522 1505 372 1505 377 1469 551 1385 655
img08665.jpg 1599 949 1565 825 1649 610 1643 618 1466 797 1597 1019 1645 613 1505 359 1485 330 1365 236 1428 613 1496 507 1511 353 1508 352 1473 531 1390 632
img08666.jpg 1594 939 1553 808 1637 593 1636 602 1475 792 1598 1018 1639 596 1513 340 1489 304 1374 207 1436 591 1504 489 1516 331 1513 330 1483 508 1397 606
img08667.jpg 1596 934 1551 796 1634 581 1624 584 1481 789 1598 1020 1630 578 1520 318 1495 282 1387 179 1448 569 1515 470 1523 309 1520 308 1493 484 1405 582
img08668.jpg 1575 1003 1547 789 1631 574 1618 574 1491 787 1592 1026 1621 567 1526 302 1504 266 1399 157 1460 551 1526 456 1530 295 1526 289 1508 467 1412 561
img08669.jpg 1570 998 1543 780 1623 564 1606 564 1498 786 1593 1024 1613 557 1534 286 1507 249 1411 133 1467 534 1534 442 1537 282 1534 272 1523 451 1418 538
img08670.jpg 1576 991 1543 774 1620 557 1596 553 1504 785 1593 1017 1606 550 1540 275 1514 235 1417 116 1471 512 1539 424 1540 265 1540 258 1540 434 1424 517
img08671.jpg 1576 995 1545 771 1613 550 1589 547 1509 782 1593 1019 1596 543 1546 267 1523 227 1424 98 1476 500 1545 416 1546 254 1546 247 1546 425 1431 499
img08672.jpg 1576 996 1548 765 1603 544 1583 544 1518 780 1593 1017 1589 541 1549 260 1525 219 1426 89 1478 488 1548 408 1549 246 1549 240 1552 421 1436 482
img08673.jpg 1580 996 1552 761 1593 540 1576 540 1525 776 1594 1017 1583 540 1552 252 1528 210 1431 75 1480 476 1551 399 1552 238 1552 235 1559 415 1441 467
img08674.jpg 1581 1001 1557 762 1585 537 1575 537 1529 778 1592 1019 1578 537 1554 247 1533 205 1435 69 1478 469 1553 399 1554 233 1554 233 1568 408 1446 456
img08675.jpg 1580 1005 1562 764 1572 535 1572 535 1536 779 1590 1026 1569 535 1554 244 1533 201 1443 64 1475 465 1554 402 1558 233 1558 233 1572 405 1450 448
img08676.jpg 1584 998 1566 767 1560 533 1567 533 1545 784 1599 1028 1563 533 1553 239 1532 198 1448 62 1462 458 1548 400 1557 233 1557 233 1583 404 1451 442
img08677.jpg 1587 995 1570 770 1553 529 1567 529 1552 787 1604 1029 1560 529 1553 239 1535 198 1453 57 1453 451 1544 402 1557 233 1557 233 1590 401 1453 439
img08678.jpg 1587 988 1573 773 1544 526 1567 526 1559 790 1609 1028 1554 526 1554 239 1537 199 1457 59 1444 448 1540 403 1557 233 1557 233 1596 399 1457 436
img08679.jpg 1587 978 1573 775 1535 527 1564 527 1566 792 1614 1027 1547 527 1554 240 1537 197 1459 57 1437 443 1536 402 1557 233 1557 233 1602 399 1459 432
img08680.jpg 1584 972 1574 776 1530 527 1561 527 1571 792 1619 1025 1546 527 1555 237 1539 196 1461 54 1432 442 1534 401 1555 234 1555 234 1608 398 1461 429
img08681.jpg 1582 976 1572 775 1534 529 1562 529 1572 791 1613 1022 1547 529 1556 238 1540 196 1463 53 1433 438 1535 401 1556 234 1556 234 1608 396 1463 429
img08682.jpg 1581 975 1569 776 1534 533 1558 533 1571 792 1608 1020 1546 533 1555 236 1539 194 1463 54 1427 435 1531 400 1555 232 1555 232 1610 396 1463 425
img08683.jpg 1584 979 1571 777 1537 536 1553 536 1570 794 1602 1018 1547 536 1553 240 1536 193 1461 51 1421 429 1530 398 1557 232 1553 232 1609 394 1461 424
img08684.jpg 1585 985 1572 776 1541 538 1550 538 1567 793 1598 1019 1547 538 1554 239 1537 194 1462 51 1418 427 1532 397 1558 231 1554 231 1605 395 1459 426
img08685.jpg 1587 991 1574 776 1545 540 1548 540 1565 794 1595 1021 1548 540 1551 242 1537 196 1460 52 1415 427 1533 396 1555 231 1551 231 1601 396 1457 425
img08686.jpg 1584 993 1571 775 1538 539 1549 539 1563 795 1593 1022 1545 539 1549 239 1538 196 1460 51 1415 425 1535 395 1556 232 1549 232 1602 394 1453 423
img08687.jpg 1587 998 1575 777 1539 537 1550 537 1561 793 1594 1024 1543 537 1546 240 1535 196 1459 50 1415 424 1535 396 1557 229 1546 233 1601 390 1451 423
img08688.jpg 1583 1000 1572 774 1536 534 1551 537 1562 793 1598 1025 1544 534 1547 237 1536 197 1460 53 1420 425 1533 398 1555 230 1547 234 1601 389 1453 421
img08689.jpg 1585 1001 1570 775 1534 530 1553 537 1563 794 1596 1023 1545 534 1545 237 1534 197 1458 52 1421 425 1527 398 1553 229 1545 233 1603 389 1454 418
img08690.jpg 1586 1002 1568 776 1532 528 1554 535 1565 792 1594 1020 1547 532 1547 235 1532 195 1460 50 1423 423 1525 400 1554 228 1547 231 1605 387 1452 416
img08691.jpg 1586 1002 1571 774 1536 528 1553 535 1568 792 1593 1020 1546 532 1550 233 1532 193 1461 51 1424 423 1525 401 1553 225 1546 229 1600 386 1454 414
img08692.jpg 1583 1002 1569 769 1535 529 1552 533 1569 793 1590 1019 1548 533 1552 231 1535 192 1462 53 1427 422 1527 401 1552 227 1548 227 1604 387 1454 415
img08693.jpg 1583 1003 1569 772 1534 533 1552 533 1569 793 1590 1020 1548 536 1552 231 1534 193 1461 52 1426 421 1530 399 1552 228 1548 228 1608 386 1453 413
img08694.jpg 1585 1003 1567 768 1532 536 1554 533 1567 793 1592 1021 1547 536 1550 230 1532 191 1459 54 1428 421 1534 398 1554 227 1547 227 1610 381 1451 413
img08695.jpg 1585 1004 1567 763 1533 536 1554 533 1567 795 1592 1024 1547 536 1550 230 1533 191 1459 55 1430 425 1534 396 1554 226 1543 226 1606 379 1452 414
img08696.jpg 1586 1005 1565 762 1534 534 1555 531 1565 791 1594 1025 1548 534 1548 233 1530 194 1456 57 1428 425 1532 391 1555 226 1544 226 1607 380 1453 411
img08697.jpg 1589 1002 1564 765 1531 535 1557 535 1564 790 1596 1026 1546 535 1546 234 1528 195 1456 55 1426 431 1530 391 1553 227 1542 227 1603 381 1452 410
img08698.jpg 1591 998 1563 764 1532 533 1559 533 1563 792 1595 1029 1545 533 1545 236 1528 194 1458 54 1425 436 1530 390 1553 225 1542 225 1601 383 1448 410
img08699.jpg 1586 998 1562 762 1535 531 1559 531 1562 790 1594 1027 1545 534 1545 237 1531 196 1458 50 1424 439 1531 390 1552 223 1541 227 1593 386 1445 413
img08700.jpg 1582 989 1561 765 1538 528 1558 531 1561 788 1599 1018 1544 532 1544 234 1528 197 1453 51 1420 440 1531 390 1551 224 1541 227 1598 386 1443 413
img08701.jpg 1581 983 1561 767 1538 528 1558 531 1561 793 1598 1013 1547 532 1544 232 1528 196 1451 49 1417 445 1531 392 1548 226 1541 229 1594 388 1438 415
img08702.jpg 1580 981 1560 766 1544 525 1557 528 1560 792 1597 1007 1550 528 1544 235 1528 195 1450 52 1416 446 1533 391 1547 225 1541 228 1589 388 1437 417
img08703.jpg 1576 983 1563 768 1549 525 1556 532 1559 788 1596 1006 1552 529 1542 235 1526 195 1446 51 1414 450 1534 394 1549 225 1539 228 1582 392 1436 418
img08704.jpg 1578 984 1564 771 1554 525 1558 532 1561 788 1597 1008 1558 525 1544 236 1524 195 1447 53 1413 452 1536 393 1547 225 1540 229 1580 394 1436 418
img08705.jpg 1581 993 1564 770 1557 528 1560 532 1560 788 1595 1014 1560 528 1543 237 1526 195 1446 53 1413 454 1538 392 1547 226 1539 230 1571 396 1436 420
img08706.jpg 1569 965 1564 770 1564 524 1561 531 1561 787 1596 1020 1564 524 1540 236 1523 195 1445 54 1416 458 1544 391 1547 226 1537 229 1571 397 1435 424
img08707.jpg 1569 967 1563 770 1566 527 1563 533 1560 788 1596 1026 1566 527 1539 236 1522 197 1441 57 1415 461 1545 391 1546 225 1535 232 1570 396 1431 428
img08708.jpg 1571 966 1562 770 1575 526 1565 532 1558 790 1598 1026 1572 526 1537 235 1520 199 1436 63 1418 464 1549 386 1540 224 1534 235 1565 395 1429 430
img08709.jpg 1570 965 1561 773 1579 526 1565 536 1554 790 1598 1024 1575 526 1534 236 1516 200 1428 65 1415 468 1549 388 1540 225 1530 236 1561 396 1425 434
img08710.jpg 1572 961 1563 773 1587 520 1566 533 1546 789 1595 1023 1580 523 1529 238 1512 204 1426 70 1417 478 1551 392 1535 227 1529 238 1556 399 1419 440
img08711.jpg 1584 993 1559 774 1591 527 1570 537 1538 788 1595 1021 1580 530 1528 240 1510 208 1421 74 1412 483 1551 397 1535 229 1524 240 1549 402 1418 444
img08712.jpg 1583 995 1558 774 1597 528 1572 539 1534 787 1597 1019 1583 531 1527 243 1505 212 1418 78 1410 492 1552 403 1534 233 1520 240 1544 408 1414 450
img08713.jpg 1582 993 1554 773 1596 533 1575 539 1527 787 1593 1017 1586 539 1523 250 1502 218 1411 85 1406 500 1550 408 1530 239 1516 243 1540 410 1411 459
img08714.jpg 1583 993 1551 770 1604 538 1583 541 1520 787 1590 1017 1590 544 1520 256 1499 224 1405 96 1400 507 1547 412 1524 245 1513 245 1538 416 1406 471
img08715.jpg 1580 999 1549 774 1605 549 1591 549 1518 788 1591 1020 1594 553 1518 262 1496 230 1395 107 1388 510 1541 416 1521 251 1507 251 1535 423 1402 483
img08716.jpg 1580 998 1549 777 1611 555 1594 555 1512 787 1591 1022 1601 556 1515 272 1491 237 1387 120 1382 520 1537 423 1515 261 1505 261 1529 427 1398 496
img08717.jpg 1579 998 1545 779 1620 560 1600 560 1505 786 1590 1022 1610 561 1511 280 1487 249 1378 132 1377 529 1533 427 1508 269 1501 273 1523 433 1395 512
img08718.jpg 1579 1000 1538 784 1626 566 1609 566 1499 785 1593 1023 1616 563 1509 291 1482 260 1372 149 1367 539 1529 439 1506 281 1496 287 1520 444 1388 529
img08719.jpg 1577 1000 1533 791 1630 573 1614 573 1492 784 1594 1023 1623 570 1505 303 1476 274 1364 168 1363 555 1527 452 1502 294 1489 303 1510 459 1384 543
img08720.jpg 1577 1002 1530 799 1640 581 1618 584 1483 784 1591 1018 1627 578 1502 319 1470 290 1357 189 1362 573 1526 463 1496 306 1489 316 1501 474 1379 562
img08721.jpg 1576 1002 1527 806 1644 588 1626 591 1476 790 1589 1015 1635 588 1495 338 1466 307 1351 209 1359 594 1524 478 1489 322 1485 335 1493 495 1373 582
img08722.jpg 1574 1002 1531 818 1648 600 1630 606 1469 792 1587 1015 1639 603 1491 356 1463 322 1346 232 1357 619 1523 499 1485 343 1481 353 1484 518 1367 600
img08723.jpg 1574 1004 1540 834 1656 616 1632 623 1462 797 1584 1013 1645 620 1486 373 1462 340 1343 251 1354 639 1523 516 1483 361 1477 373 1474 541 1364 620
img08724.jpg 1579 1008 1550 848 1666 630 1636 639 1454 805 1583 1015 1649 636 1481 391 1460 358 1340 274 1353 661 1524 533 1481 379 1475 391 1469 559 1361 642
img08725.jpg 1584 1010 1553 862 1669 645 1636 656 1448 813 1583 1020 1654 651 1478 411 1457 378 1337 294 1349 682 1524 554 1481 399 1472 414 1463 579 1358 662
img08726.jpg 1583 1013 1561 880 1677 662 1637 677 1441 818 1580 1022 1657 669 1480 425 1454 399 1334 321 1344 696 1524 569 1483 413 1471 433 1457 596 1354 682
img08727.jpg 1586 1018 1567 896 1682 679 1639 693 1434 823 1576 1024 1661 682 1478 443 1453 418 1331 345 1342 708 1526 582 1484 432 1472 451 1453 615 1351 703
img08728.jpg 1585 1019 1550 908 1666 691 1633 710 1427 828 1573 1026 1661 697 1475 461 1448 437 1328 370 1344 724 1528 595 1480 451 1475 467 1448 635 1347 723
img08729.jpg 1584 1020 1545 925 1661 708 1631 727 1422 834 1573 1027 1662 713 1477 481 1446 460 1325 394 1353 740 1523 618 1477 473 1474 491 1446 656 1344 742
img08730.jpg 1576 1017 1530 942 1645 725 1637 740 1417 838 1575 1030 1662 733 1476 500 1445 481 1324 418 1356 750 1513 638 1476 492 1473 512 1442 676 1340 761
img08731.jpg 1571 1019 1508 961 1623 744 1639 757 1413 844 1577 1031 1659 752 1472 524 1444 503 1322 440 1354 763 1498 663 1472 516 1474 531 1441 699 1337 782
img08732.jpg 1565 1016 1505 979 1620 762 1630 777 1398 857 1580 1033 1657 772 1468 543 1441 526 1321 461 1365 784 1491 688 1468 536 1473 553 1432 719 1336 802
img08733.jpg 1560 1016 1500 992 1615 776 1629 795 1389 873 1584 1033 1651 791 1468 563 1441 546 1318 482 1358 799 1473 716 1464 556 1473 571 1425 735 1335 822
img08734.jpg 1551 1013 1487 1006 1601 789 1631 813 1387 888 1593 1034 1648 806 1463 583 1438 562 1314 502 1347 817 1465 736 1461 576 1475 585 1424 753 1334 844
img08735.jpg 1548 1014 1491 1021 1605 805 1630 830 1388 906 1602 1036 1645 821 1461 600 1437 576 1310 522 1349 838 1464 754 1459 594 1477 599 1426 769 1336 864
img08736.jpg 1549 1013 1514 1034 1628 818 1630 847 1389 925 1609 1044 1647 836 1460 615 1434 591 1309 539 1361 860 1470 769 1456 609 1475 611 1425 786 1338 883
img08737.jpg 1547 1013 1514 1050 1628 834 1638 860 1400 940 1616 1053 1645 849 1459 630 1431 605 1306 555 1356 876 1466 785 1455 624 1476 624 1430 803 1339 901
img08738.jpg 1545 1014 1540 1061 1653 845 1646 870 1409 952 1623 1065 1647 861 1457 641 1430 616 1304 568 1375 902 1475 801 1451 642 1476 635 1437 817 1342 918
img08739.jpg 1544 1013 1560 1070 1673 854 1645 879 1409 963 1621 1077 1645 871 1459 652 1432 629 1304 577 1384 914 1480 809 1451 650 1471 653 1439 835 1354 944
img08740.jpg 1541 1014 1576 1078 1689 862 1644 886 1410 973 1620 1087 1646 880 1459 659 1431 640 1304 583 1392 927 1483 817 1449 659 1466 673 1441 850 1355 957
img08741.jpg 1540 1013 1576 1080 1689 864 1641 890 1409 979 1616 1094 1647 888 1460 665 1431 647 1301 585 1393 936 1484 826 1451 667 1466 679 1441 858 1357 970
img08742.jpg 1539 1012 1580 1080 1692 864 1641 892 1411 983 1615 1099 1644 892 1461 671 1433 653 1300 590 1394 942 1483 830 1451 671 1461 694 1443 864 1362 981
img08743.jpg 1537 1011 1580 1085 1692 869 1639 893 1411 986 1613 1103 1643 893 1462 675 1431 657 1299 593 1387 943 1478 833 1450 673 1460 698 1444 871 1364 989
img08744.jpg 1533 1013 1578 1087 1690 872 1637 894 1411 989 1611 1106 1647 897 1461 678 1430 661 1297 595 1383 949 1474 838 1447 678 1463 692 1445 866 1362 984
img08745.jpg 1532 1014 1577 1086 1689 871 1637 894 1413 991 1609 1109 1647 898 1461 681 1428 662 1294 597 1380 950 1471 840 1447 679 1467 683 1445 862 1367 990
img08746.jpg 1548 1019 1578 1089 1690 874 1639 895 1417 994 1611 1112 1643 899 1463 684 1428 664 1294 601 1375 951 1466 841 1445 680 1467 685 1447 864 1370 995
img08747.jpg 1559 1025 1578 1089 1689 874 1641 895 1420 996 1612 1115 1645 899 1462 684 1426 664 1291 600 1371 954 1462 843 1443 682 1470 674 1447 867 1372 997
img08748.jpg 1561 1028 1579 1091 1691 876 1640 897 1421 1000 1610 1119 1650 903 1461 690 1426 668 1290 602 1371 955 1463 846 1448 684 1471 678 1446 870 1374 1000
img08749.jpg 1563 1029 1579 1091 1691 876 1638 897 1421 1002 1608 1122 1650 904 1461 693 1426 670 1291 605 1371 957 1462 847 1448 687 1471 679 1442 874 1373 1002
img08750.jpg 1564 1029 1578 1091 1690 876 1639 897 1424 1004 1608 1124 1651 898 1461 694 1425 670 1291 608 1368 961 1460 851 1449 688 1471 680 1439 878 1373 1004
img08751.jpg 1549 1026 1577 1088 1688 874 1639 897 1427 1006 1609 1126 1653 892 1459 697 1426 672 1293 611 1372 973 1461 862 1448 695 1467 693 1436 884 1373 1003
img08752.jpg 1538 1023 1557 1086 1667 871 1638 897 1427 1007 1606 1128 1656 893 1459 702 1428 673 1295 614 1362 979 1454 870 1447 700 1467 694 1435 885 1369 1004
img08753.jpg 1552 1026 1556 1086 1667 871 1639 897 1431 1009 1608 1130 1649 889 1460 701 1429 672 1298 615 1364 986 1452 875 1444 704 1468 696 1437 887 1371 1007
img08754.jpg 1566 1029 1557 1087 1667 873 1642 899 1436 1013 1610 1134 1646 889 1461 700 1430 672 1299 617 1364 990 1453 879 1447 702 1465 708 1440 893 1371 1010
img08755.jpg 1580 1032 1537 1088 1647 874 1643 899 1438 1015 1610 1137 1643 897 1461 701 1431 674 1302 621 1356 995 1445 885 1443 709 1465 707 1442 894 1373 1012
img08756.jpg 1593 1035 1540 1091 1650 877 1644 900 1441 1018 1611 1140 1642 904 1461 701 1431 676 1303 624 1357 994 1445 883 1443 709 1468 695 1443 891 1375 1012
img08757.jpg 1608 1038 1563 1095 1672 881 1645 902 1445 1021 1612 1144 1639 904 1463 699 1432 675 1305 626 1371 993 1453 877 1445 705 1467 706 1448 903 1387 1023
img08758.jpg 1610 1038 1563 1096 1673 882 1646 904 1448 1024 1612 1147 1642 904 1465 697 1431 674 1305 626 1370 986 1453 871 1448 700 1465 705 1447 902 1386 1022
img08759.jpg 1611 1038 1565 1097 1674 883 1646 904 1450 1026 1612 1149 1644 904 1467 697 1429 672 1304 626 1372 982 1453 866 1448 697 1469 693 1445 897 1387 1019
img08760.jpg 1596 1034 1587 1098 1697 884 1645 903 1451 1027 1610 1149 1647 901 1470 695 1429 671 1306 626 1387 980 1462 859 1451 692 1468 703 1442 895 1385 1019
img08761.jpg 1596 1032 1586 1095 1695 881 1645 903 1453 1028 1610 1151 1647 899 1472 693 1430 666 1307 623 1389 972 1464 852 1455 686 1467 711 1440 892 1385 1017
img08762.jpg 1580 1027 1586 1090 1695 876 1646 900 1456 1027 1611 1149 1652 894 1471 688 1430 663 1308 620 1392 966 1465 844 1456 680 1469 696 1432 865 1371 990
img08763.jpg 1566 1021 1588 1081 1696 868 1645 896 1457 1024 1609 1147 1655 892 1467 681 1429 657 1310 616 1396 964 1466 841 1453 675 1467 697 1429 856 1372 986
img08764.jpg 1551 1017 1584 1076 1692 863 1644 893 1459 1023 1608 1146 1656 883 1466 672 1431 650 1311 607 1396 958 1465 834 1454 666 1464 699 1428 847 1378 986
img08765.jpg 1588 975 1583 1067 1692 854 1641 883 1457 1014 1605 1137 1655 872 1465 662 1432 639 1311 596 1399 951 1466 826 1454 656 1467 678 1429 827 1388 976
img08766.jpg 1578 969 1579 1057 1687 844 1629 871 1448 1003 1593 1126 1654 858 1463 648 1432 627 1311 583 1402 940 1466 814 1454 642 1469 656 1427 804 1393 965
img08767.jpg 1615 921 1573 1048 1681 835 1622 858 1443 992 1585 1115 1652 845 1464 636 1432 612 1312 565 1408 932 1470 805 1458 630 1468 644 1429 792 1407 964
img08768.jpg 1648 869 1566 1038 1673 825 1619 840 1442 976 1583 1098 1650 832 1468 621 1435 596 1314 546 1414 914 1475 786 1463 612 1467 627 1435 776 1415 948
img08769.jpg 1648 866 1566 1021 1673 808 1615 822 1441 959 1579 1081 1649 817 1468 604 1437 579 1317 524 1432 898 1486 767 1466 595 1470 602 1443 752 1420 924
img08770.jpg 1617 904 1561 1005 1669 792 1613 806 1441 944 1576 1066 1652 799 1472 585 1439 560 1319 498 1448 877 1496 744 1472 574 1472 583 1450 735 1423 907
img08771.jpg 1618 905 1565 990 1672 778 1624 788 1453 927 1581 1053 1652 783 1475 566 1444 538 1325 469 1469 857 1509 722 1478 554 1473 566 1458 721 1429 887
img08772.jpg 1592 957 1569 971 1676 759 1629 769 1461 910 1583 1042 1651 764 1481 543 1451 516 1331 443 1492 832 1523 694 1483 530 1476 542 1468 703 1438 869
img08773.jpg 1568 1013 1572 954 1679 742 1622 752 1456 894 1580 1037 1650 745 1485 519 1457 491 1342 411 1512 807 1536 668 1490 506 1480 514 1472 680 1447 851
img08774.jpg 1580 1019 1571 940 1678 728 1613 733 1449 876 1581 1032 1646 728 1490 493 1464 464 1350 381 1527 779 1547 639 1499 480 1485 488 1475 657 1454 829
img08775.jpg 1587 1026 1568 921 1674 709 1607 715 1442 862 1580 1032 1636 712 1495 468 1473 438 1361 349 1541 751 1557 611 1506 454 1487 465 1479 637 1462 806
img08776.jpg 1594 1027 1561 901 1667 690 1593 695 1430 849 1580 1030 1631 692 1500 440 1481 412 1372 316 1554 724 1565 583 1512 429 1492 437 1484 613 1470 783
img08777.jpg 1595 1029 1552 885 1659 673 1583 676 1422 838 1580 1029 1624 676 1505 417 1488 385 1383 280 1564 699 1571 558 1516 405 1496 414 1490 592 1476 757
img08778.jpg 1598 1031 1545 866 1651 654 1583 660 1421 829 1582 1027 1615 657 1511 393 1496 360 1391 251 1577 674 1578 533 1520 384 1505 390 1496 564 1481 728
img08779.jpg 1591 1028 1538 846 1644 634 1585 644 1425 824 1582 1025 1610 640 1518 371 1502 337 1404 222 1591 648 1585 507 1523 361 1512 368 1502 541 1487 701
img08780.jpg 1587 1025 1533 832 1639 621 1581 628 1432 817 1585 1025 1610 624 1525 352 1509 314 1416 196 1604 626 1593 485 1527 342 1521 346 1509 518 1493 681
img08781.jpg 1581 1025 1525 821 1631 610 1578 616 1439 813 1588 1026 1604 613 1532 334 1515 294 1429 171 1591 604 1589 465 1535 324 1528 327 1515 500 1499 656
img08782.jpg 1574 1019 1520 808 1625 597 1574 603 1445 805 1588 1027 1598 600 1537 313 1520 276 1439 150 1584 589 1589 450 1544 303 1537 310 1520 484 1503 638
img08783.jpg 1567 1013 1520 799 1619 584 1570 591 1456 800 1588 1027 1594 591 1546 298 1529 260 1449 128 1573 579 1586 441 1553 288 1542 295 1525 472 1508 622
img08784.jpg 1572 1006 1520 793 1616 572 1568 579 1468 796 1589 1026 1593 579 1551 285 1534 244 1458 110 1567 571 1585 433 1558 275 1547 282 1530 458 1513 610
img08785.jpg 1570 1005 1518 784 1609 564 1567 571 1476 791 1588 1025 1581 571 1557 274 1539 232 1466 92 1555 563 1580 424 1564 263 1553 270 1532 449 1518 595
img08786.jpg 1573 1003 1524 777 1601 555 1566 562 1489 788 1587 1024 1576 562 1563 266 1545 223 1471 82 1562 555 1586 418 1566 256 1559 258 1534 439 1524 590
img08787.jpg 1574 1003 1528 775 1592 549 1563 556 1500 786 1589 1024 1571 556 1568 262 1550 216 1475 74 1562 549 1588 408 1568 252 1564 251 1535 429 1525 581
img08788.jpg 1577 1004 1531 774 1584 548 1563 551 1510 788 1592 1025 1566 551 1571 257 1553 208 1482 66 1558 545 1589 400 1571 247 1567 246 1538 424 1528 576
img08789.jpg 1576 1010 1540 776 1570 547 1558 547 1522 788 1594 1028 1564 547 1576 253 1558 205 1486 60 1545 545 1588 397 1576 247 1570 241 1540 421 1528 571
img08790.jpg 1582 1015 1546 782 1564 548 1564 548 1528 800 1600 1033 1564 548 1582 243 1564 189 1492 46 1526 559 1582 405 1582 243 1564 243 1546 423 1528 566
