ResultRaw1 ResultRaw2 ResultRaw3 ResultRaw4 ResultRaw5 ResultRaw6 ResultRaw7 ResultRaw8 ResultRaw9 ResultRaw10 ResultRaw11 ResultRaw12 ResultRaw13 ResultRaw14 ResultRaw15 ResultRaw16 ResultRaw17 ResultRaw18 ResultRaw19 ResultRaw20 ResultRaw21 ResultRaw22 ResultRaw23 ResultRaw24 ResultRaw25 ResultRaw26 ResultRaw27 ResultRaw28 ResultRaw29 ResultRaw30 ResultRaw31 ResultRaw32 ResultRaw33
img07971.jpg 1376 890 1326 692 1326 493 1392 493 1376 708 1376 923 1359 493 1392 228 1376 178 1359 62 1260 493 1326 377 1343 245 1442 228 1442 377 1376 526
img07972.jpg 1367 892 1317 695 1320 490 1386 495 1372 711 1378 915 1361 490 1392 229 1378 186 1350 59 1262 490 1328 369 1344 243 1443 229 1433 386 1378 518
img07973.jpg 1382 886 1320 692 1318 488 1385 497 1367 709 1380 914 1363 489 1391 229 1380 189 1347 58 1263 491 1330 367 1344 242 1444 229 1431 387 1373 518
img07974.jpg 1395 880 1322 691 1317 486 1383 499 1362 707 1382 913 1363 487 1389 230 1382 189 1342 58 1264 492 1332 364 1344 242 1444 229 1429 388 1372 516
img07975.jpg 1408 873 1324 688 1317 485 1384 500 1357 705 1384 912 1363 486 1387 231 1384 189 1341 55 1267 494 1334 367 1343 241 1443 229 1428 390 1367 517
img07976.jpg 1417 870 1325 689 1318 484 1385 500 1358 706 1385 914 1363 485 1387 231 1385 188 1342 57 1267 494 1335 370 1344 241 1443 229 1426 390 1362 517
img07977.jpg 1421 868 1322 690 1319 482 1386 501 1356 704 1386 914 1361 485 1387 232 1382 186 1342 56 1269 497 1339 370 1344 241 1441 229 1422 390 1359 517
img07978.jpg 1410 867 1313 689 1320 481 1387 501 1360 703 1383 917 1359 485 1387 232 1380 186 1340 55 1273 495 1343 371 1344 241 1439 229 1424 388 1356 515
img07979.jpg 1394 868 1300 689 1321 480 1387 501 1365 702 1381 915 1359 485 1387 232 1378 188 1341 53 1277 493 1345 374 1346 241 1437 229 1422 388 1355 513
img07980.jpg 1370 866 1284 683 1322 479 1387 501 1370 700 1380 916 1358 485 1387 231 1377 190 1339 53 1280 492 1345 375 1347 241 1436 229 1421 389 1356 512
img07981.jpg 1339 861 1264 674 1323 479 1386 500 1370 694 1380 916 1359 486 1387 231 1374 190 1336 53 1289 491 1348 376 1347 241 1434 229 1421 391 1357 514
img07982.jpg 1313 856 1248 665 1325 479 1384 499 1373 697 1379 916 1359 486 1386 230 1373 190 1335 53 1299 490 1346 379 1348 241 1432 230 1420 394 1359 517
img07983.jpg 1277 845 1228 651 1325 480 1381 498 1372 696 1382 913 1361 486 1385 230 1372 189 1332 54 1310 491 1344 382 1349 240 1430 230 1416 395 1358 520
img07984.jpg 1238 833 1206 635 1326 480 1378 498 1371 698 1384 913 1361 487 1384 230 1371 189 1327 54 1319 493 1344 382 1348 240 1426 230 1411 398 1357 526
img07985.jpg 1206 819 1188 620 1326 480 1374 498 1366 703 1387 911 1360 488 1382 230 1366 188 1323 53 1325 494 1345 381 1347 240 1421 230 1407 396 1356 528
img07986.jpg 1185 805 1175 605 1323 479 1370 499 1363 708 1387 909 1358 488 1379 230 1363 186 1319 52 1328 495 1345 382 1345 241 1417 230 1403 395 1356 530
img07987.jpg 1162 790 1162 588 1321 478 1367 500 1363 709 1386 910 1355 490 1376 231 1360 186 1316 52 1326 498 1344 383 1343 241 1411 231 1400 394 1356 528
img07988.jpg 1156 782 1154 581 1317 478 1365 500 1359 708 1386 910 1350 490 1372 232 1356 185 1312 51 1323 497 1344 383 1339 241 1405 231 1396 393 1356 527
img07989.jpg 1154 775 1148 574 1311 477 1362 500 1355 707 1385 911 1345 491 1368 233 1349 184 1309 51 1319 494 1345 382 1336 242 1399 232 1392 394 1355 528
img07990.jpg 1152 771 1144 574 1305 478 1359 500 1353 703 1383 913 1340 490 1363 234 1343 185 1307 52 1317 494 1344 382 1332 241 1394 232 1390 395 1353 528
img07991.jpg 1140 770 1139 577 1299 478 1355 501 1351 700 1382 913 1336 491 1357 234 1338 184 1299 51 1315 494 1344 381 1328 240 1388 232 1385 394 1351 527
img07992.jpg 1123 771 1133 584 1292 480 1350 501 1348 698 1382 912 1332 491 1351 234 1335 185 1291 54 1314 490 1345 380 1323 240 1382 231 1382 393 1348 527
img07993.jpg 1101 775 1128 594 1285 482 1345 504 1345 698 1379 912 1327 492 1345 233 1325 183 1285 53 1309 491 1335 380 1316 241 1376 230 1379 394 1345 527
img07994.jpg 1079 783 1126 605 1279 485 1339 506 1341 699 1378 910 1321 494 1338 234 1320 185 1277 54 1300 495 1323 380 1308 241 1369 230 1374 393 1341 527
img07995.jpg 1059 793 1122 616 1271 489 1330 509 1336 700 1376 910 1314 496 1331 234 1312 185 1269 55 1288 497 1309 381 1299 242 1362 229 1366 393 1336 526
img07996.jpg 1044 805 1119 628 1263 494 1321 512 1330 701 1375 911 1304 500 1322 236 1303 189 1261 61 1271 499 1293 382 1288 244 1354 229 1359 393 1330 524
img07997.jpg 1033 821 1114 644 1252 498 1309 515 1324 704 1373 912 1293 504 1313 238 1293 196 1252 68 1249 503 1274 383 1275 245 1344 229 1349 396 1319 526
img07998.jpg 1027 834 1107 656 1240 502 1296 518 1320 711 1373 915 1280 507 1301 241 1285 202 1242 74 1226 505 1262 384 1262 247 1333 231 1338 395 1309 528
img07999.jpg 1024 847 1100 669 1228 504 1282 520 1316 711 1372 915 1266 510 1287 244 1271 204 1232 77 1203 506 1249 386 1247 249 1322 233 1327 396 1298 529
img08000.jpg 1026 862 1093 680 1215 507 1267 521 1308 712 1371 913 1251 511 1271 246 1257 205 1217 78 1180 504 1234 388 1233 250 1308 236 1316 398 1287 530
img08001.jpg 1028 874 1083 689 1202 509 1252 522 1301 714 1369 913 1236 511 1255 248 1243 206 1206 76 1157 500 1218 392 1218 250 1292 238 1301 396 1274 531
img08002.jpg 1031 885 1076 693 1188 510 1237 521 1290 711 1368 912 1221 510 1237 247 1223 203 1191 70 1132 497 1200 396 1202 251 1276 241 1283 394 1261 530
img08003.jpg 1031 895 1068 697 1175 512 1221 522 1277 707 1367 908 1205 510 1220 247 1203 201 1176 67 1109 493 1182 402 1185 250 1257 241 1266 395 1246 529
img08004.jpg 1030 903 1059 701 1160 514 1205 521 1259 706 1363 908 1189 509 1203 245 1185 199 1158 65 1084 488 1161 408 1168 249 1237 239 1249 391 1232 528
img08005.jpg 1025 907 1050 704 1145 514 1190 520 1241 708 1360 904 1173 508 1185 243 1167 198 1140 63 1059 482 1143 411 1150 248 1218 236 1231 387 1214 525
img08006.jpg 1020 909 1043 706 1130 512 1175 516 1220 709 1353 895 1158 507 1168 241 1145 196 1118 60 1033 475 1125 410 1132 247 1200 231 1213 383 1196 525
img08007.jpg 1015 910 1035 706 1116 510 1161 512 1195 708 1345 881 1144 506 1152 238 1130 191 1099 55 1011 466 1106 409 1113 246 1182 225 1198 378 1178 521
img08008.jpg 1010 909 1029 704 1102 505 1146 507 1166 708 1276 880 1131 503 1137 235 1115 188 1081 53 987 455 1088 404 1096 245 1167 220 1183 371 1159 516
img08009.jpg 1009 906 1025 700 1092 499 1134 500 1134 711 1211 880 1121 498 1122 232 1100 184 1063 49 965 444 1073 400 1079 245 1153 216 1168 367 1138 508
img08010.jpg 1009 902 1023 696 1082 493 1121 493 1106 709 1145 884 1111 492 1109 229 1085 180 1049 46 944 433 1058 396 1064 244 1141 212 1156 362 1119 504
img08011.jpg 1011 897 1023 691 1074 486 1108 487 1075 705 1083 890 1103 486 1097 227 1076 176 1035 42 924 422 1045 391 1050 243 1130 210 1146 361 1103 496
img08012.jpg 1013 892 1023 685 1067 479 1095 481 1046 699 1023 902 1094 479 1086 225 1063 175 1023 43 908 408 1033 384 1039 241 1121 208 1134 361 1087 493
img08013.jpg 1016 888 1024 680 1061 473 1083 476 1016 690 1024 902 1087 473 1074 223 1051 172 1010 39 891 397 1017 380 1029 240 1113 207 1126 360 1072 486
img08014.jpg 1017 885 1022 677 1052 469 1071 473 992 681 1023 902 1078 468 1064 221 1041 168 1003 39 876 383 999 373 1020 238 1105 206 1119 356 1061 483
img08015.jpg 1020 883 1023 674 1045 466 1060 472 967 672 1022 902 1068 466 1055 219 1033 167 995 37 861 373 981 366 1011 236 1096 204 1108 356 1050 480
img08016.jpg 1020 882 1020 673 1035 465 1048 472 946 665 1020 903 1056 465 1046 217 1024 166 990 37 847 363 963 360 1003 233 1087 204 1098 353 1038 479
img08017.jpg 1018 883 1017 674 1025 465 1038 473 927 662 1013 904 1044 466 1037 215 1018 164 984 34 831 355 944 358 995 232 1078 203 1091 351 1028 475
img08018.jpg 1015 883 1013 673 1015 465 1027 476 913 664 1000 906 1032 468 1030 214 1013 166 976 34 817 345 927 352 987 231 1069 204 1082 352 1019 475
img08019.jpg 1009 885 1008 675 1005 466 1015 479 903 664 986 903 1020 470 1022 213 1006 166 969 33 799 340 913 346 978 230 1060 205 1073 353 1010 477
img08020.jpg 1008 886 1003 675 993 469 1005 481 893 665 970 898 1010 472 1014 213 1000 169 963 31 785 333 899 343 970 230 1052 207 1067 353 1000 481
img08021.jpg 1007 889 999 675 979 472 995 485 887 672 948 898 1000 474 1006 213 992 172 955 32 771 328 883 341 960 230 1044 210 1057 355 992 482
img08022.jpg 1008 895 996 676 963 475 985 487 885 680 925 899 990 476 997 214 982 172 948 33 753 325 871 335 949 231 1037 212 1048 356 986 489
img08023.jpg 1008 899 995 678 949 479 976 489 886 685 903 902 979 478 987 215 974 173 942 32 735 324 858 331 937 232 1029 214 1037 359 977 496
img08024.jpg 1015 902 993 684 934 483 968 491 884 694 881 909 968 479 978 216 965 178 937 30 719 322 842 329 925 232 1021 216 1025 364 969 498
img08025.jpg 1013 903 989 693 919 488 959 492 883 703 862 918 955 482 968 217 957 176 932 32 704 320 827 324 912 232 1011 217 1013 369 961 503
img08026.jpg 1013 902 981 701 908 492 950 492 878 708 850 924 944 483 958 217 945 175 924 31 684 320 811 317 900 230 1002 217 1002 373 953 511
img08027.jpg 1008 897 970 705 898 494 941 492 871 712 843 925 933 485 947 217 935 175 917 32 672 319 794 312 889 228 992 217 991 375 942 515
img08028.jpg 1006 895 958 710 889 494 933 491 863 713 842 927 923 486 937 216 923 174 908 30 657 321 782 307 878 226 982 216 979 377 933 517
img08029.jpg 1000 889 945 707 881 493 925 491 857 711 840 927 914 488 925 215 913 169 899 29 644 323 770 302 868 223 973 215 969 378 924 522
img08030.jpg 995 887 931 704 874 491 918 490 852 711 841 929 906 489 915 214 901 168 887 27 631 326 757 298 858 221 965 214 957 378 915 518
img08031.jpg 991 883 921 700 867 489 910 490 848 708 841 929 896 489 904 214 893 165 879 24 623 326 749 295 849 218 956 214 949 379 907 515
img08032.jpg 987 881 912 700 860 486 903 490 843 704 843 930 888 489 896 213 888 164 867 19 613 326 740 291 840 216 947 214 941 380 903 514
img08033.jpg 977 875 905 697 855 484 897 489 839 705 842 931 882 487 887 213 881 160 860 19 606 326 733 291 831 214 938 214 934 380 895 514
img08034.jpg 968 874 898 696 849 483 891 489 837 704 844 933 876 485 879 211 872 162 851 18 598 324 725 293 824 212 930 214 928 377 890 511
img08035.jpg 956 873 893 695 844 482 885 489 833 701 843 932 870 484 872 209 868 161 847 17 591 326 717 294 817 210 921 214 924 378 882 512
img08036.jpg 942 873 888 695 839 482 879 489 831 703 841 928 865 483 865 207 862 159 841 17 585 325 709 294 810 208 914 214 917 377 873 513
img08037.jpg 927 871 883 697 835 484 873 490 831 704 841 926 858 484 859 205 855 159 835 15 582 326 705 295 805 206 908 214 909 377 865 510
img08038.jpg 914 875 877 699 828 486 867 491 833 705 839 925 852 486 853 202 850 157 829 15 578 326 697 296 800 205 902 214 904 377 859 509
img08039.jpg 903 878 871 702 823 489 862 492 830 708 840 923 846 489 849 201 847 153 824 15 574 328 696 294 796 204 897 214 898 378 854 509
img08040.jpg 892 879 865 704 818 491 857 493 830 710 840 921 841 491 845 200 843 152 820 15 572 326 693 292 793 203 894 214 890 376 850 510
img08041.jpg 883 880 860 706 813 493 852 493 829 709 843 922 837 493 843 200 839 150 816 14 569 327 690 294 791 203 890 214 886 377 846 510
img08042.jpg 879 884 855 707 808 494 848 493 831 711 844 924 834 493 841 200 837 148 814 15 567 328 687 294 788 204 887 214 880 378 841 511
img08043.jpg 874 885 851 708 804 494 844 492 830 709 847 922 832 492 839 201 834 147 810 14 567 327 687 294 786 204 883 214 877 377 837 510
img08044.jpg 870 885 847 708 801 494 840 492 831 711 848 921 829 492 837 202 828 148 808 15 568 328 685 294 784 205 880 214 871 378 835 511
img08045.jpg 866 886 844 708 798 494 837 491 833 712 850 920 827 491 835 202 826 150 803 14 568 332 684 298 783 205 877 213 869 378 830 514
img08046.jpg 862 887 840 709 794 495 834 491 830 712 850 920 825 491 832 203 824 150 800 14 569 335 685 302 781 205 875 213 867 378 827 514
img08047.jpg 858 887 836 709 791 495 832 491 828 714 851 919 822 491 829 205 822 150 802 15 570 339 682 306 779 206 871 212 868 379 825 515
img08048.jpg 856 888 834 710 789 496 831 491 827 715 850 916 820 491 827 206 820 153 803 15 569 345 681 312 778 206 869 212 867 378 823 516
img08049.jpg 853 889 831 711 787 496 829 492 826 716 849 916 818 492 826 207 820 156 803 14 570 350 681 314 777 206 868 212 866 377 823 515
img08050.jpg 851 890 830 711 785 497 828 493 826 715 853 915 816 491 825 208 816 155 803 14 570 353 681 313 777 207 867 211 866 376 826 514
img08051.jpg 850 890 829 711 785 496 828 495 827 717 850 914 815 492 824 209 817 156 804 15 568 356 683 314 777 207 866 211 863 376 827 513
img08052.jpg 850 891 829 711 785 497 828 497 826 715 849 914 815 492 823 209 817 158 804 15 566 357 686 315 776 207 867 211 862 373 826 513
img08053.jpg 849 891 829 711 785 496 828 501 825 713 848 915 814 493 823 208 819 157 803 14 565 356 689 314 775 207 867 211 864 372 825 512
img08054.jpg 849 890 829 710 785 495 828 503 826 710 848 914 814 492 823 208 819 156 803 13 567 354 690 315 775 208 867 211 864 373 823 512
img08055.jpg 849 890 829 710 786 495 828 505 827 710 843 917 814 494 822 207 821 155 805 13 565 352 691 317 774 210 867 211 862 375 821 510
img08056.jpg 848 891 828 710 786 495 827 506 828 709 844 916 814 495 822 206 818 157 806 11 565 348 688 319 774 211 867 212 864 374 822 511
img08057.jpg 848 891 828 710 785 495 825 507 830 710 844 916 814 497 822 206 817 157 808 10 566 343 690 317 775 212 866 213 863 376 824 510
img08058.jpg 847 893 827 712 785 497 823 507 832 713 845 917 814 498 822 207 816 157 809 10 569 338 691 319 777 212 865 212 862 378 826 509
img08059.jpg 846 895 827 714 785 499 821 507 832 716 845 917 814 501 823 208 815 157 812 9 568 329 693 319 779 211 864 212 862 379 829 511
img08060.jpg 846 898 827 717 786 501 819 507 831 714 847 917 815 501 826 209 814 157 814 8 572 319 695 319 780 211 863 211 864 379 831 512
img08061.jpg 845 901 826 719 785 504 818 507 832 714 848 918 815 501 828 210 815 157 815 9 578 305 700 315 782 211 861 211 861 381 829 513
img08062.jpg 844 903 826 721 785 505 819 507 832 714 848 918 815 500 830 211 816 158 816 7 585 293 700 313 782 211 859 211 858 382 826 513
img08063.jpg 844 904 826 722 785 506 819 507 832 712 848 916 814 500 831 212 816 159 816 8 589 278 701 307 783 212 857 211 855 383 822 514
img08064.jpg 845 906 827 723 787 507 819 507 832 712 848 916 813 499 832 213 816 158 816 10 595 263 700 303 785 213 855 213 852 382 819 514
img08065.jpg 847 906 830 723 789 507 819 508 832 714 849 914 811 500 832 212 816 157 816 13 599 246 698 299 787 212 853 214 849 381 816 513
img08066.jpg 850 906 833 723 793 507 819 508 832 715 849 914 809 501 832 211 816 156 819 13 603 232 693 295 789 211 853 215 849 379 816 512
img08067.jpg 853 906 836 723 796 507 820 509 832 716 849 912 809 502 831 210 819 153 822 17 605 216 689 290 793 210 852 216 849 376 815 509
img08068.jpg 856 907 840 723 800 507 819 510 830 716 847 914 809 503 830 208 820 151 824 17 609 197 685 284 795 208 852 218 847 375 813 509
img08069.jpg 858 908 842 724 803 507 819 511 828 717 848 914 809 502 829 206 822 151 829 18 615 181 681 275 799 206 852 219 845 374 812 508
img08070.jpg 859 908 842 723 804 507 820 510 828 718 848 916 810 500 828 205 824 153 831 19 619 167 679 264 802 204 852 219 845 375 811 510
img08071.jpg 860 907 844 723 806 506 820 509 825 719 848 917 812 499 828 205 828 155 832 17 623 152 680 249 806 203 851 219 842 377 808 511
img08072.jpg 861 906 845 722 807 505 821 508 824 717 848 922 814 497 829 205 828 154 835 16 626 137 682 239 810 201 850 219 841 377 808 511
img08073.jpg 861 904 845 719 807 503 823 506 826 717 850 925 815 495 829 204 830 157 836 16 628 130 685 224 813 199 850 217 840 378 806 513
img08074.jpg 861 903 846 718 809 501 825 504 828 717 848 927 817 495 829 202 831 156 838 14 628 119 689 214 815 198 848 217 841 376 804 515
img08075.jpg 862 903 847 717 810 500 828 504 827 715 847 927 817 496 829 201 830 157 841 13 629 110 693 205 815 196 847 215 841 376 800 513
img08076.jpg 861 903 847 717 810 500 830 503 828 715 848 926 818 496 828 201 828 154 842 13 630 104 694 202 814 194 845 214 842 376 798 513
img08077.jpg 861 904 846 717 810 500 833 503 827 715 851 923 819 497 827 201 827 156 841 15 633 99 693 196 812 193 844 213 841 377 794 514
img08078.jpg 861 905 847 719 810 502 835 503 826 714 849 923 819 497 826 202 826 155 843 17 634 94 691 195 810 193 843 212 843 377 792 515
img08079.jpg 859 906 845 719 809 502 836 501 824 712 851 921 819 497 825 204 824 156 841 18 635 92 689 190 810 192 842 210 841 379 790 513
img08080.jpg 857 907 844 720 808 503 835 501 824 713 851 919 818 497 824 205 824 154 841 19 637 87 688 188 810 191 841 209 841 378 790 513
img08081.jpg 855 908 842 721 806 503 833 500 823 711 847 921 816 496 824 206 823 157 840 21 637 82 688 184 812 191 842 209 840 376 789 512
img08082.jpg 853 908 840 721 805 503 829 499 822 711 846 918 813 496 824 206 825 157 842 20 638 77 689 180 814 191 843 209 839 377 792 514
img08083.jpg 852 909 839 722 804 504 826 499 822 711 845 917 809 496 824 206 825 156 845 20 639 70 689 176 815 191 845 210 838 375 792 512
img08084.jpg 851 910 839 722 804 505 823 500 821 710 844 915 807 496 824 205 828 158 848 19 642 66 692 178 816 192 848 212 838 378 791 510
img08085.jpg 852 910 840 722 805 504 822 500 820 709 844 915 805 496 823 204 830 161 851 18 644 65 691 174 818 194 850 213 837 377 790 510
img08086.jpg 852 910 840 721 806 504 821 502 820 709 846 914 805 497 823 204 833 162 853 16 647 63 690 175 819 197 851 214 836 377 793 510
img08087.jpg 852 910 840 721 806 503 822 503 822 709 845 915 806 497 823 204 832 163 852 17 649 63 689 176 821 200 851 214 839 376 792 509
img08088.jpg 849 908 838 720 804 502 823 504 823 710 847 915 807 498 824 204 834 164 850 15 651 64 688 177 823 202 850 214 840 376 794 511
img08089.jpg 846 908 835 719 802 501 825 504 825 711 845 916 809 498 825 205 832 162 848 14 650 64 687 175 825 205 848 214 841 373 795 514
img08090.jpg 842 907 832 718 799 499 826 503 823 711 846 916 809 498 826 206 830 160 846 14 650 63 689 176 825 205 846 213 843 372 797 515
img08091.jpg 839 906 828 716 796 498 826 503 825 714 844 916 810 498 827 207 828 159 844 13 649 62 691 176 824 205 845 214 844 370 795 516
img08092.jpg 836 905 826 715 794 497 826 504 825 711 844 917 809 497 828 207 828 158 844 14 652 60 694 175 822 203 844 215 844 371 796 514
img08093.jpg 834 904 824 714 792 496 826 505 825 712 844 915 807 495 828 208 828 158 844 14 651 60 697 175 819 201 844 215 841 371 796 515
img08094.jpg 831 904 822 713 790 495 825 505 824 712 844 917 805 494 828 207 827 158 844 15 652 61 694 175 814 197 844 215 840 373 795 513
img08095.jpg 829 905 820 714 789 496 824 507 827 715 843 919 802 495 827 207 827 159 843 17 653 62 691 175 812 195 843 215 840 375 795 514
img08096.jpg 827 906 817 715 786 496 823 507 827 714 843 920 799 496 827 207 827 158 843 17 654 62 689 175 809 194 843 215 840 377 795 515
img08097.jpg 824 907 815 716 784 497 823 506 826 718 842 922 798 497 826 206 826 159 842 16 651 63 689 175 808 192 843 215 838 378 797 514
img08098.jpg 822 907 813 716 783 497 822 506 826 717 842 923 797 499 825 205 826 157 842 18 652 63 686 173 807 192 843 216 842 378 797 514
img08099.jpg 821 908 813 717 783 498 821 506 824 716 840 922 797 500 825 204 824 156 844 20 654 61 688 172 808 193 843 217 840 377 799 517
img08100.jpg 822 909 814 717 784 498 819 506 823 715 843 918 797 500 824 204 823 155 846 21 655 60 690 171 808 193 843 218 839 377 801 517
img08101.jpg 823 910 815 717 785 498 818 507 821 713 843 917 798 499 824 204 824 157 846 22 654 61 693 172 810 194 844 220 837 380 801 518
img08102.jpg 824 911 816 718 787 499 818 508 819 711 845 917 798 498 824 205 826 157 849 24 655 60 694 173 812 196 845 221 836 382 800 517
img08103.jpg 825 913 818 720 789 501 818 509 817 708 847 914 799 497 825 207 827 159 850 23 657 59 696 174 813 197 845 222 834 383 801 515
img08104.jpg 824 913 817 720 789 501 819 509 817 708 849 914 800 497 825 207 830 160 849 21 656 57 695 176 814 197 846 222 833 385 801 514
img08105.jpg 822 911 815 718 787 498 820 508 817 706 846 919 800 496 826 208 833 161 846 21 653 57 693 178 815 197 845 221 833 386 797 514
img08106.jpg 820 910 814 716 786 497 821 507 819 707 845 921 803 497 826 208 832 161 845 20 654 56 690 178 815 196 844 220 835 384 795 513
img08107.jpg 818 907 812 714 785 494 822 504 819 707 842 920 805 497 825 208 829 162 842 17 655 57 688 178 814 196 843 217 836 381 793 513
img08108.jpg 815 904 809 710 782 491 821 501 819 708 842 923 805 497 825 207 829 162 842 16 653 59 686 178 815 195 842 216 835 380 789 513
img08109.jpg 814 904 809 710 781 490 821 500 821 709 841 924 806 498 825 207 828 163 841 15 653 62 687 176 815 195 842 215 835 380 788 511
img08110.jpg 815 906 810 712 783 492 821 500 821 711 841 924 807 499 826 207 825 161 845 15 655 61 688 175 813 195 842 214 835 381 788 511
img08111.jpg 814 907 809 712 782 492 821 500 823 709 843 922 805 498 826 206 826 161 846 14 653 61 687 174 813 195 842 214 833 380 787 510
img08112.jpg 815 909 811 714 784 494 821 500 822 710 845 923 805 498 826 207 828 161 848 15 652 61 685 174 812 194 842 214 832 381 785 510
img08113.jpg 818 911 814 716 788 496 822 501 823 710 842 924 805 498 826 208 826 160 846 17 653 60 686 174 810 194 842 213 832 380 786 510
img08114.jpg 821 912 817 716 791 496 823 500 821 708 844 924 805 497 826 209 824 159 844 19 651 59 684 176 809 194 841 213 834 378 784 511
img08115.jpg 822 911 818 715 793 495 822 499 820 704 847 922 805 496 825 209 827 161 840 20 649 60 686 178 809 193 840 213 834 379 787 510
img08116.jpg 824 911 821 715 796 495 821 498 818 703 848 922 805 495 824 210 828 160 838 21 649 59 686 177 809 193 840 215 835 379 791 511
img08117.jpg 824 910 821 714 796 494 820 496 818 703 849 920 805 494 823 210 828 159 838 24 649 58 687 176 810 193 841 217 835 379 795 511
img08118.jpg 820 909 817 713 793 492 819 496 818 704 852 918 804 494 821 210 828 160 838 24 648 58 686 177 812 193 842 220 835 380 797 511
img08119.jpg 816 909 814 712 789 492 818 496 818 706 848 920 803 494 821 209 828 159 838 24 649 61 686 176 813 193 844 222 835 382 801 511
img08120.jpg 811 908 809 711 785 490 818 496 818 709 848 917 802 494 821 209 824 157 838 23 649 63 683 174 814 193 845 223 834 383 801 510
img08121.jpg 806 907 805 710 781 489 818 498 818 709 848 917 801 494 821 209 824 159 838 25 647 65 684 173 815 193 846 223 834 384 801 511
img08122.jpg 805 908 803 710 780 490 818 501 818 709 845 918 799 495 821 208 822 159 835 23 646 66 685 172 815 194 846 222 835 384 802 510
img08123.jpg 805 909 804 711 781 491 818 502 818 708 845 919 799 495 822 209 822 159 835 20 644 67 686 172 814 196 845 222 835 386 802 511
img08124.jpg 805 910 804 712 782 491 818 504 818 708 847 919 798 496 822 208 824 159 838 20 643 66 686 172 814 197 845 222 834 385 801 511
img08125.jpg 806 912 806 714 784 493 817 507 817 707 847 921 798 497 823 208 827 160 837 21 640 64 686 173 813 197 845 222 834 385 801 511
img08126.jpg 807 914 807 716 785 495 816 508 817 709 846 921 798 499 823 208 826 160 839 19 641 65 686 173 812 198 846 222 833 387 800 511
img08127.jpg 806 916 806 718 785 497 815 509 818 708 848 920 798 500 824 207 828 161 841 21 639 67 685 171 811 197 846 223 831 386 799 513
img08128.jpg 804 917 805 719 784 498 815 511 817 709 846 919 798 501 824 207 830 160 843 21 639 67 684 170 812 196 847 223 830 384 798 514
img08129.jpg 805 919 806 720 785 499 814 512 817 708 847 919 798 501 825 207 830 161 843 22 635 64 687 171 812 195 847 223 830 383 798 516
img08130.jpg 805 920 806 721 786 500 814 513 817 708 847 919 799 502 825 207 830 161 847 21 635 64 687 171 813 194 847 223 830 383 798 516
img08131.jpg 806 922 807 722 787 501 814 512 817 707 847 920 800 502 826 207 831 160 847 23 634 62 686 173 813 193 847 223 831 383 798 514
img08132.jpg 807 923 808 723 788 502 815 511 815 706 848 921 801 501 826 207 831 158 848 23 636 59 686 175 813 193 848 223 831 386 798 511
img08133.jpg 809 924 811 724 792 502 815 508 815 704 849 921 802 500 827 206 832 161 845 27 635 60 685 174 812 193 848 223 832 387 799 511
img08134.jpg 810 924 813 724 793 503 815 506 815 704 848 920 803 500 828 206 831 160 845 27 635 60 682 173 811 193 848 222 831 389 798 512
img08135.jpg 811 924 814 724 795 502 816 504 815 703 848 919 803 499 829 204 831 161 841 28 635 61 682 171 809 194 847 221 831 387 798 513
img08136.jpg 811 923 814 723 795 501 817 504 817 704 846 919 804 498 829 204 830 160 839 28 638 61 681 170 809 194 847 220 833 386 797 515
img08137.jpg 811 923 814 722 795 500 818 504 819 705 845 920 803 498 828 203 828 162 838 27 637 63 680 169 809 194 846 220 835 384 795 516
img08138.jpg 809 921 812 720 794 499 820 504 820 705 843 919 802 497 827 203 826 160 839 26 639 62 679 170 809 193 846 219 836 384 797 515
img08139.jpg 806 920 810 719 792 498 821 506 820 707 843 920 802 497 827 203 827 160 839 26 640 62 679 170 810 194 846 219 836 383 797 514
img08140.jpg 803 920 807 719 789 497 821 507 820 709 843 918 801 498 826 203 826 159 843 25 640 64 679 175 811 193 847 218 839 381 797 512
img08141.jpg 800 920 804 719 787 497 821 508 819 711 845 915 801 499 825 203 828 159 845 23 640 68 679 178 811 194 848 217 838 379 799 512
img08142.jpg 796 920 800 718 783 496 822 509 818 711 847 914 801 498 824 204 831 158 844 23 640 68 682 184 812 195 849 216 837 378 801 514
img08143.jpg 792 921 797 719 780 497 821 510 817 711 847 915 802 499 823 204 830 158 843 22 639 74 685 190 812 196 850 215 837 377 801 513
img08144.jpg 789 922 794 719 778 497 821 510 819 713 848 914 802 499 823 203 832 159 841 19 640 81 686 197 813 196 851 215 838 379 802 512
img08145.jpg 787 922 793 720 777 498 820 510 820 714 849 914 802 498 822 204 833 159 839 17 642 88 688 201 813 197 851 215 836 381 804 514
img08146.jpg 785 922 791 719 776 497 819 509 822 713 849 915 802 497 823 205 832 161 839 18 643 99 692 209 814 197 851 215 839 382 803 515
img08147.jpg 784 923 791 720 775 497 818 508 823 714 846 918 801 497 825 206 830 160 836 16 643 115 695 216 815 198 851 217 840 383 803 514
img08148.jpg 783 923 790 719 775 497 816 507 824 715 850 914 799 497 827 206 833 162 834 12 644 130 698 223 817 199 851 219 840 381 801 515
img08149.jpg 784 922 791 719 776 496 814 505 824 715 847 914 799 496 829 208 834 162 831 12 644 146 701 233 819 201 851 219 841 378 801 519
img08150.jpg 783 922 791 718 776 496 813 505 825 714 845 913 799 496 832 209 832 161 829 11 643 161 706 244 820 204 853 221 842 376 799 519
img08151.jpg 783 922 791 718 777 496 812 504 824 714 844 914 798 496 835 210 834 161 824 11 641 174 711 255 820 206 854 221 841 377 798 518
img08152.jpg 784 923 792 719 778 497 813 505 824 715 844 911 799 497 837 211 837 162 824 11 641 189 715 266 819 208 855 221 841 378 795 519
img08153.jpg 786 923 794 719 780 496 813 503 823 714 843 915 801 496 839 213 836 162 823 15 639 203 719 276 818 209 857 220 843 379 796 520
img08154.jpg 786 923 794 718 781 496 815 501 821 713 845 918 803 496 841 213 835 163 821 16 637 217 724 284 816 210 859 221 845 381 795 519
img08155.jpg 785 922 794 717 781 495 817 499 819 713 846 921 803 495 842 214 836 164 819 18 638 233 727 290 815 211 861 221 846 382 795 519
img08156.jpg 784 922 793 717 781 494 818 498 819 711 846 922 803 494 841 213 836 164 819 17 639 248 727 293 815 211 863 222 850 381 795 517
img08157.jpg 782 921 792 716 779 493 819 496 818 708 846 921 804 492 841 212 835 162 818 16 636 263 730 294 815 211 865 222 852 382 798 518
img08158.jpg 779 921 789 716 777 493 819 497 818 708 845 923 803 491 840 212 835 160 818 16 630 274 730 298 815 210 867 222 852 385 798 516
img08159.jpg 777 921 787 716 775 493 818 499 818 708 845 922 803 491 840 211 834 159 818 18 627 286 727 300 814 209 869 222 851 386 798 517
img08160.jpg 775 922 786 717 775 494 818 501 817 707 844 921 804 491 840 210 834 161 817 18 620 295 727 301 814 208 870 222 851 388 801 514
img08161.jpg 774 923 785 717 774 494 818 500 817 708 844 919 806 491 841 210 834 162 814 18 616 303 726 303 813 207 871 221 851 390 804 514
img08162.jpg 774 923 785 717 774 494 819 501 818 710 845 919 807 492 841 211 835 163 811 18 613 308 724 304 811 207 873 221 852 388 805 512
img08163.jpg 774 923 786 717 775 494 820 501 820 714 847 917 808 493 841 211 837 164 810 18 610 315 720 304 809 208 874 221 853 384 810 514
img08164.jpg 774 923 786 717 776 494 821 500 820 713 847 917 810 495 841 211 837 165 810 14 606 318 720 305 807 209 875 221 857 385 814 515
img08165.jpg 775 924 787 717 777 494 823 500 824 713 847 919 811 496 841 212 840 164 810 14 604 324 714 307 804 211 876 221 860 384 817 520
img08166.jpg 775 925 788 718 778 495 824 500 825 714 851 918 811 498 841 212 841 164 811 15 597 325 712 309 802 212 877 220 861 381 821 523
img08167.jpg 775 926 788 719 779 496 826 500 822 713 852 920 812 499 842 212 839 164 812 15 592 328 707 312 799 212 877 218 862 381 826 525
img08168.jpg 775 927 789 720 780 496 827 500 823 712 849 919 813 500 842 213 836 163 813 15 593 331 708 311 798 212 877 217 865 380 826 525
img08169.jpg 776 928 789 721 781 497 829 500 826 715 849 920 814 500 842 212 836 163 809 17 591 334 704 311 798 211 877 217 866 378 829 523
img08170.jpg 776 929 790 721 781 497 830 500 824 716 850 916 814 500 841 212 834 163 807 19 588 336 706 307 798 210 876 216 866 379 830 523
img08171.jpg 776 928 790 720 782 496 831 499 825 715 848 917 815 499 840 211 832 161 809 18 590 338 704 305 798 209 875 217 867 380 832 523
img08172.jpg 776 929 791 720 783 497 832 499 829 716 848 917 816 499 839 211 832 162 806 19 592 340 705 304 799 207 876 218 867 382 832 525
img08173.jpg 776 929 791 720 784 497 832 499 827 717 849 917 816 499 837 210 833 162 804 20 591 340 704 304 800 207 876 219 865 385 833 527
img08174.jpg 776 930 792 721 785 498 832 500 826 715 849 915 816 500 835 209 833 162 804 20 588 340 706 302 800 207 876 220 865 385 833 528
img08175.jpg 777 931 793 722 786 498 832 501 829 714 848 918 816 501 835 209 832 160 804 20 590 341 705 306 800 208 876 220 864 383 832 526
img08176.jpg 777 932 793 723 787 499 831 503 828 714 847 915 815 503 835 209 831 160 799 23 586 345 704 307 799 208 876 220 866 383 831 527
img08177.jpg 777 932 794 722 787 499 830 504 829 716 849 914 814 504 836 209 829 161 797 23 583 345 702 307 797 208 874 220 868 384 833 525
img08178.jpg 778 932 795 722 789 499 829 504 834 715 850 918 814 504 837 210 827 161 795 22 583 347 698 309 796 208 872 219 869 383 831 525
img08179.jpg 779 931 796 721 790 497 829 504 836 716 852 919 814 502 837 211 826 162 793 21 583 349 698 310 794 208 869 219 868 385 829 526
img08180.jpg 779 931 796 721 791 497 829 503 836 716 852 917 815 501 837 211 825 162 789 18 583 349 701 307 794 208 865 218 871 385 829 523
img08181.jpg 779 930 797 720 792 496 830 502 836 716 852 920 816 499 836 212 826 163 786 14 585 347 704 307 793 208 863 218 868 386 829 522
img08182.jpg 780 930 798 720 794 496 831 502 834 714 851 920 818 497 834 212 824 163 782 15 588 349 706 307 794 209 862 218 867 382 827 520
img08183.jpg 780 929 799 718 795 494 832 501 833 713 849 917 818 496 832 212 823 160 778 14 586 349 709 306 795 210 861 218 865 385 830 518
img08184.jpg 781 927 800 717 796 492 834 501 833 712 849 914 819 494 831 213 823 158 775 14 586 347 711 309 796 212 860 218 865 382 830 517
img08185.jpg 784 925 804 714 800 490 836 500 836 711 849 919 821 491 830 213 820 159 774 16 586 347 709 311 796 213 858 217 862 383 829 519
img08186.jpg 789 922 808 711 805 487 838 498 837 709 849 916 823 488 829 213 817 160 772 15 588 351 710 312 798 215 855 217 859 383 827 519
img08187.jpg 795 919 815 708 812 484 841 495 837 711 849 914 828 485 829 213 817 159 772 14 586 351 711 313 801 215 852 216 856 383 823 518
img08188.jpg 804 917 825 706 822 481 844 492 835 711 848 912 835 481 830 212 815 161 770 15 589 352 712 313 803 214 849 216 851 381 819 517
img08189.jpg 815 916 836 704 833 480 848 490 836 709 846 914 842 478 830 210 813 160 768 17 589 352 713 313 807 211 846 216 849 381 817 514
img08190.jpg 825 915 846 703 844 478 851 488 834 710 847 912 849 477 829 210 814 160 765 17 589 352 713 313 811 208 843 215 847 378 814 515
img08191.jpg 835 914 856 702 854 478 854 486 837 711 847 914 854 476 830 209 814 160 765 18 591 349 715 314 815 204 841 214 843 376 811 514
img08192.jpg 842 914 864 702 862 477 855 485 838 708 848 917 860 475 830 209 811 161 762 18 596 346 718 313 819 201 838 214 841 376 808 512
img08193.jpg 848 914 871 701 869 477 857 484 839 704 849 920 866 474 829 209 813 162 758 21 597 347 721 313 822 198 836 213 839 377 806 512
img08194.jpg 854 914 877 701 876 476 857 484 839 704 850 921 871 473 829 208 812 164 758 21 602 347 727 313 826 196 833 211 836 378 802 514
img08195.jpg 860 914 883 701 882 476 858 483 842 702 849 924 876 472 830 207 815 167 758 25 606 348 734 314 831 196 831 209 832 379 798 510
img08196.jpg 867 912 890 698 890 474 858 482 839 701 849 924 881 470 830 205 815 166 757 30 612 349 738 317 836 196 828 207 832 376 798 511
img08197.jpg 874 911 897 696 897 471 858 481 838 701 849 927 884 468 830 204 818 167 759 33 619 351 746 319 842 197 824 206 828 375 794 512
img08198.jpg 882 912 902 693 903 468 857 479 838 705 848 929 885 465 832 203 817 163 763 30 630 351 754 320 848 196 820 204 824 371 790 514
img08199.jpg 889 913 906 690 907 465 855 477 838 707 849 931 886 463 833 201 822 165 767 32 632 328 771 326 854 195 816 203 822 368 788 511
img08200.jpg 897 914 910 686 911 462 853 475 839 706 849 928 885 461 835 199 822 161 771 31 638 316 795 330 860 194 813 201 819 369 784 512
img08201.jpg 902 917 910 684 913 459 852 474 840 709 851 927 885 461 837 198 827 159 775 29 650 318 822 333 865 193 809 200 813 371 779 511
img08202.jpg 904 918 908 682 915 458 851 473 840 707 850 928 886 461 841 197 830 157 782 31 659 317 849 337 871 193 807 198 810 368 775 510
img08203.jpg 907 919 909 684 918 457 851 473 840 707 847 925 888 461 845 195 836 159 793 38 672 326 878 343 879 194 804 195 806 367 773 505
img08204.jpg 907 919 907 684 921 456 851 474 837 704 847 923 890 462 850 195 840 155 800 41 703 363 896 345 889 196 802 193 800 363 770 507
img08205.jpg 905 918 905 688 925 457 850 476 836 708 846 925 892 464 857 197 845 155 812 45 737 391 912 350 900 200 799 191 796 355 766 505
img08206.jpg 907 918 907 691 928 459 849 478 834 708 844 924 893 465 864 198 850 156 824 47 769 410 924 356 913 205 798 189 790 352 764 502
img08207.jpg 907 918 907 693 930 461 847 481 832 706 841 924 893 466 871 201 858 159 832 50 808 431 938 364 927 211 796 187 785 353 762 499
img08208.jpg 905 915 908 691 932 465 845 484 828 705 841 925 891 468 878 204 865 158 838 48 846 446 951 372 941 218 796 186 781 351 758 501
img08209.jpg 909 910 909 694 933 468 843 484 822 701 839 927 890 470 884 208 872 162 849 49 883 454 962 380 953 224 796 185 779 352 756 498
img08210.jpg 909 907 910 690 933 472 841 485 816 697 836 927 889 473 890 211 880 164 863 48 919 463 973 384 964 228 797 184 776 354 753 498
img08211.jpg 908 904 912 689 935 475 840 484 809 693 836 927 888 475 895 214 889 167 879 51 951 469 984 389 973 231 799 184 776 355 750 494
img08212.jpg 909 901 916 688 936 478 839 483 803 691 833 924 888 477 899 216 896 166 896 50 979 473 993 389 981 233 800 184 777 353 747 492
img08213.jpg 909 904 919 689 936 480 838 480 800 686 833 924 888 477 904 218 902 168 916 49 1004 475 1001 386 988 234 803 185 777 350 747 485
img08214.jpg 907 906 923 688 935 482 838 480 798 685 831 922 887 478 907 218 910 169 933 47 1025 476 1009 381 994 235 805 186 778 351 745 483
img08215.jpg 908 906 928 688 934 483 838 478 799 678 829 919 885 476 910 218 918 170 944 44 1040 473 1017 378 999 235 808 187 779 351 746 477
img08216.jpg 910 907 929 686 933 483 839 476 804 673 824 917 885 475 911 218 923 171 956 43 1054 471 1022 373 1004 234 811 189 778 350 748 475
img08217.jpg 910 911 926 686 932 482 841 474 808 670 821 914 884 474 912 218 926 174 970 42 1065 471 1026 369 1007 233 813 190 778 349 752 471
img08218.jpg 912 910 925 687 931 481 844 473 812 670 819 913 885 473 912 217 929 175 979 45 1072 474 1025 367 1008 231 816 191 776 351 756 471
img08219.jpg 912 911 922 687 930 478 846 471 825 670 815 910 885 473 911 216 929 172 989 49 1076 476 1022 369 1006 230 818 193 775 349 762 469
img08220.jpg 913 910 916 687 929 477 847 470 833 671 816 907 884 473 910 215 930 175 999 52 1076 478 1013 368 1003 228 820 194 776 348 770 471
img08221.jpg 911 908 911 688 926 476 846 469 841 669 821 901 883 472 910 213 928 174 1007 54 1071 479 1001 366 998 227 824 196 781 346 775 469
img08222.jpg 910 903 910 688 922 475 846 468 850 669 830 896 881 470 910 212 929 173 1011 58 1064 479 986 367 992 226 828 198 785 347 778 469
img08223.jpg 915 899 908 687 918 474 845 465 859 668 842 888 879 468 911 210 930 173 1018 59 1054 474 973 367 986 225 833 199 790 347 780 468
img08224.jpg 921 897 910 687 914 475 845 464 865 667 861 882 877 466 913 209 932 176 1022 60 1041 471 958 365 979 224 840 200 795 349 783 466
img08225.jpg 926 897 913 687 909 476 846 463 871 668 876 878 875 465 914 208 932 175 1025 63 1028 469 945 364 972 223 846 201 798 350 785 464
img08226.jpg 933 893 914 684 905 478 848 463 876 671 886 878 874 466 914 209 933 176 1025 65 1016 468 930 363 964 223 853 202 802 350 791 467
img08227.jpg 942 893 918 684 902 479 850 466 880 671 888 880 873 467 914 211 933 179 1027 65 1003 467 918 361 956 223 860 203 806 350 800 469
img08228.jpg 960 892 926 685 899 481 852 470 884 672 890 882 872 470 912 213 935 182 1026 68 992 473 906 359 949 223 868 205 810 351 810 472
img08229.jpg 982 886 935 682 896 482 854 474 884 672 884 884 872 472 909 215 931 183 1023 70 979 477 896 356 941 223 874 206 814 351 819 474
img08230.jpg 1010 877 948 677 893 483 855 478 884 671 880 885 873 474 906 217 928 182 1020 69 966 482 890 356 935 223 879 207 817 352 828 476
img08231.jpg 1036 874 961 678 891 482 856 480 887 672 880 887 873 476 904 218 929 182 1017 68 951 484 887 354 929 223 884 208 819 352 838 478
img08232.jpg 1068 861 976 672 889 481 858 479 891 672 881 889 874 475 902 219 924 177 1015 67 937 490 884 353 923 222 887 209 822 353 848 479
img08233.jpg 1088 850 986 665 887 481 861 479 891 672 871 890 875 475 902 219 920 173 1015 66 923 493 884 352 918 221 890 209 825 353 860 480
img08234.jpg 1114 835 999 658 886 480 866 478 888 668 855 884 876 474 902 217 921 172 1015 65 911 495 882 352 914 219 894 210 829 354 873 480
img08235.jpg 1135 821 1010 650 887 478 873 476 889 667 844 883 877 472 903 216 922 173 1014 65 902 496 879 354 910 217 897 209 832 353 882 476
img08236.jpg 1163 802 1027 640 889 476 878 474 885 663 824 877 880 471 904 215 921 174 1014 68 895 498 879 356 908 215 899 208 835 354 890 475
img08237.jpg 1185 788 1040 633 893 475 884 474 883 662 808 874 884 471 906 214 925 174 1014 69 889 495 877 358 908 214 902 208 836 352 893 471
img08238.jpg 1206 768 1053 621 898 473 888 473 885 660 802 871 889 471 907 213 927 175 1014 71 885 495 872 359 908 215 905 207 837 351 894 469
img08239.jpg 1219 759 1062 615 905 471 891 471 890 661 804 872 895 472 908 212 928 174 1015 71 886 495 873 360 908 215 907 206 837 350 895 467
img08240.jpg 1234 750 1073 610 912 472 894 471 893 660 801 871 900 473 910 211 931 173 1020 72 884 496 871 357 909 216 910 205 838 350 896 468
img08241.jpg 1242 744 1079 605 919 471 900 469 901 659 807 871 905 475 913 209 933 173 1024 71 887 496 871 357 910 216 912 205 839 350 899 468
img08242.jpg 1249 739 1085 602 924 471 906 468 910 658 813 870 910 474 916 208 934 176 1027 71 891 498 876 356 912 217 915 205 841 351 906 471
img08243.jpg 1254 742 1090 603 930 471 913 467 918 657 817 869 914 473 920 208 940 178 1031 72 896 497 880 353 915 217 918 206 841 351 908 469
img08244.jpg 1258 743 1095 603 935 472 923 466 929 657 822 868 919 472 925 209 946 179 1033 73 899 500 884 354 920 217 921 207 850 354 908 475
img08245.jpg 1258 747 1098 604 942 471 933 466 939 657 828 868 925 471 929 211 948 179 1036 75 907 500 891 355 924 218 924 209 861 359 912 482
img08246.jpg 1262 753 1104 607 949 471 941 467 949 659 833 869 932 471 934 214 952 180 1038 76 914 503 898 358 930 219 927 211 871 363 914 487
img08247.jpg 1266 760 1111 610 958 471 950 469 959 661 839 870 941 472 939 217 958 180 1044 75 920 505 904 360 936 221 931 214 883 368 916 495
img08248.jpg 1270 767 1119 614 968 472 960 471 969 663 844 872 951 475 945 220 962 182 1050 75 930 510 914 365 944 223 936 218 899 376 923 506
img08249.jpg 1272 776 1125 620 976 474 969 474 979 667 850 875 962 480 951 224 966 183 1057 77 941 509 925 368 952 225 942 222 907 381 931 510
img08250.jpg 1274 787 1129 626 983 477 978 477 989 671 855 877 972 485 959 227 973 186 1063 77 954 513 935 373 961 228 949 225 915 385 939 513
img08251.jpg 1274 798 1133 635 989 482 987 481 1000 675 861 880 983 491 968 230 982 188 1074 78 967 516 948 377 971 232 959 229 924 389 947 516
img08252.jpg 1274 811 1137 644 995 488 998 485 1011 679 868 884 993 497 979 233 993 192 1081 82 983 519 961 380 983 235 969 233 934 393 956 519
img08253.jpg 1276 824 1142 654 1002 495 1006 491 1020 685 872 888 1003 502 991 236 1006 196 1090 83 997 524 975 384 996 239 981 236 944 395 962 521
img08254.jpg 1279 838 1150 664 1012 502 1012 496 1028 691 877 887 1012 506 1005 239 1019 198 1101 82 1013 531 990 389 1010 242 994 238 953 397 967 522
img08255.jpg 1283 849 1158 673 1024 508 1019 501 1036 696 880 886 1023 510 1019 242 1035 202 1118 93 1028 536 1007 391 1027 246 1008 240 962 398 972 523
img08256.jpg 1285 862 1166 681 1039 513 1026 505 1043 700 883 884 1033 511 1035 244 1052 203 1133 98 1048 539 1024 391 1046 249 1021 242 971 399 976 523
img08257.jpg 1290 873 1177 688 1054 516 1031 506 1049 702 888 879 1044 510 1053 246 1069 207 1151 97 1069 543 1045 395 1067 252 1036 243 980 398 980 521
img08258.jpg 1296 883 1189 695 1070 518 1038 507 1058 703 893 873 1055 509 1072 246 1089 206 1170 99 1095 544 1065 399 1090 255 1050 244 990 398 985 520
img08259.jpg 1301 890 1200 697 1088 517 1049 506 1069 703 897 871 1067 506 1092 246 1110 208 1192 105 1120 544 1087 401 1115 258 1066 244 1002 397 994 518
img08260.jpg 1306 899 1212 702 1104 514 1060 504 1082 701 905 867 1079 502 1113 246 1134 210 1215 101 1146 544 1110 404 1140 259 1082 243 1016 395 1005 515
img08261.jpg 1318 902 1228 703 1121 511 1073 500 1096 698 914 864 1092 498 1133 244 1155 211 1243 99 1170 544 1134 405 1165 259 1099 240 1030 391 1016 510
img08262.jpg 1327 906 1242 705 1137 507 1087 497 1111 695 924 858 1106 496 1152 242 1175 210 1269 101 1197 543 1158 405 1188 257 1116 236 1045 387 1030 505
img08263.jpg 1329 910 1251 706 1152 503 1102 493 1126 691 937 852 1121 493 1170 240 1195 210 1291 102 1219 539 1180 401 1211 256 1132 232 1060 382 1043 499
img08264.jpg 1328 915 1259 708 1166 500 1115 488 1140 687 953 848 1136 490 1186 238 1211 208 1316 101 1244 534 1200 397 1231 254 1147 227 1074 377 1055 493
img08265.jpg 1327 918 1266 708 1180 499 1127 484 1154 683 971 845 1151 488 1201 235 1226 204 1333 98 1269 528 1220 394 1249 253 1158 223 1086 374 1066 488
img08266.jpg 1323 919 1270 706 1193 496 1138 481 1166 680 991 844 1165 486 1214 232 1240 201 1346 98 1291 525 1237 391 1266 251 1168 220 1096 371 1076 484
img08267.jpg 1312 918 1271 703 1206 494 1148 477 1177 677 1011 849 1178 483 1227 230 1252 199 1358 99 1310 521 1252 388 1283 250 1176 217 1105 369 1086 482
img08268.jpg 1304 913 1272 696 1218 492 1158 474 1188 674 1034 855 1190 481 1238 228 1260 196 1369 99 1330 517 1269 387 1298 248 1182 215 1113 368 1094 480
img08269.jpg 1295 909 1273 691 1229 489 1166 472 1197 673 1056 862 1200 479 1248 226 1271 195 1371 94 1347 518 1286 387 1312 246 1187 213 1120 368 1102 478
img08270.jpg 1284 902 1274 684 1240 486 1174 471 1206 672 1077 868 1210 478 1256 225 1277 193 1374 92 1362 516 1301 388 1325 244 1191 212 1125 364 1108 477
img08271.jpg 1268 901 1271 681 1250 485 1183 471 1216 672 1100 875 1219 477 1264 225 1280 193 1375 91 1379 515 1317 389 1337 243 1193 211 1132 363 1116 475
img08272.jpg 1261 898 1273 678 1258 484 1190 471 1224 672 1122 881 1227 476 1270 225 1285 191 1375 89 1394 510 1332 390 1348 242 1195 211 1138 360 1122 472
img08273.jpg 1259 900 1276 680 1266 483 1196 472 1231 674 1143 888 1235 476 1276 225 1292 192 1373 86 1407 509 1345 391 1359 242 1196 211 1143 360 1127 472
img08274.jpg 1261 902 1281 682 1273 484 1203 472 1239 674 1165 892 1242 475 1281 225 1297 192 1375 89 1419 504 1360 392 1367 242 1198 211 1147 357 1131 473
img08275.jpg 1263 903 1286 683 1280 484 1210 473 1247 675 1187 896 1248 474 1287 226 1302 195 1374 88 1428 503 1371 390 1375 242 1199 212 1154 359 1138 472
img08276.jpg 1269 905 1293 685 1287 485 1217 474 1255 677 1209 900 1255 475 1292 226 1306 197 1369 87 1436 501 1382 390 1381 241 1201 214 1157 359 1141 476
img08277.jpg 1273 906 1299 686 1294 486 1224 475 1260 678 1224 902 1263 475 1296 227 1309 197 1365 88 1443 502 1393 390 1386 240 1202 216 1162 362 1146 480
img08278.jpg 1275 905 1304 686 1301 487 1231 477 1268 677 1248 901 1270 475 1299 228 1308 198 1361 89 1448 501 1401 389 1389 239 1203 219 1167 363 1151 485
img08279.jpg 1279 905 1310 685 1308 489 1237 479 1273 676 1264 900 1276 477 1300 230 1307 197 1354 88 1450 500 1404 385 1391 237 1203 222 1172 366 1157 488
img08280.jpg 1283 908 1318 688 1315 490 1242 482 1278 678 1276 895 1283 478 1299 230 1306 197 1343 88 1455 500 1409 384 1392 236 1202 225 1174 369 1162 494
img08281.jpg 1287 909 1325 686 1322 491 1246 485 1279 679 1280 894 1289 479 1297 230 1303 195 1334 86 1459 499 1412 384 1392 235 1201 227 1179 372 1167 499
img08282.jpg 1294 909 1332 688 1328 491 1250 487 1281 678 1290 894 1294 480 1295 231 1303 195 1322 84 1458 498 1414 381 1393 233 1200 229 1180 375 1171 504
img08283.jpg 1300 904 1337 687 1335 490 1254 487 1278 681 1287 892 1298 479 1295 230 1303 196 1306 83 1457 495 1413 375 1393 233 1200 230 1183 378 1177 507
img08284.jpg 1306 901 1343 685 1340 488 1260 486 1278 682 1284 891 1303 478 1294 230 1300 197 1291 84 1456 494 1415 375 1394 233 1200 231 1187 381 1180 513
img08285.jpg 1314 897 1345 685 1345 485 1265 483 1276 679 1282 894 1307 475 1295 230 1298 195 1277 86 1451 492 1417 373 1395 232 1202 232 1192 383 1182 516
img08286.jpg 1324 888 1348 685 1349 481 1271 480 1275 676 1284 891 1311 472 1296 230 1296 196 1263 91 1444 491 1419 371 1397 232 1205 233 1197 384 1188 516
img08287.jpg 1334 888 1349 681 1353 476 1276 476 1276 675 1282 891 1315 469 1298 229 1294 196 1249 95 1441 489 1422 372 1397 232 1208 235 1202 382 1193 516
img08288.jpg 1344 889 1347 679 1357 473 1279 473 1277 673 1283 895 1319 466 1299 229 1293 195 1238 101 1436 491 1426 375 1396 231 1213 235 1207 378 1195 515
img08289.jpg 1356 885 1343 678 1361 471 1283 472 1277 672 1286 897 1323 463 1301 228 1292 194 1228 106 1432 490 1429 374 1394 230 1218 236 1213 380 1197 514
img08290.jpg 1368 885 1343 677 1366 470 1287 472 1276 674 1288 900 1328 462 1304 228 1291 194 1217 109 1429 481 1432 371 1391 229 1224 236 1218 381 1202 515
img08291.jpg 1377 885 1339 675 1371 469 1291 473 1281 675 1287 904 1334 461 1306 227 1293 195 1206 109 1424 465 1429 362 1385 228 1232 235 1225 381 1206 517
img08292.jpg 1382 880 1339 675 1375 469 1295 476 1283 678 1286 902 1339 461 1308 227 1292 196 1199 109 1419 452 1426 355 1378 227 1241 233 1236 380 1208 517
img08293.jpg 1386 876 1339 673 1379 469 1301 478 1286 679 1286 901 1345 461 1310 227 1293 198 1189 110 1417 441 1424 351 1369 227 1250 232 1246 382 1214 520
img08294.jpg 1385 878 1341 671 1382 468 1307 480 1291 680 1285 900 1350 461 1310 229 1291 201 1182 111 1416 432 1421 348 1359 228 1259 232 1257 380 1222 521
img08295.jpg 1385 874 1344 673 1385 467 1315 481 1297 683 1285 899 1355 463 1310 231 1288 205 1178 114 1413 432 1413 346 1347 229 1269 233 1269 381 1228 519
img08296.jpg 1386 873 1348 677 1387 467 1324 481 1300 687 1288 898 1360 465 1309 234 1284 209 1174 121 1408 440 1406 351 1336 231 1278 234 1278 383 1234 519
img08297.jpg 1386 872 1351 682 1390 468 1333 481 1304 689 1291 897 1365 467 1309 237 1282 215 1168 130 1399 448 1396 356 1326 234 1287 237 1288 389 1244 521
img08298.jpg 1386 874 1354 685 1392 470 1343 480 1310 691 1294 896 1371 468 1309 240 1281 217 1167 138 1386 456 1384 361 1319 237 1294 240 1300 391 1253 520
img08299.jpg 1387 873 1355 686 1395 472 1353 480 1314 693 1298 895 1378 470 1309 243 1283 221 1162 148 1369 464 1371 366 1314 240 1301 242 1308 395 1263 522
img08300.jpg 1386 876 1356 682 1400 474 1362 480 1319 691 1304 892 1386 471 1309 247 1285 226 1156 154 1354 472 1361 372 1311 244 1307 245 1316 399 1275 524
img08301.jpg 1384 876 1358 678 1405 475 1372 481 1325 686 1313 886 1394 470 1309 252 1286 231 1153 163 1340 481 1351 378 1309 248 1312 249 1322 403 1285 526
img08302.jpg 1385 876 1360 673 1412 475 1383 480 1330 681 1323 885 1403 470 1308 258 1284 234 1152 170 1328 489 1341 383 1307 253 1317 253 1327 405 1293 528
img08303.jpg 1386 873 1365 672 1417 476 1394 480 1335 677 1335 882 1412 470 1307 263 1281 240 1151 176 1314 497 1331 389 1303 259 1322 258 1329 411 1299 532
img08304.jpg 1389 869 1369 673 1421 476 1406 479 1341 677 1347 881 1421 470 1305 270 1276 247 1149 185 1299 507 1320 396 1298 266 1326 263 1332 416 1303 537
img08305.jpg 1389 868 1372 673 1424 476 1418 477 1348 677 1359 883 1428 471 1303 277 1274 255 1148 196 1286 516 1310 404 1292 273 1328 269 1335 421 1307 542
img08306.jpg 1385 871 1372 673 1423 476 1430 475 1356 680 1367 886 1434 471 1301 284 1273 261 1145 207 1272 523 1301 411 1286 282 1330 275 1340 426 1308 549
img08307.jpg 1381 875 1370 673 1421 476 1440 474 1364 684 1375 890 1439 472 1298 291 1273 269 1141 222 1263 531 1294 420 1280 292 1331 283 1343 433 1311 558
img08308.jpg 1379 874 1367 673 1417 476 1449 474 1370 687 1382 894 1442 473 1296 300 1271 280 1135 239 1254 539 1289 431 1277 304 1331 291 1344 439 1312 565
img08309.jpg 1375 874 1364 674 1414 478 1455 475 1375 688 1386 897 1444 475 1296 309 1270 289 1137 251 1250 548 1285 440 1275 315 1329 301 1345 449 1311 574
img08310.jpg 1375 875 1361 678 1410 482 1460 477 1378 690 1389 901 1445 478 1294 321 1268 302 1132 270 1249 557 1283 450 1274 329 1328 312 1343 461 1305 586
img08311.jpg 1376 876 1360 684 1408 488 1464 482 1374 695 1393 907 1446 483 1293 334 1266 318 1128 287 1248 570 1280 462 1274 342 1326 325 1340 477 1303 598
img08312.jpg 1377 876 1359 693 1407 497 1467 490 1369 699 1396 909 1446 492 1293 349 1263 333 1128 306 1240 586 1277 477 1273 356 1324 339 1338 494 1297 613
img08313.jpg 1375 885 1359 704 1407 508 1469 499 1361 704 1397 913 1446 502 1293 365 1262 351 1124 323 1234 602 1276 491 1272 372 1322 355 1336 513 1290 631
img08314.jpg 1373 891 1360 716 1408 521 1471 511 1355 713 1400 915 1445 515 1292 383 1261 369 1116 344 1225 619 1274 508 1271 390 1321 373 1333 533 1285 650
img08315.jpg 1369 896 1362 730 1409 535 1471 526 1346 724 1400 917 1445 530 1292 402 1258 388 1112 364 1215 638 1271 530 1268 409 1320 393 1329 551 1279 672
img08316.jpg 1366 898 1362 746 1409 550 1470 543 1341 736 1399 916 1444 547 1291 422 1258 409 1113 384 1207 657 1268 552 1266 429 1320 415 1325 572 1274 692
img08317.jpg 1362 903 1362 762 1408 567 1469 562 1337 753 1399 915 1443 564 1291 443 1258 430 1109 403 1201 676 1266 570 1265 450 1321 438 1321 593 1269 713
img08318.jpg 1359 901 1362 780 1407 585 1469 583 1335 772 1398 914 1443 582 1290 463 1258 452 1109 424 1199 695 1263 592 1263 470 1322 461 1319 614 1263 734
img08319.jpg 1357 906 1362 798 1407 603 1468 603 1333 792 1395 915 1443 601 1289 482 1260 473 1112 445 1198 714 1263 610 1262 490 1322 483 1316 634 1255 755
img08320.jpg 1358 903 1362 815 1407 620 1468 624 1331 812 1394 918 1443 619 1288 501 1262 492 1114 463 1196 733 1262 626 1262 509 1322 504 1314 655 1252 773
img08321.jpg 1361 902 1366 831 1410 637 1470 643 1330 829 1393 925 1443 637 1287 518 1262 509 1115 481 1195 750 1262 643 1262 526 1322 523 1312 673 1248 793
img08322.jpg 1362 898 1370 846 1414 651 1470 659 1329 844 1391 935 1444 654 1287 533 1260 526 1113 497 1196 765 1262 658 1261 541 1322 539 1310 690 1243 811
img08323.jpg 1364 899 1374 859 1418 665 1470 674 1327 858 1391 948 1443 670 1287 548 1258 540 1113 511 1194 781 1262 672 1260 556 1322 554 1309 704 1242 825
img08324.jpg 1364 897 1378 870 1421 676 1470 686 1325 869 1390 961 1443 683 1288 561 1255 553 1111 523 1193 792 1262 686 1260 569 1324 566 1310 716 1242 838
img08325.jpg 1361 899 1381 881 1423 686 1470 697 1322 879 1389 973 1442 695 1289 573 1257 564 1113 535 1190 803 1261 698 1259 579 1326 578 1310 728 1238 852
img08326.jpg 1358 901 1381 890 1423 696 1468 708 1319 889 1386 985 1441 705 1289 583 1256 574 1112 544 1185 809 1260 704 1259 589 1327 588 1311 738 1237 860
img08327.jpg 1357 901 1380 898 1422 704 1467 719 1315 898 1384 997 1441 714 1289 593 1257 582 1114 552 1178 813 1259 710 1260 598 1329 598 1312 748 1236 867
img08328.jpg 1355 899 1379 905 1420 711 1465 727 1311 905 1381 1007 1439 722 1289 601 1260 589 1117 559 1175 817 1259 714 1261 605 1330 607 1312 758 1236 874
img08329.jpg 1353 901 1377 912 1418 719 1463 736 1308 913 1378 1017 1438 731 1290 608 1262 595 1120 565 1172 821 1260 718 1262 611 1331 614 1311 767 1234 879
img08330.jpg 1355 901 1376 919 1416 726 1461 743 1304 919 1376 1025 1436 738 1290 613 1261 600 1120 569 1172 824 1262 720 1262 616 1331 620 1312 772 1236 882
img08331.jpg 1356 900 1375 926 1415 733 1460 749 1300 923 1373 1032 1435 745 1291 617 1266 606 1126 575 1174 831 1266 724 1262 620 1331 626 1312 776 1236 887
img08332.jpg 1357 901 1374 933 1414 740 1458 754 1297 927 1371 1038 1434 751 1292 620 1270 611 1130 579 1179 838 1270 727 1262 623 1330 630 1313 782 1239 894
img08333.jpg 1358 903 1374 939 1413 746 1457 759 1294 931 1369 1044 1432 755 1293 623 1273 614 1134 582 1183 843 1271 731 1261 627 1330 634 1314 785 1240 899
img08334.jpg 1359 903 1374 945 1413 752 1455 764 1290 934 1366 1050 1431 759 1295 625 1276 617 1137 585 1183 849 1273 734 1260 630 1330 637 1315 787 1242 902
img08335.jpg 1355 904 1374 950 1412 757 1453 769 1286 937 1363 1056 1430 761 1296 627 1278 620 1141 587 1181 851 1273 737 1260 632 1330 640 1315 791 1243 907
img08336.jpg 1352 905 1374 952 1412 760 1452 772 1283 939 1361 1060 1430 764 1296 629 1278 620 1141 588 1179 854 1274 739 1260 635 1330 641 1316 793 1245 911
img08337.jpg 1350 907 1374 954 1412 762 1451 776 1280 941 1360 1065 1429 766 1297 630 1278 621 1141 589 1178 856 1274 740 1260 637 1328 641 1317 793 1246 912
img08338.jpg 1355 909 1375 955 1412 763 1450 777 1278 941 1358 1067 1429 767 1297 631 1276 622 1140 589 1176 859 1274 741 1261 638 1328 641 1316 793 1246 914
img08339.jpg 1356 910 1375 955 1412 763 1451 776 1277 939 1358 1067 1429 767 1297 631 1274 621 1139 588 1177 862 1272 742 1261 639 1327 641 1316 794 1246 915
img08340.jpg 1357 910 1377 954 1413 762 1452 775 1276 936 1358 1067 1431 767 1296 631 1272 621 1137 588 1180 863 1272 742 1261 640 1327 641 1316 793 1247 915
img08341.jpg 1358 911 1379 953 1414 761 1454 773 1276 932 1359 1066 1433 766 1296 631 1270 622 1137 588 1180 864 1271 741 1262 639 1328 641 1317 792 1248 915
img08342.jpg 1360 910 1380 952 1416 760 1455 770 1275 928 1360 1064 1435 765 1295 630 1267 621 1134 588 1182 862 1270 740 1261 638 1329 641 1317 791 1245 914
img08343.jpg 1354 907 1382 949 1417 758 1457 768 1276 924 1360 1063 1437 764 1294 629 1268 620 1135 586 1182 859 1271 738 1261 636 1330 640 1316 789 1242 912
img08344.jpg 1352 905 1384 946 1418 755 1458 766 1275 920 1361 1062 1439 761 1294 626 1270 617 1138 583 1182 854 1272 736 1261 633 1332 639 1316 787 1242 909
img08345.jpg 1354 903 1384 941 1418 750 1460 762 1275 915 1362 1059 1440 757 1295 622 1270 614 1139 579 1182 851 1272 734 1261 628 1333 636 1316 784 1238 905
img08346.jpg 1354 903 1384 934 1418 743 1461 757 1275 909 1362 1055 1440 751 1296 617 1271 609 1141 574 1181 844 1273 730 1262 622 1333 631 1316 780 1233 898
img08347.jpg 1357 902 1385 925 1418 734 1463 751 1275 901 1363 1050 1440 743 1297 610 1275 602 1145 567 1180 837 1273 726 1264 614 1334 625 1317 772 1229 887
img08348.jpg 1359 900 1384 915 1416 725 1465 743 1275 891 1364 1043 1440 733 1298 602 1275 594 1146 559 1181 826 1275 720 1266 605 1334 617 1320 765 1230 877
img08349.jpg 1360 900 1382 905 1415 715 1467 732 1275 878 1365 1032 1440 723 1299 592 1274 585 1146 550 1183 813 1276 713 1268 595 1335 607 1323 754 1230 863
img08350.jpg 1363 900 1380 895 1412 705 1468 720 1275 864 1365 1021 1442 712 1300 581 1273 573 1145 538 1186 797 1277 704 1270 584 1337 594 1324 742 1230 846
img08351.jpg 1366 898 1379 885 1410 695 1469 706 1275 849 1366 1008 1443 700 1301 568 1277 559 1149 523 1187 781 1278 692 1272 572 1338 581 1327 727 1232 826
img08352.jpg 1363 898 1376 875 1407 684 1471 691 1274 832 1367 995 1444 687 1302 555 1275 544 1148 508 1191 764 1279 679 1274 559 1340 564 1330 711 1233 807
img08353.jpg 1363 899 1374 862 1405 672 1472 676 1274 815 1367 980 1446 673 1304 539 1276 528 1150 492 1193 746 1278 663 1276 544 1342 546 1332 692 1233 785
img08354.jpg 1363 900 1374 847 1405 657 1473 660 1273 798 1367 965 1447 657 1306 522 1278 509 1153 473 1197 726 1280 644 1278 528 1345 526 1334 674 1233 762
img08355.jpg 1361 899 1376 831 1406 641 1474 643 1275 781 1372 950 1447 641 1308 504 1282 491 1158 454 1198 704 1282 625 1280 510 1347 505 1338 653 1233 739
img08356.jpg 1359 897 1379 814 1408 624 1475 626 1280 767 1377 937 1446 625 1311 485 1283 469 1159 433 1201 683 1285 606 1282 491 1349 483 1343 632 1236 715
img08357.jpg 1359 894 1381 796 1410 607 1475 610 1285 756 1383 926 1446 608 1314 465 1289 449 1165 412 1202 660 1289 585 1284 472 1352 460 1347 611 1242 691
img08358.jpg 1360 893 1383 780 1412 590 1474 594 1293 748 1390 920 1445 592 1318 445 1292 427 1170 390 1203 635 1292 563 1287 452 1354 437 1353 589 1247 664
img08359.jpg 1362 892 1385 763 1413 574 1472 578 1302 741 1397 917 1444 577 1322 424 1297 404 1178 364 1205 610 1297 542 1289 432 1356 415 1360 567 1254 641
img08360.jpg 1366 889 1385 748 1413 559 1469 564 1309 735 1398 917 1443 562 1325 404 1301 380 1186 334 1207 585 1301 521 1291 411 1358 393 1366 544 1260 613
img08361.jpg 1370 887 1384 735 1411 546 1466 550 1317 728 1398 916 1442 547 1328 382 1304 358 1193 305 1210 561 1304 501 1293 391 1360 372 1370 521 1264 588
img08362.jpg 1372 886 1383 723 1409 534 1462 536 1325 723 1399 916 1441 534 1330 361 1306 334 1202 270 1211 537 1306 480 1295 370 1362 350 1378 499 1269 559
img08363.jpg 1374 885 1380 712 1406 524 1459 522 1332 717 1397 913 1439 521 1332 342 1309 311 1210 236 1212 512 1309 459 1297 350 1366 329 1383 479 1271 536
img08364.jpg 1374 883 1376 703 1402 515 1456 509 1340 710 1398 912 1437 507 1334 323 1313 290 1217 208 1213 490 1310 439 1299 330 1370 309 1390 457 1273 509
img08365.jpg 1374 888 1372 694 1397 506 1452 498 1347 705 1399 911 1432 495 1337 306 1317 268 1227 180 1216 469 1314 420 1302 314 1375 290 1396 438 1275 486
img08366.jpg 1374 889 1368 686 1393 498 1447 489 1355 700 1402 911 1427 486 1341 291 1321 249 1237 153 1221 451 1318 405 1306 299 1380 274 1402 420 1277 467
img08367.jpg 1376 891 1365 682 1387 492 1441 484 1363 696 1401 910 1420 478 1346 278 1325 232 1247 132 1232 437 1325 392 1309 287 1385 261 1404 405 1278 448
img08368.jpg 1377 887 1364 680 1382 487 1435 481 1371 692 1403 910 1413 474 1351 266 1333 219 1260 113 1242 429 1333 385 1313 278 1390 250 1410 392 1285 429
img08369.jpg 1379 889 1363 681 1377 484 1427 481 1376 691 1401 909 1406 474 1355 256 1337 210 1269 100 1251 421 1340 379 1317 269 1395 241 1415 382 1288 414
img08370.jpg 1380 886 1366 679 1372 483 1420 482 1380 689 1399 906 1401 474 1358 248 1340 202 1278 88 1256 414 1343 377 1321 262 1400 235 1419 377 1291 403
img08371.jpg 1382 881 1369 680 1368 481 1415 483 1382 690 1398 908 1396 475 1361 243 1345 198 1283 83 1259 404 1345 373 1325 257 1404 229 1425 373 1296 393
img08372.jpg 1383 876 1369 678 1366 480 1410 483 1383 688 1399 908 1393 476 1364 240 1350 195 1287 80 1257 392 1343 369 1329 252 1408 226 1429 369 1297 386
img08373.jpg 1383 876 1370 675 1364 478 1406 482 1383 688 1399 908 1390 476 1367 238 1351 192 1292 79 1256 379 1341 364 1333 249 1412 224 1432 367 1296 380
img08374.jpg 1385 874 1372 672 1362 476 1405 480 1385 688 1400 909 1388 474 1369 238 1352 189 1298 77 1257 371 1340 362 1336 247 1416 222 1433 365 1295 375
img08375.jpg 1386 875 1370 672 1360 474 1404 479 1386 688 1402 910 1386 474 1372 238 1354 191 1300 80 1260 368 1341 362 1338 245 1419 222 1433 365 1297 371
img08376.jpg 1388 877 1368 674 1359 474 1404 479 1388 686 1400 908 1385 473 1374 238 1356 191 1305 77 1263 366 1343 359 1339 244 1422 222 1432 362 1295 369
img08377.jpg 1386 883 1370 677 1359 472 1404 478 1389 686 1402 909 1384 471 1376 239 1357 191 1306 77 1265 368 1345 359 1340 243 1424 222 1434 363 1297 366
img08378.jpg 1384 884 1371 678 1360 473 1405 478 1390 688 1400 910 1384 470 1377 239 1359 190 1308 75 1263 369 1343 361 1340 243 1425 221 1432 364 1295 364
img08379.jpg 1383 887 1373 678 1360 474 1405 478 1392 687 1399 910 1384 470 1378 238 1361 188 1307 73 1264 372 1345 360 1339 242 1426 219 1431 366 1297 363
img08380.jpg 1381 889 1375 679 1360 474 1405 479 1394 688 1400 911 1385 469 1379 239 1362 188 1308 70 1262 372 1343 357 1339 243 1426 217 1429 367 1295 363
img08381.jpg 1378 892 1378 678 1360 475 1404 478 1394 690 1404 912 1385 468 1379 238 1363 186 1306 72 1262 372 1344 356 1338 243 1426 216 1429 369 1293 362
img08382.jpg 1379 893 1379 676 1359 477 1404 479 1395 692 1401 912 1386 469 1379 238 1363 184 1305 70 1261 373 1343 357 1338 243 1425 215 1427 369 1289 363
img08383.jpg 1380 895 1380 677 1357 478 1403 480 1392 690 1402 911 1387 468 1378 239 1360 186 1299 71 1265 376 1347 356 1338 244 1424 216 1428 369 1290 366
img08384.jpg 1381 890 1378 678 1356 480 1404 480 1391 687 1403 909 1387 467 1377 240 1358 189 1297 73 1262 378 1345 359 1338 244 1423 218 1426 369 1288 369
img08385.jpg 1383 886 1380 677 1355 481 1403 481 1389 687 1402 906 1387 467 1375 242 1357 188 1293 76 1264 380 1347 359 1337 244 1420 220 1428 369 1286 369
img08386.jpg 1382 889 1379 677 1355 482 1404 482 1386 684 1402 905 1388 466 1373 243 1356 186 1291 76 1263 381 1346 359 1336 244 1418 221 1428 369 1285 369
img08387.jpg 1384 888 1377 677 1355 481 1404 481 1384 683 1403 904 1388 464 1369 244 1354 189 1290 79 1265 383 1348 358 1334 245 1416 222 1429 368 1286 372
img08388.jpg 1382 888 1376 675 1357 481 1406 481 1385 685 1405 904 1389 462 1366 246 1356 190 1288 81 1264 388 1346 362 1332 246 1414 222 1427 368 1285 372
img08389.jpg 1384 891 1374 674 1358 480 1408 480 1384 687 1403 907 1390 462 1364 246 1354 189 1287 82 1266 391 1348 360 1329 246 1412 221 1426 367 1280 374
img08390.jpg 1386 889 1373 671 1360 478 1410 478 1383 684 1402 909 1392 460 1361 246 1354 187 1284 84 1266 394 1347 362 1326 247 1409 222 1422 370 1277 376
img08391.jpg 1387 887 1371 670 1362 477 1414 477 1384 686 1400 909 1394 458 1358 248 1352 193 1276 88 1265 400 1347 365 1322 247 1405 222 1419 371 1279 381
img08392.jpg 1384 890 1372 670 1364 476 1417 474 1381 686 1401 909 1396 457 1356 249 1350 189 1270 91 1262 402 1343 366 1318 248 1402 223 1417 374 1276 384
img08393.jpg 1386 887 1370 670 1367 475 1419 471 1380 686 1399 909 1399 455 1354 250 1345 188 1265 92 1258 403 1340 366 1314 249 1398 225 1415 376 1274 389
img08394.jpg 1383 888 1368 672 1369 475 1423 469 1377 685 1400 907 1401 453 1351 253 1339 192 1256 96 1252 405 1334 368 1310 250 1394 228 1413 379 1272 395
img08395.jpg 1381 889 1362 673 1372 476 1425 468 1375 686 1401 908 1403 454 1348 255 1333 198 1247 102 1245 407 1328 371 1307 253 1391 230 1410 381 1272 400
img08396.jpg 1381 885 1361 675 1376 477 1428 468 1374 688 1400 907 1406 457 1346 256 1326 201 1239 110 1238 409 1323 375 1305 257 1387 235 1407 385 1268 407
img08397.jpg 1382 880 1356 675 1381 479 1432 469 1372 688 1398 906 1409 463 1343 259 1318 210 1228 120 1232 414 1318 381 1302 262 1383 240 1401 390 1264 418
img08398.jpg 1383 881 1354 678 1385 483 1435 473 1367 687 1399 903 1412 470 1339 263 1312 220 1215 130 1226 418 1312 387 1299 267 1379 247 1393 398 1261 430
img08399.jpg 1383 877 1354 680 1390 487 1438 478 1364 690 1399 906 1414 479 1334 268 1307 232 1206 143 1220 425 1307 394 1296 274 1374 255 1386 407 1260 442
img08400.jpg 1382 878 1350 685 1394 491 1441 482 1360 695 1398 906 1418 486 1328 276 1300 242 1199 157 1212 437 1304 400 1293 283 1369 266 1382 417 1256 457
img08401.jpg 1383 879 1342 688 1397 496 1444 487 1355 694 1398 906 1421 492 1322 287 1295 257 1189 179 1203 453 1300 411 1289 295 1364 278 1377 429 1249 475
img08402.jpg 1382 878 1336 693 1399 501 1447 492 1349 697 1398 909 1424 498 1316 301 1293 274 1182 200 1196 469 1296 421 1285 308 1359 293 1370 444 1247 493
img08403.jpg 1380 874 1326 697 1400 506 1449 498 1344 703 1395 910 1427 503 1311 316 1287 292 1179 229 1191 490 1293 433 1281 323 1354 310 1368 457 1245 514
img08404.jpg 1377 879 1313 703 1400 512 1452 505 1339 709 1395 909 1429 508 1308 333 1283 309 1176 255 1186 511 1289 447 1278 340 1350 328 1363 473 1242 537
img08405.jpg 1374 880 1303 708 1400 520 1455 515 1334 711 1394 909 1431 516 1305 350 1283 330 1173 285 1185 530 1286 465 1276 357 1347 348 1357 491 1240 561
img08406.jpg 1371 882 1292 713 1399 531 1458 526 1325 719 1393 910 1431 526 1303 369 1281 352 1173 309 1187 549 1284 484 1274 376 1345 369 1353 511 1239 585
img08407.jpg 1369 886 1283 718 1398 544 1460 538 1318 726 1393 910 1433 538 1301 388 1280 371 1172 337 1187 571 1280 504 1273 395 1342 389 1348 531 1236 609
img08408.jpg 1366 891 1274 725 1398 559 1463 552 1311 730 1395 912 1434 551 1301 408 1282 391 1169 363 1187 593 1277 525 1271 415 1341 411 1343 551 1234 632
img08409.jpg 1362 889 1269 728 1397 575 1464 567 1303 736 1396 913 1436 567 1300 428 1282 411 1167 389 1186 616 1274 546 1269 435 1339 432 1342 572 1232 655
img08410.jpg 1361 892 1265 733 1398 591 1466 583 1293 741 1396 913 1438 584 1299 448 1283 430 1165 413 1184 639 1272 566 1266 455 1338 452 1338 594 1229 677
img08411.jpg 1361 897 1265 743 1398 607 1467 599 1286 747 1396 914 1440 600 1298 467 1280 448 1164 434 1183 660 1270 584 1264 474 1337 472 1335 614 1230 698
img08412.jpg 1360 895 1263 745 1399 622 1468 616 1281 756 1398 916 1441 616 1296 486 1280 468 1165 454 1181 682 1267 604 1263 494 1336 491 1332 632 1229 720
img08413.jpg 1361 897 1266 754 1401 635 1469 633 1276 768 1400 922 1441 632 1295 504 1278 487 1166 470 1180 701 1266 620 1261 512 1336 509 1328 651 1225 741
img08414.jpg 1363 899 1268 767 1402 647 1470 648 1274 781 1402 931 1440 645 1294 520 1277 503 1166 487 1180 718 1266 635 1260 529 1335 525 1324 667 1224 762
img08415.jpg 1366 899 1258 771 1403 658 1470 663 1275 796 1404 941 1440 658 1293 536 1276 519 1167 501 1180 735 1262 651 1260 545 1335 541 1321 683 1223 780
img08416.jpg 1365 898 1249 772 1404 668 1470 676 1276 811 1407 953 1439 670 1293 551 1279 534 1166 518 1177 751 1261 665 1260 559 1336 555 1319 696 1221 799
img08417.jpg 1365 900 1242 779 1406 677 1471 687 1276 823 1407 966 1440 681 1292 565 1276 547 1166 533 1175 765 1261 677 1259 572 1336 568 1316 710 1219 814
img08418.jpg 1363 901 1233 778 1408 687 1471 698 1277 835 1407 978 1441 692 1293 577 1276 560 1168 549 1173 780 1259 690 1259 585 1337 581 1316 724 1220 828
img08419.jpg 1364 902 1223 776 1410 696 1470 708 1277 847 1406 990 1442 702 1294 588 1276 572 1170 561 1171 792 1257 700 1259 597 1337 592 1316 736 1219 838
img08420.jpg 1360 903 1225 782 1413 704 1470 718 1278 858 1405 1001 1444 711 1294 596 1276 583 1172 574 1169 804 1257 708 1260 607 1337 601 1315 745 1219 849
img08421.jpg 1358 904 1223 788 1415 712 1470 728 1278 869 1405 1012 1445 720 1295 603 1275 593 1175 582 1167 814 1257 715 1261 617 1337 609 1316 756 1219 859
img08422.jpg 1357 903 1221 793 1416 720 1469 737 1278 880 1404 1022 1445 727 1296 609 1278 600 1178 588 1166 822 1256 720 1261 624 1337 616 1316 763 1220 869
img08423.jpg 1357 903 1217 799 1416 726 1468 745 1278 889 1402 1031 1445 733 1296 614 1278 605 1178 593 1166 829 1256 724 1262 629 1337 622 1316 768 1220 876
img08424.jpg 1355 903 1214 801 1415 731 1467 751 1277 896 1401 1039 1444 737 1297 618 1279 609 1178 597 1167 835 1257 729 1262 632 1337 626 1316 774 1222 884
img08425.jpg 1355 904 1214 801 1414 737 1466 755 1277 901 1400 1044 1443 741 1297 622 1278 613 1177 600 1167 838 1256 733 1262 635 1337 630 1316 778 1223 890
img08426.jpg 1355 902 1215 801 1413 740 1466 757 1278 905 1400 1048 1441 743 1298 626 1277 616 1175 603 1169 841 1255 737 1262 636 1337 633 1317 779 1224 893
img08427.jpg 1355 904 1212 803 1412 743 1466 757 1278 906 1400 1049 1440 744 1298 629 1274 619 1172 606 1170 844 1255 739 1263 637 1338 636 1317 782 1222 897
img08428.jpg 1354 905 1213 802 1413 744 1467 757 1279 907 1400 1050 1439 746 1299 631 1274 621 1172 607 1169 846 1257 739 1263 638 1338 637 1316 783 1219 899
img08429.jpg 1353 905 1213 802 1414 745 1467 756 1280 908 1399 1051 1439 747 1299 634 1273 623 1170 609 1168 848 1255 741 1263 639 1339 638 1317 783 1218 900
img08430.jpg 1351 905 1211 803 1414 745 1467 755 1281 908 1399 1051 1438 748 1299 636 1275 622 1172 608 1167 850 1255 742 1263 639 1339 639 1317 784 1216 902
img08431.jpg 1349 907 1208 804 1415 745 1466 755 1281 909 1399 1052 1439 750 1299 637 1276 623 1173 608 1166 851 1255 742 1263 640 1339 640 1316 785 1214 904
img08432.jpg 1350 906 1209 803 1416 745 1466 755 1282 911 1398 1054 1440 751 1299 638 1278 622 1174 607 1167 850 1256 741 1263 640 1339 641 1316 784 1216 905
img08433.jpg 1349 907 1209 803 1417 746 1466 756 1282 913 1397 1055 1441 752 1299 639 1279 621 1175 606 1167 850 1256 741 1264 641 1338 642 1318 784 1217 907
img08434.jpg 1349 909 1208 804 1417 747 1466 757 1283 915 1398 1057 1442 754 1299 640 1281 620 1177 604 1168 851 1258 740 1264 641 1338 643 1316 787 1217 908
img08435.jpg 1350 908 1208 805 1418 747 1466 758 1284 918 1397 1060 1442 755 1300 639 1282 621 1177 605 1170 850 1261 739 1264 642 1338 643 1315 790 1216 910
img08436.jpg 1352 908 1209 806 1419 748 1466 760 1285 921 1397 1063 1442 756 1300 639 1282 622 1177 605 1171 849 1261 739 1264 643 1339 643 1313 791 1217 912
img08437.jpg 1352 908 1209 807 1419 749 1467 762 1286 924 1398 1066 1442 758 1301 639 1281 622 1175 605 1171 850 1260 740 1265 643 1339 642 1313 794 1216 913
img08438.jpg 1352 908 1207 806 1420 749 1467 763 1287 926 1398 1069 1442 759 1302 639 1281 622 1175 605 1172 848 1260 739 1265 643 1339 642 1312 795 1218 912
img08439.jpg 1352 908 1207 806 1420 749 1467 764 1288 928 1398 1071 1443 759 1302 638 1281 623 1174 605 1173 848 1260 738 1265 644 1339 642 1314 793 1219 912
img08440.jpg 1353 908 1208 806 1419 750 1468 764 1289 930 1398 1072 1443 759 1302 638 1279 623 1172 605 1173 848 1260 739 1265 644 1339 643 1314 791 1219 912
img08441.jpg 1353 908 1207 805 1418 750 1468 764 1290 931 1398 1073 1443 759 1302 638 1279 622 1172 604 1172 849 1261 737 1265 645 1339 644 1314 791 1218 912
img08442.jpg 1352 910 1208 805 1417 749 1468 763 1291 932 1398 1074 1443 758 1302 637 1280 622 1172 603 1173 850 1262 737 1265 644 1339 644 1315 789 1220 913
img08443.jpg 1352 909 1208 804 1415 748 1468 763 1292 933 1398 1075 1442 756 1302 636 1280 624 1172 604 1173 852 1262 737 1264 644 1339 644 1315 788 1219 914
img08444.jpg 1353 907 1207 804 1413 746 1468 763 1293 933 1399 1075 1442 755 1302 636 1281 623 1173 603 1172 852 1264 738 1264 643 1339 645 1315 790 1221 916
img08445.jpg 1354 906 1209 804 1412 744 1469 762 1295 934 1399 1076 1443 753 1302 635 1284 622 1175 602 1172 854 1265 736 1264 642 1339 644 1315 790 1224 916
img08446.jpg 1353 906 1208 803 1411 741 1469 761 1296 934 1399 1076 1443 752 1302 634 1283 621 1174 601 1173 855 1264 737 1264 640 1339 643 1316 789 1227 914
img08447.jpg 1354 905 1208 802 1405 739 1470 760 1298 934 1400 1076 1443 749 1301 633 1283 623 1173 602 1174 855 1266 737 1265 637 1338 643 1315 789 1228 913
img08448.jpg 1354 903 1211 803 1401 737 1471 757 1299 933 1401 1074 1443 747 1301 632 1284 621 1174 599 1173 854 1267 736 1265 635 1338 642 1317 788 1233 912
img08449.jpg 1355 903 1212 803 1397 735 1471 754 1300 930 1401 1072 1442 745 1300 629 1284 619 1174 598 1172 852 1268 733 1266 632 1338 639 1316 785 1234 908
img08450.jpg 1355 903 1215 800 1392 731 1471 749 1302 927 1401 1069 1440 740 1300 625 1282 616 1171 594 1171 850 1267 732 1267 628 1338 636 1316 781 1235 903
img08451.jpg 1356 901 1219 801 1389 728 1472 743 1303 922 1402 1064 1439 735 1300 620 1283 611 1172 588 1172 846 1270 726 1267 624 1338 631 1316 777 1238 898
img08452.jpg 1358 901 1221 801 1395 723 1473 735 1305 915 1403 1057 1440 729 1300 613 1283 604 1171 581 1173 838 1270 720 1268 618 1338 624 1319 772 1241 892
img08453.jpg 1360 904 1224 798 1400 715 1473 725 1306 907 1403 1048 1441 721 1302 604 1283 596 1171 572 1177 830 1271 712 1268 609 1338 615 1322 764 1243 881
img08454.jpg 1361 905 1228 794 1404 705 1475 713 1309 895 1405 1036 1443 710 1303 594 1282 583 1170 560 1182 819 1271 704 1269 600 1338 603 1326 754 1249 869
img08455.jpg 1363 906 1235 783 1408 691 1476 698 1311 882 1406 1023 1444 697 1303 581 1282 569 1170 545 1189 803 1274 694 1270 587 1338 588 1331 741 1257 855
img08456.jpg 1363 908 1242 774 1411 676 1477 682 1312 868 1407 1008 1446 683 1304 567 1281 554 1168 529 1197 787 1277 683 1271 572 1339 571 1337 726 1266 838
img08457.jpg 1362 907 1249 764 1410 660 1477 666 1314 852 1407 993 1446 668 1305 550 1282 536 1169 511 1205 770 1283 670 1273 555 1339 551 1343 707 1276 821
img08458.jpg 1361 904 1250 759 1410 643 1476 649 1314 837 1407 977 1447 651 1306 531 1279 515 1167 488 1213 751 1287 656 1275 535 1340 529 1348 687 1287 803
img08459.jpg 1360 902 1256 751 1410 627 1474 633 1312 822 1404 962 1446 636 1307 509 1280 493 1167 463 1221 732 1292 638 1277 514 1341 506 1354 666 1300 782
img08460.jpg 1362 901 1256 753 1412 613 1471 617 1311 807 1402 947 1446 619 1309 486 1283 471 1167 435 1229 715 1298 614 1279 492 1344 481 1359 641 1313 760
img08461.jpg 1363 898 1261 750 1415 598 1469 601 1309 792 1401 937 1446 602 1311 460 1286 444 1170 403 1238 694 1303 592 1280 468 1346 456 1366 612 1326 735
img08462.jpg 1365 897 1263 746 1419 583 1466 584 1308 776 1401 929 1447 585 1314 433 1288 414 1172 367 1248 670 1308 568 1281 443 1349 429 1370 585 1320 703
img08463.jpg 1366 899 1271 741 1420 570 1463 568 1307 763 1402 924 1446 569 1316 405 1292 386 1178 329 1259 650 1312 544 1282 418 1352 401 1377 557 1334 676
img08464.jpg 1369 900 1280 739 1418 559 1460 553 1310 751 1401 920 1442 555 1319 379 1296 358 1186 291 1271 627 1317 519 1284 392 1354 374 1383 529 1345 651
img08465.jpg 1369 898 1289 731 1413 548 1454 541 1314 741 1402 919 1437 542 1322 353 1299 328 1199 254 1281 607 1321 498 1287 368 1357 347 1389 503 1353 623
img08466.jpg 1371 899 1299 723 1404 540 1446 531 1321 731 1402 919 1429 533 1325 330 1304 302 1211 217 1288 589 1323 475 1291 345 1361 320 1394 478 1363 600
img08467.jpg 1376 896 1317 717 1391 533 1436 523 1332 726 1402 917 1418 526 1328 308 1310 279 1224 183 1292 574 1325 457 1295 323 1365 297 1400 454 1391 582
img08468.jpg 1380 891 1332 707 1380 526 1425 517 1344 719 1401 916 1407 519 1332 289 1315 257 1236 155 1297 557 1324 441 1299 305 1371 276 1401 434 1395 563
img08469.jpg 1382 888 1345 698 1370 519 1415 510 1354 714 1401 916 1399 513 1336 273 1319 238 1250 131 1300 546 1325 425 1303 288 1376 258 1404 416 1401 546
img08470.jpg 1386 888 1364 693 1363 511 1408 505 1367 709 1401 917 1392 507 1340 259 1321 224 1261 109 1302 532 1328 413 1306 275 1382 243 1408 401 1405 535
img08471.jpg 1391 887 1375 691 1357 503 1402 499 1375 707 1401 912 1388 501 1345 249 1326 212 1274 92 1303 522 1329 401 1309 265 1388 233 1410 388 1404 525
img08472.jpg 1391 886 1378 687 1353 498 1398 494 1382 703 1401 909 1385 497 1350 242 1329 203 1287 82 1303 513 1329 396 1312 257 1395 225 1414 382 1401 516
img08473.jpg 1394 887 1388 687 1350 494 1397 489 1388 703 1401 906 1384 494 1354 237 1335 195 1299 74 1299 510 1332 388 1316 252 1401 220 1417 378 1401 513
img08474.jpg 1394 887 1391 684 1346 491 1396 487 1391 701 1404 903 1382 492 1358 235 1342 188 1309 67 1296 508 1332 387 1318 249 1407 218 1420 374 1397 511
img08475.jpg 1397 882 1387 683 1343 490 1396 486 1394 699 1403 901 1380 490 1361 233 1348 184 1319 64 1293 507 1329 383 1321 247 1412 217 1420 373 1394 507
img08476.jpg 1395 884 1385 682 1341 489 1394 485 1395 698 1404 903 1377 489 1363 232 1352 181 1326 60 1291 506 1326 383 1322 245 1417 217 1418 376 1391 506
img08477.jpg 1395 884 1382 681 1340 487 1394 486 1395 698 1401 907 1373 488 1365 231 1356 182 1333 57 1287 509 1323 378 1323 244 1421 218 1415 374 1389 509
img08478.jpg 1392 881 1376 681 1339 484 1391 484 1395 698 1402 907 1368 488 1367 230 1356 180 1340 53 1287 505 1317 377 1323 244 1426 221 1412 374 1382 508
img08479.jpg 1390 882 1368 684 1339 481 1389 482 1395 700 1401 910 1362 489 1368 229 1357 183 1346 51 1285 502 1313 376 1322 244 1430 223 1406 376 1379 508
img08480.jpg 1386 871 1370 690 1337 476 1386 476 1403 706 1403 904 1353 492 1370 229 1353 179 1353 48 1287 492 1304 377 1320 245 1436 229 1403 377 1370 509
