ResultRaw1 ResultRaw2 ResultRaw3 ResultRaw4 ResultRaw5 ResultRaw6 ResultRaw7 ResultRaw8 ResultRaw9 ResultRaw10 ResultRaw11 ResultRaw12 ResultRaw13 ResultRaw14 ResultRaw15 ResultRaw16 ResultRaw17 ResultRaw18 ResultRaw19 ResultRaw20 ResultRaw21 ResultRaw22 ResultRaw23 ResultRaw24 ResultRaw25 ResultRaw26 ResultRaw27 ResultRaw28 ResultRaw29 ResultRaw30 ResultRaw31 ResultRaw32 ResultRaw33
img12381.jpg 1371 888 1354 689 1338 474 1404 491 1371 706 1387 921 1371 491 1404 226 1387 176 1338 60 1305 491 1371 375 1371 226 1437 226 1437 375 1371 507
img12382.jpg 1358 884 1348 684 1341 478 1399 490 1365 701 1382 918 1375 487 1399 228 1382 179 1332 63 1309 486 1371 368 1366 229 1433 228 1432 379 1365 507
img12383.jpg 1362 886 1352 685 1347 480 1395 489 1356 700 1383 914 1377 485 1393 229 1379 182 1329 65 1303 487 1366 370 1362 232 1430 228 1430 379 1363 503
img12384.jpg 1364 888 1354 686 1351 481 1391 488 1344 696 1381 912 1379 484 1389 230 1374 186 1327 68 1303 486 1364 369 1358 235 1427 228 1425 382 1357 500
img12385.jpg 1371 890 1357 688 1353 482 1388 486 1329 692 1380 910 1380 483 1385 229 1370 187 1323 68 1304 488 1363 370 1354 238 1425 227 1421 380 1356 496
img12386.jpg 1380 892 1361 689 1356 481 1385 485 1309 686 1368 906 1381 481 1381 230 1367 189 1319 67 1301 489 1360 371 1349 239 1422 226 1421 378 1356 493
img12387.jpg 1387 893 1362 690 1354 479 1381 485 1289 678 1355 904 1378 480 1378 230 1362 187 1315 66 1302 490 1359 372 1345 240 1419 224 1419 376 1355 490
img12388.jpg 1384 893 1357 688 1350 478 1376 484 1265 667 1337 904 1375 479 1375 229 1358 184 1315 64 1304 489 1358 370 1342 240 1416 223 1418 374 1355 490
img12389.jpg 1377 894 1350 688 1345 476 1371 483 1246 659 1325 903 1371 477 1371 230 1354 181 1311 62 1299 487 1354 369 1338 240 1414 221 1417 372 1358 491
img12390.jpg 1371 896 1343 689 1341 475 1365 482 1227 649 1315 903 1365 476 1367 231 1351 181 1312 59 1297 486 1351 367 1334 239 1410 220 1417 371 1358 492
img12391.jpg 1368 898 1337 690 1334 475 1360 481 1212 638 1318 901 1359 475 1363 231 1347 179 1310 58 1292 484 1347 366 1330 239 1406 219 1412 370 1360 494
img12392.jpg 1368 899 1333 691 1330 475 1355 480 1198 628 1322 900 1353 474 1358 231 1343 182 1309 57 1286 483 1342 366 1326 238 1400 219 1405 371 1359 499
img12393.jpg 1371 900 1330 692 1325 475 1350 479 1187 620 1337 896 1348 472 1353 232 1337 185 1304 59 1282 482 1338 366 1321 238 1395 219 1400 370 1360 500
img12394.jpg 1376 897 1329 689 1321 474 1346 478 1177 612 1346 895 1343 472 1348 232 1333 183 1297 63 1279 484 1334 368 1316 238 1389 219 1395 371 1362 501
img12395.jpg 1378 895 1326 686 1316 473 1342 478 1164 608 1309 875 1338 473 1343 232 1326 182 1289 70 1272 484 1329 369 1310 238 1382 220 1387 372 1361 502
img12396.jpg 1376 894 1322 685 1312 473 1336 477 1155 607 1268 859 1334 473 1337 233 1319 183 1282 72 1266 484 1323 370 1306 238 1375 221 1382 374 1356 503
img12397.jpg 1371 893 1315 683 1307 473 1329 478 1146 609 1219 846 1328 475 1330 233 1312 181 1272 74 1259 483 1318 371 1301 237 1367 223 1378 374 1356 502
img12398.jpg 1370 893 1315 684 1300 475 1320 480 1139 614 1159 839 1320 478 1323 234 1306 182 1264 78 1250 482 1311 372 1297 236 1357 225 1370 377 1352 504
img12399.jpg 1367 894 1313 688 1293 478 1310 482 1131 623 1097 830 1311 480 1315 234 1298 185 1258 76 1241 481 1305 372 1293 235 1346 227 1363 376 1344 506
img12400.jpg 1366 894 1310 691 1284 482 1298 486 1130 632 1080 844 1300 484 1305 235 1288 188 1251 76 1229 479 1297 373 1289 235 1333 229 1354 381 1335 508
img12401.jpg 1361 891 1304 693 1272 487 1287 490 1125 647 1062 857 1287 488 1295 236 1279 190 1242 77 1216 478 1287 375 1284 235 1318 232 1342 382 1327 511
img12402.jpg 1360 891 1301 698 1260 491 1275 495 1126 661 1054 870 1273 491 1285 238 1269 194 1232 78 1202 477 1276 376 1277 235 1304 235 1329 385 1313 516
img12403.jpg 1359 891 1291 702 1247 496 1262 498 1124 674 1048 881 1260 495 1273 241 1259 198 1221 77 1188 475 1265 377 1269 234 1288 238 1315 388 1299 521
img12404.jpg 1357 889 1280 706 1233 501 1250 501 1124 684 1047 893 1246 500 1262 243 1247 201 1205 79 1172 474 1251 379 1259 234 1273 242 1300 392 1284 527
img12405.jpg 1357 887 1269 710 1219 506 1237 504 1121 697 1045 905 1232 503 1249 245 1235 202 1188 78 1156 474 1237 381 1246 235 1257 245 1282 393 1269 534
img12406.jpg 1357 888 1257 716 1205 510 1223 507 1121 705 1044 915 1220 505 1234 245 1221 202 1169 82 1141 475 1222 382 1231 235 1242 247 1263 397 1251 539
img12407.jpg 1353 886 1244 720 1192 514 1208 509 1115 713 1042 922 1206 508 1219 245 1206 201 1151 85 1125 476 1206 384 1214 235 1226 249 1244 401 1233 539
img12408.jpg 1348 880 1229 722 1178 516 1193 511 1111 719 1041 926 1190 509 1203 244 1187 199 1133 85 1108 478 1189 386 1196 236 1210 249 1227 402 1212 539
img12409.jpg 1341 876 1215 724 1164 517 1177 512 1105 723 1039 928 1175 510 1186 242 1168 197 1114 82 1092 479 1172 387 1179 236 1194 248 1207 402 1192 538
img12410.jpg 1326 867 1201 723 1150 516 1162 511 1096 725 1040 928 1160 509 1169 240 1150 194 1099 85 1076 479 1156 387 1163 235 1178 246 1193 402 1168 535
img12411.jpg 1310 855 1187 720 1136 514 1148 509 1087 727 1040 928 1144 509 1154 237 1134 190 1080 80 1060 478 1141 388 1148 234 1163 243 1175 402 1146 531
img12412.jpg 1294 844 1174 717 1123 510 1136 506 1080 726 1039 928 1130 507 1138 235 1115 190 1061 71 1045 476 1126 387 1134 232 1149 240 1160 398 1121 530
img12413.jpg 1280 837 1163 714 1113 507 1125 504 1072 726 1041 929 1119 504 1125 232 1102 187 1040 64 1032 474 1114 386 1122 229 1135 235 1147 395 1101 525
img12414.jpg 1270 828 1156 710 1106 503 1116 502 1067 727 1038 928 1110 500 1112 230 1090 187 1021 62 1025 474 1106 385 1111 226 1122 231 1136 392 1080 523
img12415.jpg 1264 824 1150 706 1100 499 1107 500 1065 723 1036 929 1103 496 1100 227 1079 186 999 52 1018 475 1097 385 1099 223 1109 228 1123 390 1063 517
img12416.jpg 1260 821 1146 703 1096 496 1098 499 1062 720 1036 928 1098 492 1088 224 1069 185 982 52 1011 473 1089 383 1088 219 1096 225 1112 385 1046 515
img12417.jpg 1256 818 1143 699 1093 492 1089 498 1060 718 1037 928 1093 488 1078 222 1060 181 966 57 1003 473 1080 383 1078 216 1084 222 1100 383 1033 511
img12418.jpg 1249 816 1136 696 1087 489 1081 496 1057 712 1033 929 1086 485 1067 220 1050 182 952 57 994 474 1071 385 1067 213 1072 220 1087 381 1020 510
img12419.jpg 1240 815 1127 695 1078 487 1071 494 1051 709 1033 930 1076 483 1057 217 1040 180 938 58 979 471 1057 383 1057 211 1061 218 1077 380 1006 506
img12420.jpg 1230 814 1117 694 1068 486 1061 492 1043 709 1033 928 1065 482 1047 214 1030 177 927 57 967 468 1047 382 1047 209 1051 217 1067 378 992 505
img12421.jpg 1217 814 1104 692 1056 485 1050 491 1037 708 1034 925 1052 483 1038 212 1016 176 916 59 957 465 1037 380 1038 208 1041 216 1058 377 978 504
img12422.jpg 1204 814 1091 693 1043 485 1039 489 1029 710 1032 927 1038 483 1029 210 1005 175 908 54 949 464 1029 379 1029 208 1032 216 1049 375 967 503
img12423.jpg 1192 815 1080 693 1032 485 1027 487 1023 710 1034 923 1025 483 1020 210 992 174 902 55 941 461 1021 376 1020 207 1022 215 1041 376 954 498
img12424.jpg 1181 815 1069 692 1022 484 1017 486 1019 710 1033 921 1013 482 1011 210 981 173 896 53 935 460 1013 375 1010 207 1012 216 1030 376 942 492
img12425.jpg 1169 814 1057 691 1010 483 1007 484 1012 711 995 915 1002 481 1000 212 970 176 893 52 923 459 1002 375 999 207 1001 216 1019 376 931 485
img12426.jpg 1158 813 1047 689 1000 481 996 483 1004 712 953 907 991 478 989 213 960 178 890 49 911 459 990 376 987 207 989 216 1009 377 918 474
img12427.jpg 1149 811 1038 686 992 478 985 481 994 709 911 901 981 473 977 215 949 179 886 50 898 458 977 376 974 207 977 217 994 378 900 465
img12428.jpg 1140 807 1029 682 983 474 973 479 979 711 868 895 971 469 964 217 940 180 881 49 884 458 963 376 961 208 964 217 978 379 881 458
img12429.jpg 1130 804 1020 678 974 470 960 477 963 709 825 889 962 465 951 218 928 181 873 48 870 458 950 378 948 209 951 218 962 378 860 453
img12430.jpg 1122 802 1011 676 966 468 947 475 946 708 817 891 952 461 939 218 915 180 864 48 857 459 938 379 937 211 939 218 946 376 837 444
img12431.jpg 1113 800 1002 674 957 465 936 474 931 707 852 899 943 459 927 217 906 180 855 47 843 458 925 381 926 213 927 217 926 374 817 435
img12432.jpg 1103 800 993 673 948 465 924 474 916 707 887 903 934 457 916 217 896 182 844 45 829 457 913 382 917 214 916 216 909 370 796 424
img12433.jpg 1092 801 982 673 938 465 914 473 902 706 921 907 925 457 905 216 887 180 835 44 814 454 899 381 907 214 905 215 893 364 775 409
img12434.jpg 1083 801 973 673 929 464 905 472 889 705 952 906 916 457 895 215 880 178 828 44 801 450 887 379 898 213 895 213 877 357 757 392
img12435.jpg 1075 799 966 670 922 461 896 470 876 703 984 908 908 456 885 213 872 176 819 42 789 445 876 377 889 210 885 210 858 352 738 380
img12436.jpg 1067 796 958 666 914 458 887 466 864 699 969 906 901 453 877 211 862 172 813 41 776 440 865 374 880 207 877 207 842 346 720 367
img12437.jpg 1059 790 950 661 907 452 879 461 852 694 954 905 894 451 868 208 854 170 806 39 764 435 854 371 871 205 868 204 824 340 705 354
img12438.jpg 1052 786 944 656 901 447 871 457 840 689 937 906 887 448 859 205 844 168 798 36 753 431 843 368 862 202 859 201 805 333 690 343
img12439.jpg 1045 783 936 652 894 443 864 453 829 686 921 911 880 446 851 203 834 169 792 36 742 426 833 365 854 200 851 198 785 328 672 334
img12440.jpg 1036 781 928 650 886 441 857 451 819 683 905 913 873 444 843 201 825 170 784 36 730 421 822 363 847 199 842 196 768 322 657 322
img12441.jpg 1029 782 921 651 879 441 850 451 811 682 896 912 866 445 835 201 819 169 775 37 719 417 812 362 840 198 833 194 753 316 640 313
img12442.jpg 1022 785 914 653 872 444 844 453 807 683 891 913 861 446 829 201 813 169 769 37 708 412 802 360 834 197 824 193 734 310 625 307
img12443.jpg 1015 788 907 655 866 445 838 455 804 686 890 916 855 447 824 200 807 171 765 38 697 408 793 359 829 197 815 193 718 306 611 300
img12444.jpg 1008 790 901 656 859 447 832 458 802 694 891 922 851 448 819 200 805 170 760 38 687 404 783 358 824 198 805 194 703 302 599 296
img12445.jpg 1001 792 894 658 853 449 826 461 802 698 895 924 846 449 813 199 799 168 754 40 676 399 774 357 819 198 795 195 689 299 587 293
img12446.jpg 995 792 888 658 848 448 821 462 802 704 900 928 842 448 807 197 793 169 751 38 667 394 766 355 814 197 785 195 674 297 576 291
img12447.jpg 989 794 883 659 843 449 815 463 802 709 903 931 837 449 800 196 787 167 749 37 658 390 757 353 808 196 776 195 663 293 566 290
img12448.jpg 985 795 879 659 839 450 811 463 803 710 907 931 832 450 793 196 782 168 743 37 650 386 750 351 803 196 766 195 654 289 559 292
img12449.jpg 981 796 876 660 836 450 807 463 805 707 913 925 827 450 786 195 772 167 736 35 643 383 743 350 797 195 757 195 646 287 553 290
img12450.jpg 979 796 873 660 834 450 805 461 807 707 916 925 822 450 779 195 768 169 735 32 637 381 736 349 792 195 749 195 640 285 547 291
img12451.jpg 976 797 870 660 831 450 802 460 805 707 915 924 819 450 773 196 764 170 729 34 630 379 730 349 788 196 741 196 631 285 542 295
img12452.jpg 972 796 867 659 828 448 801 459 805 705 913 923 816 449 768 196 757 170 722 36 624 376 724 349 784 196 734 198 626 284 539 298
img12453.jpg 968 795 863 657 825 447 801 458 804 706 911 924 814 448 762 197 750 171 716 35 617 373 717 348 780 197 728 198 618 284 535 304
img12454.jpg 963 794 858 656 820 445 800 456 802 706 906 925 812 447 757 197 747 173 711 37 609 369 710 346 775 197 721 199 610 283 535 315
img12455.jpg 958 794 854 655 816 444 800 456 802 705 904 925 810 446 752 197 740 172 704 39 602 365 703 345 771 197 714 201 602 281 537 326
img12456.jpg 954 793 850 653 813 442 799 455 801 704 902 925 808 445 747 197 734 173 697 41 596 361 697 344 767 197 708 202 597 279 541 334
img12457.jpg 951 793 848 653 811 442 798 454 801 703 900 924 806 444 742 197 729 174 691 42 590 359 691 343 763 197 702 203 592 278 543 337
img12458.jpg 950 793 847 652 810 442 796 452 799 701 897 923 804 443 738 198 725 173 687 46 586 357 687 343 760 198 697 204 589 280 546 340
img12459.jpg 950 792 848 651 811 440 795 451 798 701 895 923 804 442 734 199 723 174 682 47 584 356 684 343 758 199 692 206 587 281 547 340
img12460.jpg 951 792 848 650 812 439 794 450 797 699 892 922 803 441 731 200 722 176 677 48 582 354 682 343 757 200 689 206 584 284 545 339
img12461.jpg 951 792 849 650 813 439 793 449 796 699 890 921 804 440 729 201 720 178 674 46 579 352 679 343 756 200 685 208 582 287 544 339
img12462.jpg 951 790 849 647 813 436 791 448 795 698 888 921 804 439 727 202 719 180 670 46 577 349 677 341 756 200 682 209 580 292 542 343
img12463.jpg 951 788 849 645 814 434 791 448 795 698 886 921 805 439 725 202 717 181 667 46 576 346 675 341 756 201 680 210 580 295 539 345
img12464.jpg 950 788 849 644 814 433 791 447 795 697 885 920 805 438 723 203 713 183 666 47 573 344 672 341 754 202 678 210 579 297 537 348
img12465.jpg 950 789 849 644 814 433 790 448 795 698 883 922 805 438 722 204 713 183 663 48 568 343 668 341 754 203 675 211 577 301 534 351
img12466.jpg 949 790 848 645 813 434 789 449 794 699 881 924 803 439 721 205 710 183 663 51 564 342 664 341 753 203 673 212 576 303 530 353
img12467.jpg 947 793 847 648 813 436 789 451 794 700 880 925 801 441 721 206 709 185 663 52 561 341 661 341 753 204 671 212 575 304 528 354
img12468.jpg 945 796 845 651 811 439 788 452 793 702 878 927 799 442 720 208 710 185 661 51 556 339 657 340 752 204 669 212 574 305 525 355
img12469.jpg 942 799 843 652 809 441 787 453 792 703 876 928 797 442 719 209 708 184 660 51 553 336 654 338 753 202 669 212 574 306 522 355
img12470.jpg 940 799 841 652 807 440 786 452 792 702 874 928 796 441 718 210 705 184 660 50 552 333 652 336 753 201 669 212 575 307 521 355
img12471.jpg 939 797 840 650 807 438 787 451 792 701 873 926 796 439 717 210 704 184 660 49 552 331 651 335 753 200 669 212 576 308 520 355
img12472.jpg 937 796 839 648 806 436 786 449 792 699 872 925 797 435 716 210 704 182 658 46 552 330 650 333 753 199 669 212 577 309 519 356
img12473.jpg 937 793 839 645 806 433 787 446 793 696 871 923 798 432 715 210 703 181 660 49 553 330 650 333 752 199 668 212 578 311 518 357
img12474.jpg 937 792 839 643 807 431 787 445 793 695 870 922 799 429 716 209 704 181 660 49 553 331 650 334 752 199 667 212 578 312 517 358
img12475.jpg 937 793 839 643 807 431 787 445 794 695 869 922 800 428 716 209 706 180 661 49 554 333 649 335 751 200 667 211 579 313 515 357
img12476.jpg 936 794 838 644 807 432 788 446 795 696 869 923 800 429 717 209 708 180 663 48 553 332 648 335 751 200 667 210 580 313 514 356
img12477.jpg 935 798 838 647 807 435 789 448 796 698 869 926 800 431 718 208 708 180 663 48 553 332 647 335 750 200 668 209 581 313 513 355
img12478.jpg 934 801 837 650 806 438 791 451 798 701 869 929 799 436 718 208 710 181 661 45 553 332 646 335 751 202 668 208 582 313 512 353
img12479.jpg 933 804 837 652 806 440 792 453 799 704 869 931 798 439 718 208 710 183 661 47 554 331 645 335 751 202 669 208 583 312 511 350
img12480.jpg 933 805 837 653 807 441 792 455 800 705 868 934 797 442 718 206 711 182 660 46 555 331 645 335 752 203 670 207 584 312 510 349
img12481.jpg 935 807 839 654 809 442 792 456 800 707 867 935 797 444 719 205 712 182 658 49 556 334 646 337 753 204 670 207 585 313 508 347
img12482.jpg 937 805 841 652 812 440 791 456 799 706 865 935 797 445 719 204 712 182 660 50 559 336 648 339 753 205 671 207 586 313 507 345
img12483.jpg 939 804 844 650 815 438 790 454 798 705 863 934 798 443 720 202 712 182 663 52 562 340 650 339 754 205 672 207 587 314 506 344
img12484.jpg 941 802 846 649 817 436 788 454 797 704 860 933 798 442 721 201 712 181 665 49 564 343 655 341 755 206 673 207 588 314 505 342
img12485.jpg 942 802 848 647 819 434 788 452 796 703 858 932 799 441 721 201 714 182 669 49 566 345 658 343 756 206 674 206 589 314 505 340
img12486.jpg 941 800 847 645 819 433 787 450 796 701 856 931 799 439 721 202 714 181 672 46 566 346 661 344 757 206 675 206 591 314 505 338
img12487.jpg 938 800 845 645 817 432 787 449 796 700 855 930 798 437 721 203 714 180 675 45 564 345 662 344 757 206 676 206 593 315 505 336
img12488.jpg 935 801 842 645 814 432 787 449 796 700 854 930 797 437 721 203 713 180 677 44 561 341 663 344 757 205 676 205 594 315 504 334
img12489.jpg 933 801 840 644 813 431 787 448 797 699 853 929 797 435 722 203 716 180 679 44 559 339 661 344 757 204 677 204 595 315 504 331
img12490.jpg 931 801 838 644 811 431 787 447 796 698 852 928 797 433 723 204 717 178 680 42 557 336 659 343 756 204 679 204 597 315 505 329
img12491.jpg 930 801 838 644 811 431 787 446 797 697 851 927 797 432 724 203 719 177 682 42 556 333 659 341 755 203 680 203 599 315 505 326
img12492.jpg 930 802 838 644 811 431 786 446 796 697 849 927 797 431 726 202 720 177 683 40 556 330 659 340 756 202 682 202 601 315 505 322
img12493.jpg 929 802 838 644 812 431 785 445 795 696 847 927 797 431 727 202 722 176 685 39 556 328 659 339 756 202 684 202 604 314 507 319
img12494.jpg 928 803 837 644 811 431 784 446 794 697 844 927 797 431 728 202 723 173 686 41 556 325 659 338 757 203 686 203 605 315 511 317
img12495.jpg 927 805 836 646 811 432 783 447 794 698 842 928 796 432 730 202 723 174 685 40 555 321 659 336 758 203 688 203 605 317 515 319
img12496.jpg 925 808 834 648 809 434 781 448 793 700 840 930 795 434 731 202 723 175 687 40 554 316 659 335 759 203 689 203 605 319 518 319
img12497.jpg 922 809 832 649 807 435 781 449 792 700 838 931 794 435 732 201 724 174 689 39 554 312 658 333 760 204 691 204 607 321 524 321
img12498.jpg 920 811 831 650 806 437 781 450 793 701 837 932 794 437 734 201 725 172 689 37 553 307 657 331 761 204 693 204 607 322 527 320
img12499.jpg 917 812 828 651 804 437 782 450 794 702 837 933 794 438 736 201 727 172 692 34 552 302 656 329 762 203 695 203 609 322 529 317
img12500.jpg 916 813 828 651 803 437 783 449 796 701 837 932 794 438 737 202 729 172 697 33 553 298 657 327 763 203 697 203 609 321 529 311
img12501.jpg 915 812 827 649 803 435 784 448 796 700 837 931 794 436 738 201 732 172 699 32 554 294 658 325 764 202 700 202 610 320 530 305
img12502.jpg 914 812 826 649 803 435 785 448 797 700 836 931 795 436 739 201 736 172 699 32 554 289 658 322 765 201 703 201 610 317 529 297
img12503.jpg 913 811 826 648 803 434 785 447 797 698 835 929 795 434 739 200 739 172 703 32 555 284 658 320 767 200 706 200 611 315 529 291
img12504.jpg 913 812 826 648 803 434 784 446 797 698 833 929 795 434 740 199 740 171 704 32 556 279 659 317 768 199 709 199 612 315 528 288
img12505.jpg 911 814 824 649 801 435 783 447 796 699 831 930 794 435 742 198 742 170 706 31 556 272 659 313 770 198 712 198 617 312 531 284
img12506.jpg 908 816 822 651 800 437 783 448 796 700 830 931 794 437 743 197 743 168 709 30 557 265 659 310 771 197 714 197 619 312 529 283
img12507.jpg 907 819 821 654 799 439 782 449 795 701 828 932 793 439 745 196 742 167 711 29 559 259 660 306 774 196 717 196 621 314 528 281
img12508.jpg 905 821 820 655 798 441 781 451 796 702 828 933 793 442 747 195 745 166 713 30 560 253 661 303 776 195 718 195 625 314 529 282
img12509.jpg 905 823 820 657 798 442 780 453 797 701 829 932 793 443 749 195 747 165 717 30 562 248 662 301 778 195 719 195 628 313 530 280
img12510.jpg 906 823 821 657 800 442 779 455 797 703 830 933 792 444 752 194 747 163 717 31 564 245 664 300 780 194 720 194 630 316 529 282
img12511.jpg 906 823 822 656 802 442 777 457 797 701 830 931 791 444 754 194 748 163 717 28 566 243 665 299 781 194 720 194 634 315 533 278
img12512.jpg 907 823 823 656 803 441 777 458 798 700 830 931 791 444 756 194 750 162 722 26 567 241 666 298 781 194 721 194 637 314 536 273
img12513.jpg 906 824 823 656 803 441 775 459 797 699 829 929 789 443 759 194 752 161 724 24 568 238 666 297 782 194 722 194 637 315 542 267
img12514.jpg 904 824 821 656 801 441 774 458 797 699 827 930 787 443 761 194 755 162 727 22 569 233 666 295 783 194 724 194 638 314 548 263
img12515.jpg 901 825 819 656 799 441 773 457 795 695 824 925 786 442 763 194 758 163 729 21 570 228 667 293 784 194 727 194 639 313 557 259
img12516.jpg 899 826 817 656 798 441 772 455 796 697 824 928 785 442 765 194 759 163 734 22 573 222 668 290 787 194 730 194 640 315 566 259
img12517.jpg 897 825 815 655 796 441 772 452 796 696 824 926 785 441 766 195 760 164 735 22 577 217 670 288 790 195 732 195 642 314 575 259
img12518.jpg 896 825 815 655 796 440 771 450 795 695 820 925 785 440 767 196 758 162 737 21 580 212 672 286 793 196 734 196 645 315 581 260
img12519.jpg 896 825 815 654 797 439 772 449 794 692 815 922 786 439 767 196 758 161 737 22 583 209 674 285 796 196 735 196 649 317 586 260
img12520.jpg 896 826 816 654 798 439 773 448 792 693 810 924 787 439 768 197 756 161 738 22 586 206 675 285 798 197 736 195 651 318 587 257
img12521.jpg 897 826 817 654 799 439 775 448 793 691 808 921 787 439 768 197 759 160 741 20 588 204 676 284 798 197 738 194 656 316 591 255
img12522.jpg 897 828 818 655 800 440 776 449 793 690 807 920 787 440 770 197 762 160 743 20 589 202 677 283 799 196 740 192 660 316 594 256
img12523.jpg 897 829 818 656 801 441 777 449 792 693 806 918 787 441 771 197 764 162 746 21 590 200 678 282 799 196 743 190 661 312 595 256
img12524.jpg 897 829 819 656 802 441 778 450 793 693 807 917 787 441 773 196 765 162 749 21 590 197 678 281 798 194 744 188 663 311 599 254
img12525.jpg 897 830 819 656 802 441 777 450 794 695 811 914 787 441 775 196 768 162 749 20 591 194 678 279 798 193 745 188 666 309 601 255
img12526.jpg 896 830 819 655 803 440 777 449 793 693 806 913 788 440 776 195 770 162 751 19 591 192 678 277 797 192 746 189 663 308 602 256
img12527.jpg 896 829 819 655 803 439 777 447 792 693 805 913 789 439 777 194 773 162 753 19 592 189 678 277 797 191 746 189 663 307 602 255
img12528.jpg 895 830 819 655 803 439 777 445 793 694 806 915 790 438 778 193 774 162 754 22 594 186 679 275 797 191 747 191 667 308 605 256
img12529.jpg 895 831 819 655 804 440 778 443 792 694 804 917 791 438 780 193 775 162 755 20 596 184 680 275 799 192 749 192 667 310 604 257
img12530.jpg 896 832 820 656 805 441 778 443 791 690 804 919 792 439 781 194 774 159 758 20 598 182 681 275 800 192 751 193 668 312 608 259
img12531.jpg 895 834 820 658 806 442 779 444 793 694 806 918 793 440 783 194 773 158 760 22 600 181 682 275 800 193 753 194 671 317 611 260
img12532.jpg 894 837 819 660 805 445 778 446 792 691 804 917 793 441 784 196 771 156 762 27 601 179 682 274 800 194 754 195 672 319 612 263
img12533.jpg 892 840 818 662 804 447 778 449 792 690 805 917 793 443 785 197 772 155 766 26 602 177 682 274 800 195 756 195 673 323 614 261
img12534.jpg 890 843 816 665 803 449 777 452 795 694 804 918 792 446 785 197 775 156 772 26 603 174 681 273 799 195 757 195 674 325 616 260
img12535.jpg 888 845 814 667 801 451 776 455 796 696 806 916 791 448 784 197 777 158 777 27 605 172 681 273 800 196 758 194 678 328 615 261
img12536.jpg 886 848 813 669 800 453 774 458 796 696 806 916 789 450 785 197 781 159 781 27 608 168 682 272 801 197 758 194 683 328 615 269
img12537.jpg 885 850 812 670 799 455 774 461 796 698 806 916 788 451 785 196 784 159 784 22 611 166 683 271 803 198 759 194 690 331 617 278
img12538.jpg 884 850 812 671 799 455 774 462 796 698 806 918 787 452 785 197 783 161 787 23 613 163 684 270 803 198 761 195 696 331 618 294
img12539.jpg 882 851 811 671 799 455 773 463 796 696 806 915 786 453 786 197 784 162 787 23 615 161 684 270 803 199 762 197 705 332 620 312
img12540.jpg 880 852 809 671 797 455 774 463 796 696 806 914 785 454 787 198 786 163 789 23 616 159 684 269 803 199 764 198 713 335 624 326
img12541.jpg 878 853 807 672 796 456 775 464 793 698 806 915 784 454 786 199 787 164 790 22 615 157 682 269 800 199 767 199 719 339 628 339
img12542.jpg 875 854 805 673 794 457 776 464 796 700 809 916 784 455 786 200 786 165 793 24 615 157 681 266 798 199 770 201 724 341 636 351
img12543.jpg 873 855 803 674 793 457 776 464 798 702 808 913 784 456 785 201 788 164 791 21 616 157 682 264 796 200 772 202 730 345 642 362
img12544.jpg 872 855 803 673 792 457 777 464 797 700 807 914 786 454 785 202 790 164 794 22 616 155 680 260 796 200 773 202 735 348 649 375
img12545.jpg 872 856 803 673 793 457 776 464 798 699 805 915 788 454 786 202 788 163 795 24 615 152 677 254 795 199 775 203 739 349 656 389
img12546.jpg 871 856 803 672 793 456 776 463 799 697 806 915 789 454 786 203 789 162 796 25 615 146 672 245 795 200 777 202 742 350 662 400
img12547.jpg 870 855 803 672 793 455 776 463 798 696 804 917 790 453 787 203 791 162 794 25 614 135 664 235 796 200 778 202 744 356 664 416
img12548.jpg 868 857 801 673 792 456 778 463 794 695 804 915 790 455 788 204 791 160 797 26 613 124 656 224 796 201 780 203 747 357 669 431
img12549.jpg 864 861 797 676 788 460 778 465 792 696 806 915 788 459 789 205 789 158 796 24 613 115 650 215 796 202 781 204 749 358 675 443
img12550.jpg 860 865 794 680 785 464 779 467 791 696 808 915 786 461 789 206 791 158 795 23 614 106 647 210 796 203 782 205 751 361 680 456
img12551.jpg 857 870 791 685 783 468 780 470 792 698 809 917 785 464 789 206 789 156 796 21 613 102 645 207 796 203 783 206 751 363 684 468
img12552.jpg 855 876 790 690 782 473 780 474 791 699 808 913 784 466 788 207 787 159 798 19 613 101 644 207 795 203 783 207 753 361 692 477
img12553.jpg 854 880 790 694 782 477 781 477 790 699 807 913 784 468 787 208 787 161 797 21 610 99 644 207 795 203 783 208 753 362 699 484
img12554.jpg 856 883 791 696 784 479 783 479 791 703 808 914 785 468 787 208 787 161 797 22 610 100 646 208 794 203 783 208 753 362 706 492
img12555.jpg 857 884 793 697 786 481 784 481 790 705 807 915 785 470 788 208 787 163 797 19 608 98 647 208 793 204 783 208 752 362 711 500
img12556.jpg 859 885 795 697 789 480 785 481 789 706 806 911 786 471 788 208 789 164 796 20 608 95 649 209 794 204 782 208 755 361 717 505
img12557.jpg 860 884 797 696 791 479 787 481 791 707 809 916 785 473 789 208 788 162 795 20 609 94 650 209 794 204 781 208 758 361 724 507
img12558.jpg 860 882 797 694 791 477 787 480 793 706 810 920 784 474 789 208 790 161 793 18 614 94 653 210 795 204 781 209 759 361 729 507
img12559.jpg 859 881 797 693 792 476 785 481 793 706 809 917 783 476 788 208 789 162 796 18 614 91 652 209 796 203 781 210 762 360 732 508
img12560.jpg 858 882 797 692 791 476 784 482 794 707 811 921 782 478 789 208 788 162 797 18 617 91 652 207 796 202 782 212 764 362 734 506
img12561.jpg 855 883 795 694 790 477 783 483 794 706 810 920 780 480 788 208 787 165 797 18 617 89 650 205 796 201 783 214 764 365 737 506
img12562.jpg 854 886 793 696 789 479 782 484 792 704 808 917 779 482 787 207 788 166 795 18 616 86 648 202 795 201 784 215 761 368 738 506
img12563.jpg 852 888 792 698 788 481 781 484 793 705 809 917 778 483 786 207 786 167 796 15 613 83 646 200 794 201 784 216 762 369 735 507
img12564.jpg 850 890 791 699 787 482 782 484 794 705 808 919 777 483 785 206 784 165 794 15 610 82 647 200 794 202 784 216 760 369 733 505
img12565.jpg 850 889 791 698 787 481 782 482 794 703 807 918 777 482 784 207 784 162 794 15 609 82 647 201 794 203 783 215 760 369 729 502
img12566.jpg 850 888 792 696 788 479 782 479 794 702 807 918 778 479 783 207 784 160 794 15 610 82 647 200 795 204 782 214 760 369 723 501
img12567.jpg 849 886 792 694 788 477 783 477 796 706 810 919 779 477 784 206 783 158 796 15 610 83 647 202 796 206 781 214 759 367 718 500
img12568.jpg 848 885 791 692 789 475 784 476 797 707 810 916 780 475 784 206 783 159 797 16 611 86 648 205 796 208 781 213 757 368 714 501
img12569.jpg 847 884 791 691 788 474 784 475 797 708 814 917 781 474 784 205 784 162 797 16 612 84 645 203 797 210 781 213 755 370 710 500
img12570.jpg 845 884 789 691 787 474 784 476 797 707 810 914 782 474 784 204 785 164 797 15 613 83 646 202 798 212 782 213 752 367 707 500
img12571.jpg 843 885 788 691 786 474 784 477 800 708 812 917 782 474 784 204 783 164 800 14 614 83 647 202 799 213 782 213 751 366 705 500
img12572.jpg 841 886 786 692 785 475 783 478 799 707 812 918 783 475 783 205 783 166 799 14 615 81 648 200 799 213 783 213 751 369 702 498
img12573.jpg 839 887 785 692 783 475 783 479 799 705 812 918 783 475 783 206 783 164 799 14 616 79 649 197 799 213 783 213 750 370 701 497
img12574.jpg 837 887 783 692 782 475 782 479 799 703 812 918 782 475 782 207 782 164 799 15 618 81 650 196 799 213 782 213 753 368 700 496
img12575.jpg 836 888 783 692 782 475 782 479 798 705 815 919 782 475 782 207 782 163 798 16 618 81 650 196 798 212 782 213 752 367 703 495
img12576.jpg 835 888 782 692 782 475 782 479 798 703 814 915 782 475 782 206 781 165 798 15 615 83 651 195 798 212 782 214 755 367 703 498
img12577.jpg 835 888 783 692 783 474 782 480 795 701 812 912 783 474 783 207 782 166 798 16 613 84 649 195 798 211 782 214 756 364 704 500
img12578.jpg 834 888 783 691 783 474 782 482 796 701 812 910 783 474 783 206 783 166 799 18 613 82 648 195 798 210 782 214 757 361 706 499
img12579.jpg 835 888 784 691 785 474 782 483 794 701 810 910 784 474 784 206 785 165 798 17 611 82 650 194 798 210 782 213 756 364 708 502
img12580.jpg 836 889 785 691 786 474 782 485 792 703 811 911 784 474 784 206 785 165 798 18 610 82 651 194 798 209 782 213 756 366 706 506
img12581.jpg 836 890 787 692 788 474 781 486 791 706 810 912 784 474 784 207 788 165 798 19 611 77 649 194 797 208 781 214 755 368 707 502
img12582.jpg 837 890 788 692 789 475 781 486 793 705 812 914 783 475 784 207 790 166 796 19 614 74 650 195 796 207 780 215 757 371 712 500
img12583.jpg 837 891 788 693 790 475 781 486 791 706 810 916 781 475 783 207 791 166 797 18 614 77 650 196 796 206 779 216 758 372 715 500
img12584.jpg 835 892 787 693 789 476 781 486 793 707 812 919 780 475 783 208 789 165 799 19 614 78 646 198 795 205 779 218 759 370 716 499
img12585.jpg 832 894 785 694 787 477 782 485 795 705 812 921 779 474 783 208 788 163 798 18 613 79 643 200 795 205 779 219 762 368 717 496
img12586.jpg 829 894 782 694 785 477 782 486 796 703 813 922 779 472 782 207 786 161 799 19 614 83 644 201 796 205 779 221 762 366 718 498
img12587.jpg 824 896 778 696 781 478 781 486 796 705 813 924 780 472 781 207 783 158 800 19 610 87 644 202 796 205 780 221 763 363 715 499
img12588.jpg 821 897 775 697 779 479 781 488 798 703 815 926 780 472 781 207 781 155 798 18 609 87 643 203 796 205 780 222 764 364 712 501
img12589.jpg 819 898 774 697 778 479 781 488 797 704 814 924 780 471 781 207 780 155 797 18 608 87 643 203 796 205 780 221 763 365 715 502
img12590.jpg 818 898 774 697 778 479 780 489 794 703 811 922 780 471 780 207 781 156 797 20 610 85 644 204 795 205 780 220 763 365 716 502
img12591.jpg 819 898 775 696 780 479 780 488 794 705 811 921 781 471 781 207 780 156 797 19 609 84 643 207 795 205 780 218 763 365 715 503
img12592.jpg 822 897 778 695 783 477 780 488 794 704 811 920 781 471 782 207 780 156 797 19 612 84 643 207 794 204 780 218 763 368 715 502
img12593.jpg 823 895 781 693 786 475 780 486 793 705 810 920 782 469 783 207 780 157 797 20 615 85 646 205 794 205 779 217 762 366 718 499
img12594.jpg 824 894 782 691 788 474 780 484 793 703 810 917 783 469 785 208 779 157 796 21 616 86 647 204 794 205 779 217 762 367 714 500
img12595.jpg 826 893 785 690 790 472 780 483 795 704 812 917 784 469 788 208 781 157 795 18 615 89 646 204 793 205 780 217 761 369 713 502
img12596.jpg 826 893 785 689 791 471 781 482 794 705 810 919 784 469 789 208 784 158 794 18 617 91 646 203 793 204 781 218 760 368 714 502
img12597.jpg 825 894 785 690 791 472 782 481 791 707 808 917 784 471 790 207 785 161 795 20 614 92 646 202 792 204 782 217 759 368 716 503
img12598.jpg 823 895 783 691 790 473 783 482 791 706 807 918 784 473 789 207 788 162 794 19 612 94 644 206 792 202 783 217 758 367 713 505
img12599.jpg 821 897 782 693 789 475 783 483 792 708 808 921 784 474 788 207 788 164 795 17 612 92 644 205 792 202 784 217 759 367 713 505
img12600.jpg 818 900 779 695 787 478 783 485 792 708 809 923 784 476 787 207 786 164 796 18 614 91 643 205 793 202 785 216 759 368 713 504
img12601.jpg 816 903 778 698 785 480 782 486 791 705 811 922 784 478 785 207 784 162 798 19 615 90 645 206 795 203 784 216 758 369 715 502
img12602.jpg 814 904 777 699 785 481 781 487 794 704 814 925 783 478 784 208 784 161 797 18 617 90 645 208 796 204 784 216 760 368 716 500
img12603.jpg 814 905 777 699 786 481 780 487 794 707 814 924 784 477 784 209 784 161 797 19 618 87 645 209 797 204 784 215 760 368 716 500
img12604.jpg 815 904 779 697 787 479 781 486 794 708 814 926 783 477 783 210 783 161 797 20 619 87 646 211 797 205 783 215 760 366 717 500
img12605.jpg 816 901 781 694 790 476 782 484 794 708 814 926 783 474 783 210 784 161 797 20 616 87 646 211 797 204 783 216 760 362 717 500
img12606.jpg 818 898 783 691 792 473 783 482 796 709 813 928 782 471 782 210 782 160 796 19 614 86 644 210 796 204 782 217 762 362 719 500
img12607.jpg 819 895 785 688 794 470 784 479 795 709 812 927 782 468 781 210 782 159 795 18 611 86 644 209 796 203 781 218 762 364 718 501
img12608.jpg 820 893 786 685 796 467 784 477 797 707 814 928 782 466 781 209 780 158 793 16 610 87 644 209 795 203 781 219 763 365 719 501
img12609.jpg 819 892 785 684 795 466 783 477 797 706 811 927 782 464 780 209 780 157 790 15 611 92 645 209 795 202 780 219 763 368 721 499
img12610.jpg 816 892 784 684 794 466 782 478 797 706 811 927 783 463 780 209 780 157 790 15 611 95 646 209 794 201 780 219 763 371 722 499
img12611.jpg 813 893 781 684 791 466 780 479 797 705 811 926 784 463 780 209 780 157 790 15 611 98 646 208 792 201 780 218 763 374 722 498
img12612.jpg 808 895 777 685 788 467 779 481 795 706 809 924 783 465 780 209 781 158 788 16 611 102 646 210 792 200 780 218 764 373 723 498
img12613.jpg 803 897 772 687 784 469 778 483 794 704 807 921 782 467 780 210 780 159 787 17 611 107 645 209 790 200 780 216 763 372 725 497
img12614.jpg 800 898 770 688 782 470 777 484 794 702 811 919 782 469 781 210 780 159 787 16 607 111 648 215 789 199 781 215 763 369 723 498
img12615.jpg 799 900 769 690 781 472 779 485 794 701 811 916 782 470 781 210 780 160 784 15 606 116 652 224 787 199 781 214 764 368 724 499
img12616.jpg 798 901 769 691 782 472 780 485 795 702 808 915 782 471 782 210 781 161 781 12 605 124 658 234 786 200 782 212 764 367 724 499
img12617.jpg 798 901 770 690 783 472 782 484 798 701 808 913 783 471 783 211 781 161 778 11 606 131 664 245 786 200 783 211 761 367 721 500
img12618.jpg 800 901 772 690 785 472 784 483 799 702 809 914 784 471 784 211 781 160 775 12 605 142 672 259 787 201 784 211 762 369 721 500
img12619.jpg 800 901 773 690 787 472 787 482 797 701 807 913 785 471 786 210 783 160 773 12 606 154 677 268 789 203 786 211 763 372 723 499
img12620.jpg 800 901 774 689 788 471 788 481 795 702 805 913 785 471 789 210 781 160 768 13 606 171 683 276 791 203 788 211 761 371 725 501
img12621.jpg 801 900 775 688 789 470 788 481 794 704 807 911 785 472 790 209 780 160 764 15 605 186 688 282 793 205 789 211 761 370 725 504
img12622.jpg 801 901 776 689 790 471 788 480 793 706 807 915 785 472 791 208 780 159 761 15 601 202 693 286 794 205 789 212 764 368 725 506
img12623.jpg 801 902 777 689 791 471 787 480 792 706 805 917 785 471 792 207 782 161 760 15 600 219 698 291 794 205 789 213 763 368 724 508
img12624.jpg 801 902 777 689 792 471 785 481 792 704 805 919 786 470 793 206 779 161 756 18 597 233 701 293 794 205 787 213 763 366 724 506
img12625.jpg 800 902 777 689 792 471 783 481 793 705 806 922 787 469 792 205 780 162 757 18 595 248 700 296 793 205 786 214 763 366 724 504
img12626.jpg 799 903 777 689 792 471 781 481 793 702 806 925 787 468 792 206 779 164 756 18 590 261 699 299 792 203 784 214 763 367 723 503
img12627.jpg 799 902 777 689 793 470 780 481 791 703 808 922 787 468 792 205 778 165 758 17 586 276 697 305 793 202 783 214 761 367 724 501
img12628.jpg 797 902 776 688 792 470 780 480 792 701 809 921 787 467 791 206 775 162 755 17 582 288 694 307 793 201 782 213 762 366 724 501
img12629.jpg 797 901 776 687 793 469 780 479 791 701 812 923 787 466 790 207 777 162 753 15 580 298 689 309 793 201 782 213 760 367 726 503
img12630.jpg 796 900 776 685 793 467 780 478 789 701 810 920 787 464 789 208 778 160 751 17 574 307 686 311 793 201 783 212 761 366 727 502
img12631.jpg 795 898 775 683 792 465 781 476 787 701 808 917 788 462 787 208 777 159 749 18 571 316 684 310 794 203 783 212 763 365 726 502
img12632.jpg 792 897 774 681 791 463 781 475 785 698 806 918 790 460 786 207 775 160 748 19 570 324 683 307 793 204 784 211 765 366 724 499
img12633.jpg 790 896 772 680 790 462 782 473 787 700 807 915 789 459 785 207 777 162 750 17 562 330 683 306 791 204 784 211 767 367 723 498
img12634.jpg 788 896 771 680 789 462 783 473 787 700 804 912 788 460 784 206 773 164 750 16 559 336 683 306 790 204 784 212 767 366 723 498
img12635.jpg 785 898 768 681 787 463 785 473 787 698 804 912 787 462 783 206 770 164 750 15 558 336 682 306 789 204 783 211 767 367 723 495
img12636.jpg 783 899 767 683 785 465 784 475 787 698 804 912 785 464 783 206 770 165 750 16 557 338 682 308 787 204 783 211 767 365 726 494
img12637.jpg 781 901 766 685 785 466 783 475 789 699 806 912 783 466 782 207 768 163 748 18 555 339 680 309 785 204 784 211 765 363 728 495
img12638.jpg 780 903 765 686 785 467 783 476 787 697 804 915 782 466 781 208 766 161 746 19 559 340 676 310 785 205 783 210 766 362 728 497
img12639.jpg 778 904 764 687 784 469 781 477 788 697 805 915 782 467 780 209 767 161 743 20 556 341 674 310 784 205 783 209 767 362 729 497
img12640.jpg 778 905 765 687 785 469 780 477 790 699 807 919 782 466 780 209 770 164 742 19 556 343 673 309 784 206 784 209 766 361 728 499
img12641.jpg 779 905 766 687 786 469 781 476 793 698 807 921 784 466 781 209 769 164 742 16 556 343 669 312 783 206 784 209 766 364 728 498
img12642.jpg 778 905 766 687 787 469 782 477 791 696 805 919 785 466 781 210 771 164 743 17 558 343 668 312 782 206 783 210 767 364 729 497
img12643.jpg 778 906 766 687 787 469 784 477 792 696 806 917 785 467 781 211 769 166 745 16 558 342 670 309 781 205 783 211 765 363 731 496
img12644.jpg 778 904 767 685 789 467 786 476 792 699 805 915 784 468 781 211 768 165 744 19 561 344 670 310 779 205 782 211 765 364 731 496
img12645.jpg 777 902 767 683 788 465 789 475 792 697 805 910 784 468 780 212 765 163 742 19 561 343 668 310 778 205 782 212 765 363 732 497
img12646.jpg 775 901 766 682 788 464 791 475 792 697 806 908 782 468 779 212 766 162 740 21 559 343 671 307 778 204 782 213 766 362 734 497
img12647.jpg 774 899 765 679 787 461 792 474 796 699 805 906 781 468 778 212 767 162 738 20 559 343 669 308 777 203 782 213 767 363 734 499
img12648.jpg 770 897 762 677 784 459 793 471 795 698 805 907 780 466 776 211 766 162 734 21 558 342 667 310 776 204 782 213 769 361 734 500
img12649.jpg 766 897 758 677 781 459 792 470 797 699 806 908 779 465 775 210 765 162 733 20 555 340 670 308 776 203 782 212 768 362 733 499
img12650.jpg 761 897 755 677 778 458 789 468 795 701 804 910 777 464 775 208 766 162 733 23 554 341 672 308 775 203 781 211 769 362 733 498
img12651.jpg 757 897 751 676 775 458 788 465 792 701 805 913 776 463 775 207 766 163 732 25 554 341 670 308 774 204 781 210 769 360 732 502
img12652.jpg 750 898 745 677 769 459 786 464 792 699 805 916 774 462 775 207 765 165 731 27 553 339 671 308 775 203 782 209 768 362 731 503
img12653.jpg 749 899 745 678 769 460 785 464 790 701 804 918 774 462 776 207 767 165 732 29 554 339 674 308 776 203 782 208 767 362 732 502
img12654.jpg 747 900 743 679 768 461 783 465 792 698 802 919 773 463 776 207 768 164 732 28 555 341 670 309 776 203 782 207 768 361 732 503
img12655.jpg 747 902 744 680 769 462 782 466 793 697 803 918 774 464 774 207 766 163 732 24 555 340 670 309 776 204 781 207 766 364 732 503
img12656.jpg 747 903 744 681 769 463 780 468 794 695 804 917 773 465 773 208 767 164 729 24 555 341 671 310 777 204 780 208 767 365 733 501
img12657.jpg 750 904 748 681 774 463 779 470 792 695 805 917 774 466 773 208 768 164 730 24 553 341 672 310 777 204 778 208 768 361 734 501
img12658.jpg 750 904 749 681 775 463 778 471 792 694 806 915 774 465 773 208 769 162 727 23 550 339 670 312 778 203 777 208 769 363 734 503
img12659.jpg 752 904 751 681 778 463 778 470 791 695 808 913 775 463 773 208 768 165 727 24 550 339 671 313 778 202 776 208 768 363 734 501
img12660.jpg 753 904 753 681 779 463 780 469 790 693 808 915 776 461 774 208 770 166 726 27 552 340 668 316 780 202 777 208 770 360 736 500
img12661.jpg 755 903 756 680 783 462 782 468 791 694 808 915 778 460 775 207 768 167 727 24 553 340 669 317 779 202 778 207 768 361 734 501
img12662.jpg 755 904 756 680 784 462 784 467 793 695 810 916 780 459 776 207 766 169 722 27 556 342 671 315 779 203 779 207 766 363 732 499
img12663.jpg 755 904 757 681 785 463 785 467 794 694 811 916 781 460 776 207 764 171 723 25 557 345 672 314 777 204 779 207 767 362 730 498
img12664.jpg 755 904 758 680 786 462 787 468 793 692 811 918 782 460 776 207 766 169 721 24 558 343 672 315 776 205 780 207 769 360 731 498
img12665.jpg 756 903 760 679 788 461 788 469 793 691 810 916 784 461 776 208 765 169 721 26 555 342 674 311 775 205 780 207 769 359 732 498
img12666.jpg 757 903 762 678 790 460 789 469 794 692 807 914 787 460 776 209 767 168 721 29 555 341 674 311 775 204 780 208 771 357 734 496
img12667.jpg 758 901 764 676 793 458 791 469 793 689 806 912 790 458 776 209 767 165 721 27 555 341 675 311 775 205 781 207 773 357 734 497
img12668.jpg 760 898 766 674 796 456 794 468 792 690 805 911 793 456 777 209 767 162 719 28 557 341 677 312 776 204 782 207 773 356 738 497
img12669.jpg 763 896 769 671 799 453 795 466 793 691 806 909 795 455 777 210 765 162 718 32 557 343 681 311 777 205 782 206 774 358 737 498
img12670.jpg 763 894 770 669 800 451 797 463 795 691 807 908 797 455 778 209 764 162 717 32 559 345 683 314 778 206 782 207 776 360 736 500
img12671.jpg 762 893 770 667 800 449 797 461 794 691 809 908 797 455 778 209 763 160 716 33 561 347 685 316 778 207 782 207 778 362 735 502
img12672.jpg 761 891 770 666 800 448 797 460 794 692 809 909 796 456 779 209 763 162 716 35 561 348 686 317 779 208 781 208 778 363 735 500
img12673.jpg 760 891 770 665 800 447 797 459 795 692 810 910 796 457 779 209 764 162 717 37 561 349 686 318 779 208 780 208 779 361 733 499
img12674.jpg 760 891 770 665 801 447 798 459 795 695 808 911 796 457 780 208 764 161 714 36 560 350 686 318 780 208 780 208 777 362 733 497
img12675.jpg 761 892 772 665 803 448 799 460 796 696 809 913 796 458 780 208 765 160 711 34 560 349 686 318 780 208 780 208 774 362 734 498
img12676.jpg 762 893 774 667 805 449 800 461 794 697 806 912 797 459 781 208 766 159 708 33 560 349 686 318 781 208 781 208 775 362 734 495
img12677.jpg 764 894 776 667 808 449 799 463 791 699 807 913 797 459 781 208 765 159 708 32 561 348 689 319 781 208 781 208 775 361 737 495
img12678.jpg 764 894 778 667 810 451 798 465 788 699 807 911 798 461 780 208 765 159 707 31 563 346 691 320 780 208 780 208 775 362 740 493
img12679.jpg 762 894 777 667 810 454 797 469 783 698 809 910 799 463 780 208 767 160 709 32 567 344 696 321 779 208 779 208 776 360 741 492
img12680.jpg 768 898 780 671 811 458 795 471 775 700 808 911 800 465 780 208 765 164 710 31 571 342 700 326 779 208 779 208 778 359 743 488
img12681.jpg 780 901 787 674 810 461 793 474 770 700 810 913 801 467 780 207 767 165 711 31 577 339 705 330 778 207 778 207 777 359 741 490
img12682.jpg 803 902 798 675 811 466 791 476 764 697 811 916 802 469 781 205 768 165 708 30 587 337 709 331 779 204 776 205 775 357 738 489
img12683.jpg 819 903 806 676 812 469 788 476 759 696 813 920 801 469 781 203 769 165 706 32 599 336 716 334 780 201 774 203 772 359 736 489
img12684.jpg 838 908 817 681 814 471 786 475 755 697 813 924 803 467 781 201 766 166 708 34 604 323 723 337 782 199 771 201 769 359 732 491
img12685.jpg 846 907 822 680 816 472 784 474 753 697 811 927 804 465 779 199 767 165 708 34 611 315 732 337 786 197 765 199 763 361 725 494
img12686.jpg 836 904 820 676 820 471 781 474 754 694 809 929 804 463 777 199 764 164 709 36 618 315 744 339 791 195 758 199 757 358 722 493
img12687.jpg 824 906 816 677 824 470 779 474 756 695 809 931 804 460 775 198 763 163 711 37 625 319 757 342 797 195 750 198 749 361 718 496
img12688.jpg 817 909 815 679 828 468 778 475 763 697 805 932 805 459 774 198 763 163 717 36 633 328 772 345 805 196 741 198 741 359 713 500
img12689.jpg 809 911 814 681 833 466 776 477 765 695 806 935 804 460 773 198 765 163 716 41 653 353 788 348 815 197 730 198 734 361 709 504
img12690.jpg 807 914 815 684 837 466 774 479 771 695 808 938 804 462 773 199 764 161 717 47 675 376 803 352 824 199 721 199 724 363 707 505
img12691.jpg 820 920 823 690 841 465 772 480 773 700 809 940 804 463 773 200 766 164 719 55 700 397 818 355 833 201 711 200 714 367 703 510
img12692.jpg 827 924 829 693 845 465 771 481 777 702 810 941 805 464 773 202 767 165 724 60 728 416 834 358 842 204 703 201 705 367 698 513
img12693.jpg 838 924 836 693 848 465 770 482 779 698 812 942 805 466 774 203 769 167 726 63 756 432 848 362 850 207 696 202 697 367 690 515
img12694.jpg 854 920 845 690 851 467 770 483 782 698 811 941 807 468 776 205 772 167 735 63 785 445 861 366 857 210 692 203 690 367 683 515
img12695.jpg 862 917 851 687 854 468 770 482 784 698 810 941 809 470 779 207 777 170 747 60 815 455 875 369 864 213 689 203 684 366 674 516
img12696.jpg 869 918 856 687 857 471 771 483 788 699 811 941 812 473 783 210 781 170 757 55 845 462 889 372 873 216 687 204 680 368 667 513
img12697.jpg 872 918 858 687 858 474 771 484 788 697 808 940 814 478 788 212 788 171 771 49 873 466 902 376 880 219 687 204 676 371 659 510
img12698.jpg 876 919 861 688 860 477 771 486 787 698 807 940 817 482 795 214 794 171 787 46 897 468 911 376 886 222 687 204 672 374 656 509
img12699.jpg 876 921 863 689 862 479 773 487 788 699 808 938 820 484 802 215 801 170 801 41 920 474 918 376 893 224 689 204 672 375 655 505
img12700.jpg 876 920 864 688 864 480 774 488 789 698 809 934 821 486 809 216 809 171 816 45 937 479 922 376 900 226 693 204 673 374 655 497
img12701.jpg 873 915 864 687 866 479 776 488 786 694 807 932 822 486 816 216 816 170 833 46 950 486 927 375 906 227 698 204 675 372 658 493
img12702.jpg 870 911 863 686 869 477 780 488 783 693 807 933 824 485 823 217 823 170 846 47 960 493 930 374 913 228 705 204 680 367 663 487
img12703.jpg 864 909 861 687 871 475 783 487 784 694 807 930 825 484 830 217 834 170 860 50 970 500 937 377 921 228 714 205 684 367 670 484
img12704.jpg 857 906 857 689 873 474 786 486 783 692 803 933 826 484 837 218 844 172 874 52 977 502 944 379 928 228 724 204 687 365 677 482
img12705.jpg 857 906 854 692 874 473 788 486 783 692 803 933 827 484 844 219 851 169 889 47 983 505 949 380 934 228 734 204 695 366 685 485
img12706.jpg 858 907 852 693 877 475 789 485 782 693 803 934 830 484 851 220 858 168 903 47 986 506 951 382 940 227 744 204 703 361 693 486
img12707.jpg 861 906 854 695 881 477 792 484 786 692 799 933 832 483 858 219 868 168 916 47 989 509 954 385 946 227 753 203 710 361 703 489
img12708.jpg 865 907 861 695 884 480 793 483 787 692 794 931 835 483 863 218 875 168 930 51 989 510 954 387 950 227 762 203 721 360 711 487
img12709.jpg 869 909 869 693 889 482 796 480 790 690 787 926 839 480 869 217 879 169 945 51 989 515 955 388 955 227 770 203 732 361 725 488
img12710.jpg 870 909 880 691 893 484 800 479 792 688 781 922 843 478 874 215 887 169 958 57 992 515 954 386 958 227 778 203 741 363 738 485
img12711.jpg 871 911 890 690 896 486 804 478 800 685 779 914 845 476 879 213 894 174 969 55 996 519 955 387 962 228 787 203 749 363 753 482
img12712.jpg 867 913 897 692 899 484 809 475 807 682 775 909 849 473 884 212 901 176 982 60 999 519 955 386 964 229 796 203 761 359 769 474
img12713.jpg 866 910 897 691 901 483 816 473 816 677 777 906 851 470 889 212 907 179 996 60 1002 521 955 384 967 229 806 202 770 357 784 474
img12714.jpg 863 906 899 694 902 480 824 471 827 673 785 904 855 468 895 211 915 180 1004 61 1005 517 955 384 968 229 816 201 780 353 794 469
img12715.jpg 860 906 900 695 904 478 833 467 840 669 793 902 858 467 900 210 922 183 1014 61 1005 518 955 386 968 228 828 200 792 349 809 469
img12716.jpg 859 905 899 697 905 474 841 464 851 666 802 901 862 465 905 210 928 181 1024 63 1004 517 954 385 967 227 841 199 806 350 823 470
img12717.jpg 860 905 900 697 907 473 848 461 862 664 817 898 866 465 910 210 933 180 1032 61 1002 516 955 384 966 225 854 200 820 356 838 476
img12718.jpg 858 905 907 697 909 473 855 461 872 665 830 897 871 468 916 210 937 176 1039 61 999 516 956 384 965 224 867 201 837 358 858 478
img12719.jpg 860 909 914 694 912 475 860 462 882 667 842 896 875 470 921 210 941 176 1045 62 998 519 958 381 965 224 879 203 856 362 881 482
img12720.jpg 865 910 922 696 917 478 866 464 891 670 854 895 880 473 927 211 946 174 1049 60 999 518 959 378 966 223 889 204 874 365 904 485
img12721.jpg 864 910 931 694 924 484 873 469 901 675 868 898 887 478 933 213 951 174 1055 61 1001 517 961 378 969 224 898 206 888 366 922 485
img12722.jpg 865 909 941 692 932 491 880 475 912 682 881 902 894 484 938 215 954 174 1060 65 1004 517 964 379 972 224 906 207 903 367 941 485
img12723.jpg 866 912 953 693 940 497 888 481 924 688 896 904 902 488 942 217 959 175 1062 62 1009 517 965 378 976 225 913 208 911 367 949 486
img12724.jpg 870 909 964 695 949 502 897 484 936 691 910 905 911 492 946 219 963 179 1064 65 1010 514 967 380 979 225 919 209 917 366 954 486
img12725.jpg 875 905 981 695 955 505 904 487 948 694 924 905 919 494 950 220 966 179 1068 67 1014 512 969 383 983 226 927 210 922 366 958 487
img12726.jpg 889 899 1004 696 961 505 911 486 958 694 937 901 926 493 954 220 970 181 1072 69 1018 513 973 381 986 226 934 211 926 367 959 490
img12727.jpg 907 889 1027 693 966 501 917 483 968 691 950 895 933 489 958 219 976 185 1072 68 1024 511 976 378 989 225 941 212 928 367 955 491
img12728.jpg 928 874 1050 687 971 495 923 477 979 687 963 887 940 483 963 217 979 187 1075 71 1027 507 979 375 992 224 947 213 935 367 962 492
img12729.jpg 951 852 1077 679 977 489 929 474 987 684 972 881 945 477 968 215 985 185 1078 68 1035 505 985 372 997 223 954 213 941 365 968 491
img12730.jpg 978 831 1102 667 983 483 935 472 991 681 974 875 952 472 972 214 989 185 1080 67 1041 503 992 368 1000 221 959 213 946 362 971 489
img12731.jpg 1004 812 1122 654 990 478 942 471 996 682 976 872 959 470 977 213 993 183 1082 67 1047 497 996 368 1003 220 962 213 952 359 979 486
img12732.jpg 1027 797 1145 642 997 475 948 472 1000 684 977 870 966 469 981 213 997 179 1087 67 1052 495 1000 368 1008 220 966 212 958 357 986 484
img12733.jpg 1048 782 1163 632 1003 473 954 475 1002 683 974 872 972 468 985 213 1002 178 1092 67 1060 494 1008 367 1013 220 969 212 962 354 989 482
img12734.jpg 1071 778 1177 625 1010 472 960 476 1004 682 970 873 979 469 990 215 1004 178 1097 70 1069 492 1014 365 1017 219 973 212 966 354 992 483
img12735.jpg 1087 775 1187 619 1016 471 965 477 1007 683 973 877 985 470 995 216 1010 180 1103 69 1075 490 1020 363 1023 220 977 213 970 354 995 483
img12736.jpg 1103 779 1196 617 1022 471 970 476 1009 679 975 879 992 470 1000 218 1016 182 1110 69 1085 491 1028 363 1030 220 983 213 974 353 997 483
img12737.jpg 1124 782 1202 617 1029 471 976 476 1012 676 973 881 998 470 1007 220 1022 185 1115 70 1092 490 1038 361 1037 220 989 214 978 353 999 484
img12738.jpg 1150 791 1209 619 1037 471 982 475 1016 679 974 880 1005 471 1014 221 1029 187 1121 68 1102 491 1045 362 1044 221 996 214 983 352 1001 485
img12739.jpg 1173 800 1217 622 1045 472 987 474 1018 681 976 884 1012 472 1021 221 1038 189 1128 69 1109 490 1054 363 1051 222 1003 215 988 352 1004 485
img12740.jpg 1202 812 1224 623 1054 472 993 472 1022 680 976 883 1017 472 1030 221 1047 189 1134 72 1121 489 1063 366 1059 222 1010 216 993 352 1006 486
img12741.jpg 1229 821 1232 626 1063 473 999 472 1026 680 978 885 1023 473 1040 221 1058 189 1141 73 1131 489 1074 367 1068 223 1016 217 998 353 1009 488
img12742.jpg 1254 831 1238 634 1072 475 1005 473 1028 683 980 888 1030 473 1050 221 1068 190 1150 76 1144 488 1084 372 1079 225 1023 219 1003 354 1011 489
img12743.jpg 1275 843 1241 641 1081 478 1013 475 1030 684 980 890 1037 474 1061 223 1079 189 1160 80 1157 488 1095 373 1091 227 1030 221 1010 356 1016 492
img12744.jpg 1292 855 1242 653 1090 480 1023 479 1034 687 981 889 1047 475 1072 225 1090 189 1171 83 1174 494 1109 376 1105 229 1038 224 1017 358 1023 494
img12745.jpg 1301 863 1242 665 1100 485 1033 484 1039 690 983 890 1058 477 1084 228 1100 190 1184 88 1190 498 1122 378 1120 232 1045 228 1025 361 1030 498
img12746.jpg 1308 873 1240 681 1112 489 1045 489 1043 694 981 891 1072 479 1097 231 1114 191 1197 92 1206 502 1138 382 1138 235 1053 231 1034 364 1039 502
img12747.jpg 1312 883 1241 695 1125 492 1058 494 1047 695 979 889 1084 481 1110 235 1127 192 1210 94 1223 506 1155 383 1158 237 1063 235 1045 367 1049 505
img12748.jpg 1313 889 1246 706 1139 495 1071 498 1054 697 980 890 1099 483 1124 238 1145 191 1227 101 1242 511 1178 389 1180 239 1073 238 1055 369 1058 508
img12749.jpg 1314 900 1251 713 1156 498 1082 500 1061 695 981 891 1113 485 1141 240 1164 191 1242 112 1262 514 1199 395 1202 241 1084 240 1065 371 1067 510
img12750.jpg 1316 906 1259 717 1172 498 1094 499 1070 697 983 892 1128 486 1159 241 1183 190 1254 122 1282 519 1224 399 1226 243 1097 241 1076 370 1075 510
img12751.jpg 1319 913 1270 718 1188 498 1104 498 1078 695 987 890 1142 486 1177 240 1201 193 1267 126 1304 523 1247 402 1248 244 1110 240 1087 369 1082 509
img12752.jpg 1322 916 1276 712 1203 495 1114 494 1089 692 993 891 1158 485 1196 239 1220 197 1282 131 1327 525 1271 406 1270 245 1123 239 1095 370 1087 506
img12753.jpg 1322 917 1285 709 1217 493 1123 490 1099 688 1001 888 1171 484 1215 237 1237 200 1294 129 1345 524 1291 408 1290 246 1137 236 1105 368 1091 500
img12754.jpg 1323 914 1291 708 1230 489 1134 486 1108 686 1010 882 1184 483 1232 235 1252 202 1310 120 1362 525 1310 406 1309 246 1150 233 1113 368 1096 496
img12755.jpg 1327 912 1294 705 1241 487 1143 483 1117 682 1021 870 1195 482 1248 234 1268 206 1327 110 1378 520 1327 405 1327 247 1163 230 1119 366 1101 491
img12756.jpg 1326 908 1296 702 1251 485 1154 480 1129 680 1037 859 1206 480 1263 233 1281 205 1342 105 1393 515 1345 404 1343 246 1174 226 1127 365 1106 485
img12757.jpg 1327 905 1303 703 1261 484 1165 477 1140 678 1056 844 1214 479 1275 234 1291 200 1352 100 1404 514 1361 402 1358 246 1185 221 1135 359 1111 481
img12758.jpg 1329 902 1305 702 1272 484 1176 474 1151 676 1077 825 1223 478 1286 235 1299 202 1360 97 1415 515 1375 398 1372 245 1194 218 1142 355 1117 478
img12759.jpg 1328 900 1310 700 1282 482 1187 471 1163 674 1101 808 1233 475 1295 236 1306 201 1368 94 1426 514 1389 397 1384 244 1202 215 1150 351 1122 474
img12760.jpg 1327 899 1315 699 1292 480 1198 468 1174 672 1127 794 1242 473 1302 236 1312 200 1370 94 1433 515 1403 397 1394 243 1208 213 1161 351 1127 473
img12761.jpg 1327 897 1321 698 1301 478 1207 466 1183 671 1152 783 1251 471 1308 234 1318 199 1372 91 1438 515 1414 395 1404 243 1213 212 1167 349 1131 473
img12762.jpg 1328 890 1322 697 1311 476 1216 464 1192 671 1176 771 1261 468 1312 232 1325 200 1373 90 1441 515 1423 394 1411 243 1218 212 1176 351 1137 474
img12763.jpg 1327 891 1324 694 1319 474 1222 464 1199 672 1195 765 1270 466 1318 231 1330 197 1369 89 1443 518 1428 394 1417 244 1222 212 1184 351 1142 477
img12764.jpg 1328 889 1328 689 1327 475 1229 465 1205 673 1213 765 1278 464 1323 230 1334 197 1360 87 1444 519 1432 395 1423 245 1226 211 1191 352 1149 478
img12765.jpg 1329 875 1332 686 1337 476 1235 466 1212 675 1230 775 1286 464 1327 230 1338 197 1353 83 1443 520 1434 396 1427 247 1229 211 1195 351 1154 480
img12766.jpg 1332 866 1336 682 1346 476 1243 467 1220 677 1249 788 1294 465 1333 231 1340 195 1343 84 1440 524 1434 398 1430 248 1233 210 1203 354 1162 480
img12767.jpg 1335 865 1341 680 1355 477 1251 468 1230 679 1275 811 1302 466 1337 232 1340 194 1335 84 1439 526 1436 400 1432 249 1237 209 1210 352 1171 481
img12768.jpg 1337 862 1347 680 1363 479 1261 471 1238 682 1300 840 1311 469 1339 233 1339 196 1327 81 1436 525 1439 401 1432 249 1241 208 1217 353 1181 483
img12769.jpg 1339 865 1349 680 1370 479 1271 474 1246 684 1322 865 1319 472 1340 232 1339 195 1320 83 1433 523 1442 401 1431 249 1245 207 1225 353 1189 487
img12770.jpg 1344 888 1349 679 1376 479 1279 476 1256 688 1339 884 1326 473 1342 231 1337 194 1312 86 1429 523 1445 396 1428 246 1250 206 1233 355 1198 492
img12771.jpg 1342 901 1348 678 1381 478 1287 479 1266 690 1354 902 1332 473 1342 228 1336 195 1304 86 1425 521 1448 390 1425 243 1255 205 1240 354 1208 498
img12772.jpg 1342 912 1347 675 1386 476 1294 480 1275 693 1358 911 1338 471 1343 226 1333 188 1298 90 1420 519 1447 385 1422 240 1261 204 1247 356 1215 508
img12773.jpg 1349 915 1344 671 1389 472 1300 480 1288 696 1365 918 1343 468 1345 224 1333 184 1291 89 1418 514 1447 378 1418 235 1266 203 1253 359 1222 514
img12774.jpg 1354 915 1342 666 1393 469 1307 478 1300 701 1371 924 1349 463 1348 223 1332 183 1287 90 1416 514 1447 371 1415 230 1271 202 1259 362 1230 518
img12775.jpg 1354 905 1339 662 1396 466 1313 477 1312 700 1376 931 1355 460 1348 222 1328 182 1283 88 1418 509 1446 367 1412 227 1276 202 1264 364 1235 521
img12776.jpg 1357 901 1336 658 1399 464 1319 476 1322 703 1380 934 1362 457 1349 222 1325 179 1280 89 1420 509 1447 369 1409 223 1281 203 1267 369 1241 522
img12777.jpg 1355 899 1333 655 1402 462 1326 475 1329 704 1385 939 1369 454 1351 222 1326 185 1277 87 1424 508 1448 369 1407 221 1284 206 1274 371 1248 521
img12778.jpg 1356 898 1330 653 1405 462 1333 475 1333 703 1385 940 1375 452 1351 222 1323 187 1275 89 1424 510 1448 372 1405 220 1288 209 1278 375 1252 521
img12779.jpg 1356 896 1326 652 1407 463 1339 475 1336 703 1385 938 1380 453 1350 221 1323 186 1271 91 1420 510 1446 374 1404 220 1292 212 1284 376 1255 523
img12780.jpg 1357 895 1322 650 1408 463 1344 475 1337 704 1387 938 1383 454 1350 221 1324 186 1268 94 1413 511 1441 377 1401 219 1295 216 1291 374 1262 522
img12781.jpg 1359 898 1317 648 1409 464 1349 476 1339 705 1389 938 1386 455 1350 221 1326 187 1262 94 1404 507 1434 376 1398 218 1300 218 1296 373 1263 522
img12782.jpg 1363 894 1311 647 1409 465 1352 477 1340 708 1387 937 1387 457 1349 221 1327 188 1257 94 1391 503 1425 374 1394 217 1305 220 1300 374 1264 524
img12783.jpg 1361 895 1304 646 1407 468 1355 478 1341 708 1388 938 1386 461 1348 222 1328 189 1251 95 1376 499 1414 372 1387 216 1309 222 1304 375 1268 525
img12784.jpg 1358 896 1296 645 1405 470 1357 479 1345 707 1391 939 1386 463 1347 224 1328 190 1245 94 1362 493 1402 369 1380 214 1314 224 1308 379 1272 528
img12785.jpg 1355 897 1288 646 1402 474 1358 481 1345 709 1391 940 1386 467 1346 225 1329 193 1239 93 1346 489 1390 368 1373 213 1318 225 1312 381 1272 530
img12786.jpg 1351 895 1280 648 1399 478 1359 483 1345 711 1391 941 1385 470 1345 226 1328 194 1233 95 1330 485 1379 367 1366 214 1321 226 1318 385 1275 533
img12787.jpg 1344 897 1272 648 1396 482 1361 485 1344 709 1394 943 1384 473 1344 228 1328 195 1225 96 1316 483 1367 369 1360 216 1325 228 1321 389 1282 534
img12788.jpg 1341 895 1266 646 1396 484 1363 486 1345 710 1394 942 1385 474 1343 230 1325 196 1215 99 1304 483 1358 371 1354 220 1327 230 1325 391 1285 534
img12789.jpg 1342 892 1263 643 1397 484 1366 486 1342 711 1389 943 1386 476 1340 233 1319 196 1207 104 1295 486 1350 376 1347 227 1329 233 1329 394 1286 533
img12790.jpg 1341 889 1261 637 1401 482 1372 484 1341 708 1385 940 1388 475 1337 236 1312 199 1197 110 1289 490 1343 381 1340 234 1330 236 1331 400 1288 534
img12791.jpg 1344 887 1261 631 1405 480 1377 482 1341 706 1382 937 1391 473 1332 241 1305 207 1187 121 1284 495 1337 387 1333 241 1330 241 1331 404 1292 535
img12792.jpg 1349 885 1261 626 1410 480 1383 481 1339 704 1375 932 1394 474 1326 247 1294 214 1178 136 1280 501 1330 394 1324 249 1329 247 1333 407 1291 539
img12793.jpg 1349 885 1260 624 1413 482 1388 483 1336 704 1372 931 1398 476 1319 254 1289 224 1168 150 1275 508 1323 402 1315 259 1327 254 1333 415 1288 545
img12794.jpg 1347 882 1259 623 1417 485 1393 487 1335 704 1372 926 1401 478 1313 263 1282 238 1157 168 1269 515 1315 410 1305 268 1325 263 1331 422 1291 551
img12795.jpg 1349 885 1256 623 1418 491 1398 493 1333 708 1370 925 1406 485 1306 273 1275 252 1147 190 1261 525 1306 419 1294 280 1323 273 1330 432 1290 562
img12796.jpg 1348 885 1251 625 1417 497 1404 499 1329 709 1369 922 1409 492 1299 285 1266 263 1138 206 1255 537 1297 429 1283 294 1321 285 1329 442 1290 573
img12797.jpg 1343 888 1243 626 1413 503 1412 505 1328 713 1370 924 1414 499 1292 299 1262 279 1126 225 1249 551 1288 440 1275 308 1318 298 1328 454 1289 583
img12798.jpg 1342 890 1234 627 1408 509 1421 509 1330 716 1372 923 1417 505 1287 313 1254 294 1119 240 1242 562 1281 451 1267 323 1315 312 1327 469 1290 598
img12799.jpg 1338 893 1225 628 1402 515 1429 514 1329 718 1371 923 1420 512 1282 329 1250 311 1112 260 1235 576 1275 465 1260 339 1312 327 1326 483 1287 615
img12800.jpg 1332 892 1215 631 1397 523 1436 519 1327 717 1372 922 1422 520 1279 346 1248 326 1107 278 1227 591 1269 479 1255 355 1309 342 1321 501 1285 627
img12801.jpg 1327 892 1209 633 1394 531 1442 525 1324 718 1374 924 1423 528 1276 363 1247 347 1107 306 1217 602 1265 495 1251 371 1307 358 1318 519 1280 643
img12802.jpg 1325 890 1205 638 1393 541 1447 533 1319 719 1373 924 1423 538 1274 381 1244 367 1111 329 1208 617 1262 514 1248 389 1305 375 1313 539 1274 662
img12803.jpg 1322 888 1202 643 1393 552 1450 544 1314 722 1371 923 1424 549 1272 401 1242 386 1112 355 1199 634 1257 532 1247 408 1303 394 1311 557 1265 682
img12804.jpg 1322 889 1200 650 1394 565 1453 557 1312 728 1371 926 1425 562 1270 420 1240 406 1116 378 1193 651 1254 548 1246 427 1303 414 1306 580 1257 700
img12805.jpg 1321 892 1197 658 1394 578 1456 572 1311 740 1371 929 1427 576 1268 440 1239 428 1118 401 1189 668 1251 566 1245 447 1302 436 1304 600 1249 723
img12806.jpg 1320 893 1193 668 1393 594 1459 590 1313 756 1370 934 1429 593 1267 460 1240 446 1119 418 1184 688 1250 584 1245 468 1302 458 1303 622 1242 744
img12807.jpg 1319 897 1188 678 1390 610 1461 609 1316 775 1370 943 1430 611 1267 480 1241 465 1120 437 1180 706 1248 600 1245 488 1303 479 1300 644 1237 764
img12808.jpg 1318 900 1183 690 1387 628 1463 630 1319 797 1370 958 1431 631 1268 500 1242 486 1121 457 1177 726 1249 616 1244 507 1304 500 1297 666 1233 783
img12809.jpg 1318 901 1179 703 1385 647 1462 653 1319 821 1369 977 1431 652 1270 519 1245 504 1124 475 1173 747 1248 634 1243 526 1304 521 1297 683 1232 803
img12810.jpg 1317 903 1174 715 1382 665 1460 676 1318 845 1367 999 1429 672 1271 537 1248 523 1127 493 1175 768 1248 650 1243 543 1306 540 1297 701 1227 822
img12811.jpg 1319 904 1173 727 1382 683 1457 697 1316 867 1364 1019 1427 692 1273 554 1249 541 1128 510 1181 772 1249 663 1243 560 1307 558 1295 718 1224 840
img12812.jpg 1320 900 1174 737 1385 700 1453 718 1312 889 1359 1039 1425 710 1274 568 1249 557 1128 525 1192 775 1252 676 1243 576 1309 575 1298 734 1224 854
img12813.jpg 1330 906 1175 746 1387 715 1449 736 1309 908 1355 1056 1423 727 1275 582 1254 570 1133 537 1197 778 1252 688 1245 591 1311 590 1301 748 1224 867
img12814.jpg 1337 912 1177 754 1389 730 1446 751 1307 924 1351 1070 1421 742 1277 594 1254 582 1133 549 1199 778 1254 698 1246 605 1314 604 1301 761 1221 876
img12815.jpg 1311 899 1178 761 1393 743 1443 764 1305 938 1349 1082 1420 755 1279 605 1256 591 1135 557 1199 781 1257 708 1248 618 1315 617 1303 772 1221 885
img12816.jpg 1309 897 1178 765 1395 755 1442 776 1305 951 1347 1093 1421 768 1280 615 1257 600 1136 566 1193 800 1258 718 1248 629 1317 627 1306 782 1223 894
img12817.jpg 1319 905 1177 770 1396 766 1440 785 1304 961 1345 1101 1421 778 1283 623 1261 608 1140 573 1184 820 1259 725 1250 637 1319 637 1306 790 1223 902
img12818.jpg 1284 889 1176 773 1397 775 1439 792 1304 969 1344 1107 1421 787 1285 630 1262 617 1141 581 1178 836 1261 731 1250 643 1320 644 1306 797 1222 908
img12819.jpg 1275 882 1175 777 1396 782 1438 799 1304 977 1343 1113 1421 794 1286 636 1264 624 1143 587 1176 848 1264 735 1251 647 1321 650 1310 802 1224 917
img12820.jpg 1313 901 1176 778 1395 787 1437 805 1304 984 1341 1118 1421 800 1288 640 1264 630 1144 592 1172 854 1265 737 1252 649 1322 655 1312 808 1228 921
img12821.jpg 1290 893 1175 780 1389 791 1436 810 1303 989 1340 1121 1420 805 1289 643 1267 633 1146 595 1169 856 1265 739 1254 649 1323 659 1313 809 1229 923
img12822.jpg 1254 879 1174 781 1380 792 1435 814 1303 994 1339 1124 1419 810 1290 645 1267 635 1146 596 1164 853 1263 741 1255 648 1324 661 1315 810 1229 923
img12823.jpg 1255 880 1174 782 1372 793 1434 817 1304 998 1339 1127 1417 813 1291 647 1267 635 1147 595 1161 851 1263 744 1258 647 1325 662 1317 811 1229 925
img12824.jpg 1230 875 1172 781 1360 791 1435 820 1305 1002 1339 1128 1416 816 1293 649 1269 635 1148 595 1157 847 1262 746 1260 646 1326 663 1316 813 1229 927
img12825.jpg 1194 860 1171 783 1349 789 1435 821 1307 1004 1340 1128 1416 818 1294 649 1271 634 1151 593 1153 845 1261 748 1262 645 1326 663 1318 813 1228 928
img12826.jpg 1193 861 1172 783 1347 789 1437 822 1309 1005 1341 1127 1416 819 1295 649 1272 635 1152 593 1156 846 1263 751 1263 644 1327 663 1319 813 1227 928
img12827.jpg 1192 861 1173 783 1352 792 1438 821 1312 1006 1343 1126 1416 819 1296 649 1274 634 1154 591 1163 848 1266 752 1264 643 1327 662 1319 815 1225 928
img12828.jpg 1191 861 1174 782 1358 794 1439 820 1314 1006 1344 1124 1417 818 1297 648 1274 634 1154 591 1167 849 1268 753 1264 643 1328 662 1319 816 1225 925
img12829.jpg 1189 861 1176 783 1371 797 1440 818 1316 1004 1345 1120 1417 817 1296 646 1276 634 1156 590 1173 849 1271 752 1264 643 1329 662 1320 815 1224 919
img12830.jpg 1223 873 1176 781 1381 799 1441 816 1317 1003 1345 1117 1418 814 1296 644 1275 633 1156 588 1180 847 1273 748 1264 642 1330 661 1317 815 1220 915
img12831.jpg 1257 886 1177 778 1387 797 1441 811 1318 999 1345 1111 1420 809 1296 641 1276 630 1157 585 1183 841 1274 743 1264 641 1331 659 1317 814 1219 909
img12832.jpg 1256 882 1180 776 1389 791 1440 806 1318 995 1345 1105 1421 804 1296 638 1278 628 1158 582 1183 837 1274 741 1265 639 1332 656 1316 810 1217 903
img12833.jpg 1283 893 1182 773 1390 784 1440 800 1320 989 1345 1097 1423 796 1295 634 1280 623 1160 576 1184 830 1274 736 1265 635 1332 652 1314 803 1214 894
img12834.jpg 1310 900 1185 768 1387 772 1442 791 1322 982 1347 1087 1425 787 1295 627 1277 617 1158 570 1184 823 1274 731 1266 629 1332 644 1315 795 1215 886
img12835.jpg 1302 898 1189 766 1391 761 1444 781 1326 972 1350 1076 1427 777 1294 620 1278 609 1159 560 1182 814 1272 726 1266 622 1332 635 1316 787 1218 879
img12836.jpg 1293 895 1192 762 1394 749 1448 769 1331 961 1353 1062 1428 766 1293 611 1279 600 1159 551 1180 805 1271 720 1267 613 1331 625 1315 776 1217 867
img12837.jpg 1321 909 1195 757 1400 736 1453 754 1337 947 1359 1046 1430 751 1292 600 1277 589 1158 539 1178 791 1269 709 1267 603 1331 612 1314 764 1217 855
img12838.jpg 1319 907 1198 753 1404 721 1458 738 1343 931 1364 1028 1431 735 1291 587 1276 577 1157 526 1179 779 1269 698 1267 592 1330 598 1315 752 1217 842
img12839.jpg 1319 907 1200 748 1408 707 1462 720 1348 914 1368 1010 1431 719 1291 574 1277 562 1158 511 1179 765 1269 686 1267 579 1330 583 1315 739 1214 827
img12840.jpg 1318 906 1203 744 1408 691 1465 703 1352 898 1371 991 1432 702 1291 559 1277 547 1159 495 1180 750 1269 673 1267 566 1330 567 1314 720 1212 807
img12841.jpg 1319 904 1207 741 1407 676 1466 685 1354 881 1373 972 1432 685 1291 543 1276 528 1157 475 1180 734 1269 657 1267 550 1329 549 1316 702 1215 789
img12842.jpg 1317 900 1209 738 1404 661 1465 668 1355 865 1373 957 1432 668 1293 525 1276 508 1157 455 1182 718 1269 642 1267 533 1329 530 1320 683 1216 769
img12843.jpg 1320 900 1213 736 1401 646 1464 651 1354 849 1374 945 1432 651 1295 507 1277 488 1158 434 1182 697 1270 623 1267 514 1329 509 1325 661 1217 748
img12844.jpg 1321 898 1218 732 1399 630 1461 634 1353 832 1374 935 1432 634 1297 487 1277 468 1159 414 1183 677 1270 603 1267 494 1329 487 1328 640 1221 724
img12845.jpg 1321 897 1225 727 1398 615 1459 617 1351 816 1374 929 1431 617 1299 466 1276 447 1159 391 1186 655 1272 582 1267 474 1330 464 1334 617 1222 700
img12846.jpg 1322 896 1233 722 1399 598 1456 601 1350 800 1375 929 1430 601 1302 445 1279 425 1161 368 1186 635 1272 561 1268 452 1331 441 1337 594 1223 675
img12847.jpg 1323 894 1244 716 1401 583 1453 584 1348 785 1376 928 1428 584 1304 424 1279 402 1162 345 1188 611 1274 538 1269 430 1332 418 1342 569 1227 647
img12848.jpg 1322 890 1255 710 1401 568 1448 569 1344 770 1376 928 1425 569 1305 401 1282 379 1164 322 1187 589 1277 520 1271 407 1334 395 1344 546 1233 622
img12849.jpg 1323 890 1264 704 1401 553 1443 556 1340 757 1376 929 1421 556 1306 380 1284 355 1167 297 1189 567 1281 501 1273 384 1336 374 1348 523 1233 598
img12850.jpg 1323 886 1272 698 1398 539 1437 543 1335 745 1375 929 1417 543 1307 358 1287 333 1169 274 1190 544 1284 482 1275 363 1338 352 1349 502 1238 573
img12851.jpg 1325 882 1279 693 1394 527 1430 531 1329 735 1375 923 1413 530 1309 338 1287 313 1172 251 1196 521 1290 463 1277 343 1340 331 1357 480 1240 551
img12852.jpg 1328 881 1284 688 1387 516 1424 520 1328 726 1376 923 1407 518 1311 319 1289 297 1176 228 1201 502 1295 446 1279 326 1343 311 1360 461 1245 529
img12853.jpg 1330 881 1290 683 1381 505 1418 509 1330 719 1376 921 1402 506 1313 304 1291 275 1178 202 1210 482 1300 428 1281 310 1347 293 1366 443 1245 506
img12854.jpg 1332 882 1296 679 1375 496 1412 499 1332 711 1375 920 1397 494 1316 289 1292 256 1181 179 1223 465 1307 410 1283 297 1351 277 1372 425 1249 486
img12855.jpg 1334 883 1303 676 1370 489 1408 489 1337 705 1377 917 1392 483 1319 278 1294 244 1186 157 1230 452 1312 394 1283 286 1355 264 1380 410 1254 471
img12856.jpg 1335 884 1311 673 1366 482 1404 482 1344 697 1375 919 1387 476 1322 268 1297 231 1190 137 1235 440 1316 381 1285 276 1358 253 1385 400 1260 456
img12857.jpg 1334 887 1320 670 1361 477 1400 475 1350 691 1375 918 1381 471 1325 260 1300 217 1198 122 1238 430 1318 372 1287 267 1362 243 1391 391 1262 444
img12858.jpg 1336 884 1326 671 1356 474 1396 471 1355 686 1377 918 1376 468 1328 253 1304 211 1207 113 1239 424 1320 365 1289 260 1366 236 1399 384 1267 437
img12859.jpg 1334 883 1331 673 1351 472 1392 469 1360 686 1379 917 1370 467 1330 248 1309 207 1217 103 1235 420 1318 363 1292 253 1369 231 1404 379 1271 429
img12860.jpg 1335 884 1334 675 1346 471 1389 469 1364 683 1377 919 1365 468 1332 244 1313 200 1227 95 1235 418 1319 362 1296 249 1372 227 1408 375 1272 423
img12861.jpg 1337 880 1337 677 1341 472 1386 470 1366 686 1376 915 1361 470 1334 241 1315 196 1233 91 1232 414 1318 362 1299 245 1376 225 1411 371 1274 416
img12862.jpg 1338 878 1338 678 1338 474 1384 472 1367 688 1373 913 1358 472 1335 240 1319 194 1236 89 1232 410 1319 360 1302 243 1379 224 1414 369 1278 414
img12863.jpg 1340 881 1340 678 1335 475 1382 473 1365 691 1368 913 1356 473 1336 239 1320 195 1240 86 1234 409 1320 359 1303 241 1382 223 1414 369 1278 411
img12864.jpg 1343 880 1340 677 1333 478 1381 475 1365 687 1365 912 1355 475 1337 238 1320 195 1240 85 1234 407 1320 359 1304 239 1385 222 1414 369 1282 407
img12865.jpg 1344 878 1341 679 1331 480 1381 477 1364 692 1364 911 1354 477 1339 237 1322 195 1240 83 1237 407 1322 358 1303 238 1387 223 1413 368 1286 404
img12866.jpg 1344 882 1341 680 1331 481 1380 478 1364 691 1364 915 1353 478 1340 235 1324 195 1242 83 1241 408 1324 357 1303 237 1390 222 1414 367 1288 403
img12867.jpg 1346 881 1343 682 1330 482 1379 480 1362 692 1362 914 1351 480 1342 234 1326 197 1243 81 1239 410 1322 360 1301 236 1392 223 1412 370 1286 400
img12868.jpg 1346 881 1340 682 1329 482 1379 481 1363 689 1363 913 1350 481 1343 234 1326 197 1244 78 1241 409 1323 359 1301 237 1393 223 1412 368 1287 398
img12869.jpg 1344 882 1341 682 1329 482 1378 482 1364 692 1364 915 1349 482 1343 234 1327 197 1244 77 1243 409 1324 357 1299 238 1393 224 1414 370 1284 403
img12870.jpg 1342 881 1339 681 1329 482 1378 482 1362 688 1365 917 1348 482 1343 235 1326 199 1244 78 1243 405 1322 353 1298 238 1392 224 1414 370 1280 406
img12871.jpg 1343 880 1336 681 1328 483 1379 483 1362 691 1365 915 1348 483 1342 235 1326 201 1242 77 1240 404 1320 353 1297 239 1390 224 1414 373 1278 408
img12872.jpg 1341 880 1334 681 1328 482 1380 482 1363 691 1369 915 1348 483 1341 236 1325 201 1242 79 1243 403 1322 352 1296 239 1389 224 1414 371 1277 412
img12873.jpg 1339 880 1336 680 1328 482 1380 482 1361 692 1370 918 1349 483 1340 236 1323 201 1237 83 1238 402 1317 353 1294 240 1388 223 1412 372 1276 416
img12874.jpg 1339 878 1336 679 1328 482 1382 482 1358 691 1370 919 1352 483 1338 235 1323 204 1234 84 1238 401 1316 353 1293 240 1386 223 1408 372 1275 416
img12875.jpg 1338 879 1335 677 1329 481 1383 481 1357 693 1372 917 1354 483 1337 235 1322 204 1231 87 1234 403 1313 355 1291 241 1384 224 1404 374 1275 418
img12876.jpg 1335 881 1335 677 1331 481 1385 480 1354 693 1375 918 1358 483 1335 236 1316 203 1229 90 1232 406 1310 359 1288 243 1381 225 1401 374 1273 421
img12877.jpg 1336 882 1336 678 1334 482 1386 480 1352 691 1373 919 1361 483 1332 237 1311 204 1224 91 1227 410 1305 363 1285 246 1379 227 1396 378 1271 426
img12878.jpg 1338 883 1331 678 1336 483 1389 480 1350 690 1375 915 1365 482 1329 238 1307 207 1216 98 1226 413 1304 366 1282 249 1375 230 1394 382 1269 429
img12879.jpg 1337 883 1328 678 1340 484 1391 480 1350 691 1375 911 1368 481 1325 241 1300 209 1207 106 1219 420 1297 370 1278 252 1371 234 1390 386 1266 436
img12880.jpg 1336 884 1327 682 1343 484 1394 480 1349 691 1373 912 1370 481 1320 246 1296 215 1196 116 1215 427 1293 374 1273 257 1366 239 1386 389 1265 443
img12881.jpg 1336 886 1324 682 1345 485 1398 480 1349 691 1373 911 1372 480 1315 250 1290 222 1182 129 1210 435 1290 379 1269 263 1361 244 1383 395 1262 454
img12882.jpg 1337 885 1319 683 1347 485 1402 479 1346 695 1374 910 1374 479 1308 256 1285 232 1169 146 1205 447 1288 382 1263 270 1355 250 1380 401 1260 465
img12883.jpg 1335 885 1320 687 1349 486 1405 479 1347 696 1375 913 1377 479 1301 264 1277 240 1158 161 1201 457 1283 387 1258 277 1348 256 1375 408 1256 479
img12884.jpg 1337 888 1319 689 1352 487 1409 479 1346 698 1376 915 1379 480 1293 272 1271 252 1147 179 1195 469 1280 397 1253 286 1340 264 1370 418 1253 493
img12885.jpg 1338 889 1317 688 1355 489 1413 479 1344 700 1377 916 1383 480 1284 282 1260 262 1137 196 1191 484 1275 406 1247 296 1332 274 1364 430 1248 511
img12886.jpg 1338 886 1314 691 1359 490 1417 480 1344 700 1377 916 1388 482 1277 294 1254 275 1125 214 1188 499 1269 415 1242 306 1323 286 1359 442 1245 526
img12887.jpg 1336 886 1312 692 1364 492 1421 482 1342 701 1377 919 1392 485 1271 307 1245 287 1112 231 1186 514 1262 429 1237 318 1315 300 1351 455 1242 544
img12888.jpg 1335 885 1306 694 1367 494 1424 485 1338 703 1376 917 1397 488 1266 321 1237 303 1101 247 1182 531 1257 445 1232 331 1308 316 1344 468 1240 563
img12889.jpg 1332 882 1300 697 1371 499 1429 491 1335 706 1375 917 1402 494 1262 336 1231 318 1092 269 1182 550 1251 457 1228 346 1301 332 1335 483 1239 581
img12890.jpg 1331 881 1294 704 1373 506 1433 500 1334 710 1373 916 1406 501 1259 353 1227 335 1084 292 1182 566 1249 473 1224 361 1296 349 1328 498 1238 600
img12891.jpg 1329 884 1293 707 1374 517 1436 509 1327 715 1372 917 1409 511 1255 370 1223 354 1080 313 1180 587 1245 489 1221 379 1291 366 1321 514 1234 622
img12892.jpg 1327 885 1289 711 1375 530 1440 520 1319 719 1372 917 1413 520 1252 388 1220 371 1075 336 1177 606 1241 508 1218 396 1288 382 1316 532 1233 643
img12893.jpg 1324 887 1290 714 1375 544 1442 533 1309 724 1372 921 1415 532 1249 406 1220 390 1075 360 1176 627 1238 524 1216 414 1284 399 1309 552 1231 665
img12894.jpg 1321 891 1289 720 1376 558 1444 546 1300 728 1373 921 1416 544 1246 424 1217 409 1073 379 1173 647 1237 543 1214 432 1282 416 1305 573 1227 687
img12895.jpg 1319 892 1288 722 1376 572 1443 560 1290 736 1374 925 1418 557 1244 442 1214 430 1071 399 1171 666 1235 561 1213 450 1280 435 1301 594 1224 709
img12896.jpg 1318 893 1283 733 1380 586 1442 576 1284 747 1374 928 1421 572 1242 462 1213 449 1070 418 1170 683 1236 580 1214 469 1277 454 1297 617 1222 732
img12897.jpg 1317 893 1282 743 1385 600 1442 593 1281 761 1375 929 1423 589 1240 481 1215 470 1073 439 1172 700 1237 597 1215 488 1275 473 1295 637 1219 755
img12898.jpg 1318 894 1267 747 1389 615 1442 611 1281 779 1374 930 1427 607 1240 500 1212 488 1071 457 1174 716 1238 613 1216 508 1274 492 1294 656 1215 776
img12899.jpg 1318 894 1255 749 1391 631 1441 629 1281 798 1373 936 1431 625 1241 519 1212 506 1072 475 1178 732 1239 629 1217 527 1272 510 1295 675 1215 799
img12900.jpg 1318 898 1241 751 1394 647 1443 647 1283 817 1373 944 1433 645 1242 535 1216 522 1077 491 1186 749 1242 643 1217 546 1272 527 1296 691 1215 818
img12901.jpg 1318 900 1229 745 1392 663 1444 663 1284 834 1373 955 1433 662 1244 550 1219 540 1080 509 1191 766 1244 657 1218 562 1273 543 1298 705 1217 833
img12902.jpg 1318 902 1215 741 1387 678 1443 680 1284 851 1372 969 1432 678 1247 564 1221 554 1083 522 1197 782 1248 668 1218 576 1275 558 1299 720 1217 846
img12903.jpg 1318 905 1210 745 1382 691 1442 695 1283 867 1371 986 1430 693 1249 574 1226 568 1088 536 1201 798 1250 680 1218 588 1277 573 1303 732 1223 858
img12904.jpg 1319 907 1205 748 1380 701 1443 709 1284 882 1372 1000 1427 705 1252 583 1228 579 1092 547 1205 812 1255 690 1220 597 1280 585 1304 742 1223 865
img12905.jpg 1318 909 1200 752 1376 710 1442 721 1283 894 1371 1013 1425 715 1254 592 1231 589 1095 557 1203 824 1257 700 1224 605 1282 596 1307 752 1227 874
img12906.jpg 1318 910 1195 756 1375 719 1442 731 1284 906 1372 1025 1423 726 1256 600 1232 597 1097 565 1201 833 1260 707 1229 610 1285 606 1308 760 1228 879
img12907.jpg 1316 910 1189 760 1375 726 1443 739 1284 914 1373 1033 1422 735 1258 608 1232 605 1098 573 1196 838 1262 712 1234 614 1287 613 1310 768 1231 885
img12908.jpg 1319 910 1186 765 1380 734 1443 744 1285 920 1374 1040 1421 742 1261 614 1233 612 1100 579 1193 842 1266 715 1241 615 1290 620 1312 774 1231 890
img12909.jpg 1316 909 1182 768 1385 743 1442 750 1285 926 1373 1046 1420 749 1263 621 1236 617 1104 585 1188 843 1268 716 1248 615 1292 625 1314 782 1235 896
img12910.jpg 1317 907 1179 771 1390 750 1441 755 1284 932 1373 1053 1419 756 1266 626 1237 623 1106 590 1182 844 1269 717 1252 614 1294 630 1314 786 1232 898
img12911.jpg 1328 913 1177 775 1396 757 1440 760 1283 938 1372 1059 1418 761 1268 631 1239 627 1108 594 1179 846 1270 717 1255 613 1296 633 1314 791 1231 904
img12912.jpg 1333 914 1174 779 1401 764 1440 765 1283 944 1372 1065 1418 767 1270 635 1243 629 1113 596 1178 850 1270 718 1257 613 1297 637 1315 793 1228 907
img12913.jpg 1330 914 1171 781 1403 769 1440 771 1283 951 1372 1072 1417 772 1271 638 1244 631 1114 598 1174 853 1269 719 1257 614 1298 639 1314 795 1226 910
img12914.jpg 1329 915 1169 785 1403 773 1440 776 1284 956 1373 1078 1418 776 1271 640 1246 633 1118 600 1173 856 1268 720 1255 616 1299 642 1315 797 1222 913
img12915.jpg 1339 920 1169 788 1403 776 1441 780 1286 961 1375 1083 1418 780 1272 642 1246 636 1118 603 1171 859 1267 722 1254 617 1300 644 1317 798 1222 916
img12916.jpg 1341 920 1169 789 1403 779 1442 783 1287 964 1376 1087 1419 782 1272 642 1246 637 1119 603 1169 859 1267 723 1253 618 1300 646 1319 800 1222 916
img12917.jpg 1338 918 1170 788 1402 780 1442 785 1287 967 1376 1090 1419 784 1273 643 1245 637 1118 603 1168 859 1267 724 1253 620 1301 646 1319 800 1223 918
img12918.jpg 1338 918 1172 788 1401 781 1441 786 1287 969 1376 1092 1420 784 1274 643 1247 637 1121 603 1168 859 1267 724 1253 621 1302 647 1321 800 1223 918
img12919.jpg 1343 915 1173 786 1401 780 1441 786 1286 970 1376 1094 1420 783 1275 643 1246 636 1121 602 1167 859 1267 724 1253 621 1303 647 1321 798 1222 916
img12920.jpg 1332 909 1176 785 1402 778 1439 786 1285 970 1375 1094 1420 782 1276 642 1248 634 1124 599 1168 858 1267 726 1253 621 1303 646 1320 797 1222 914
img12921.jpg 1310 896 1179 783 1403 775 1438 785 1284 970 1374 1094 1420 780 1276 639 1249 630 1126 596 1171 858 1268 728 1253 622 1304 645 1319 793 1221 911
img12922.jpg 1312 896 1179 783 1404 769 1437 782 1283 968 1373 1093 1419 776 1277 636 1250 628 1128 593 1173 856 1268 730 1251 621 1304 643 1318 792 1222 907
img12923.jpg 1309 898 1183 781 1403 762 1436 777 1283 964 1373 1089 1418 770 1277 630 1246 622 1124 587 1176 854 1268 731 1249 620 1303 637 1317 789 1223 903
img12924.jpg 1309 897 1187 779 1403 753 1436 770 1284 958 1374 1083 1418 762 1277 623 1243 613 1123 578 1180 850 1269 731 1246 618 1303 630 1316 785 1227 899
img12925.jpg 1306 900 1189 777 1400 742 1436 760 1284 948 1374 1074 1417 752 1277 613 1240 601 1121 566 1183 843 1268 725 1244 612 1303 619 1316 776 1233 890
img12926.jpg 1317 908 1191 774 1397 729 1437 747 1285 936 1375 1062 1417 738 1277 601 1239 587 1120 553 1184 831 1267 716 1242 602 1302 606 1317 766 1240 880
img12927.jpg 1316 908 1199 773 1393 714 1438 731 1286 920 1376 1047 1417 722 1277 587 1240 569 1122 535 1184 817 1266 705 1241 590 1301 590 1320 751 1249 867
img12928.jpg 1321 908 1203 771 1392 699 1438 714 1287 904 1377 1031 1418 706 1276 570 1244 553 1127 518 1185 800 1265 690 1241 575 1302 572 1321 732 1258 851
img12929.jpg 1320 910 1208 772 1390 682 1438 695 1287 886 1377 1013 1418 688 1275 550 1245 533 1129 498 1184 779 1264 674 1241 557 1302 552 1324 713 1268 831
img12930.jpg 1325 907 1211 771 1391 663 1438 676 1288 867 1378 995 1419 670 1273 531 1246 513 1131 475 1186 759 1264 656 1241 539 1302 531 1330 691 1279 812
img12931.jpg 1328 905 1215 769 1392 644 1438 656 1287 848 1378 976 1420 652 1272 509 1248 490 1134 447 1190 739 1265 638 1241 520 1303 508 1333 669 1291 789
img12932.jpg 1327 903 1214 761 1393 626 1436 636 1287 830 1378 960 1419 634 1271 487 1248 466 1134 417 1193 719 1267 619 1241 499 1304 485 1335 644 1299 765
img12933.jpg 1325 898 1217 756 1393 607 1435 617 1285 811 1376 946 1418 616 1270 463 1247 440 1134 383 1195 699 1269 599 1241 476 1305 460 1338 618 1286 733
img12934.jpg 1324 897 1221 748 1391 589 1432 598 1283 793 1376 936 1415 598 1271 439 1248 412 1140 349 1199 677 1271 577 1242 452 1307 435 1340 590 1295 709
img12935.jpg 1324 898 1225 740 1388 575 1428 581 1279 776 1375 932 1411 581 1274 414 1251 387 1144 316 1205 656 1275 555 1245 428 1309 409 1341 563 1303 687
img12936.jpg 1325 898 1231 733 1387 562 1424 564 1280 762 1374 930 1406 564 1277 390 1252 362 1147 286 1211 633 1279 532 1248 404 1311 383 1341 534 1309 662
img12937.jpg 1326 901 1243 729 1383 551 1420 549 1280 751 1374 928 1403 549 1281 366 1256 337 1156 255 1219 611 1281 508 1252 381 1313 358 1346 508 1316 638
img12938.jpg 1329 899 1253 723 1379 541 1416 535 1282 742 1376 928 1399 535 1285 343 1262 312 1165 227 1229 592 1285 485 1255 359 1316 335 1350 485 1344 622
img12939.jpg 1332 897 1263 716 1374 533 1411 523 1290 734 1377 927 1393 525 1289 322 1268 292 1172 198 1238 575 1289 466 1259 340 1319 313 1353 463 1350 602
img12940.jpg 1332 893 1278 711 1369 526 1406 514 1299 729 1375 924 1387 517 1294 302 1274 270 1187 169 1238 557 1290 449 1262 321 1324 293 1357 443 1350 580
img12941.jpg 1334 891 1294 710 1360 522 1399 508 1307 725 1374 922 1380 512 1298 285 1282 249 1199 147 1242 545 1291 433 1266 305 1329 276 1362 427 1353 566
img12942.jpg 1337 887 1309 703 1353 516 1393 503 1315 721 1374 921 1372 509 1303 271 1287 231 1211 126 1245 533 1294 421 1269 291 1334 261 1364 415 1355 553
img12943.jpg 1338 888 1317 699 1346 512 1387 500 1326 718 1369 919 1364 507 1309 260 1292 217 1224 109 1246 522 1295 412 1273 279 1340 248 1366 403 1354 542
img12944.jpg 1340 888 1324 699 1341 507 1382 499 1334 714 1368 919 1359 504 1315 251 1296 205 1237 94 1246 511 1296 403 1278 269 1347 239 1368 397 1353 532
img12945.jpg 1342 884 1329 697 1335 503 1380 497 1342 712 1370 916 1353 502 1322 244 1300 197 1247 85 1252 505 1300 397 1283 260 1354 233 1370 394 1354 524
img12946.jpg 1341 884 1328 693 1331 498 1378 495 1348 709 1374 917 1349 498 1329 239 1306 192 1257 71 1254 497 1302 393 1289 253 1361 230 1371 390 1351 520
img12947.jpg 1341 885 1321 696 1325 495 1376 494 1358 706 1374 918 1345 495 1335 236 1311 189 1268 64 1255 494 1308 391 1296 247 1368 229 1371 388 1348 517
img12948.jpg 1339 884 1315 696 1318 492 1375 493 1363 706 1379 918 1342 492 1341 231 1319 188 1275 58 1255 491 1312 390 1303 243 1374 228 1376 390 1346 517
img12949.jpg 1339 886 1305 696 1311 490 1373 492 1367 707 1384 920 1339 490 1347 228 1328 187 1283 53 1255 489 1317 388 1311 239 1381 227 1379 388 1339 522
img12950.jpg 1336 879 1285 694 1302 491 1370 491 1370 711 1387 913 1336 491 1353 221 1336 188 1285 53 1252 491 1319 390 1319 238 1387 221 1387 390 1336 525
