ResultRaw1 ResultRaw2 ResultRaw3 ResultRaw4 ResultRaw5 ResultRaw6 ResultRaw7 ResultRaw8 ResultRaw9 ResultRaw10 ResultRaw11 ResultRaw12 ResultRaw13 ResultRaw14 ResultRaw15 ResultRaw16 ResultRaw17 ResultRaw18 ResultRaw19 ResultRaw20 ResultRaw21 ResultRaw22 ResultRaw23 ResultRaw24 ResultRaw25 ResultRaw26 ResultRaw27 ResultRaw28 ResultRaw29 ResultRaw30 ResultRaw31 ResultRaw32 ResultRaw33
img14981.jpg 1459 915 1476 697 1476 495 1459 495 1459 713 1526 949 1459 495 1459 209 1442 159 1375 24 1425 495 1442 360 1442 192 1476 192 1476 360 1408 495
img14982.jpg 1459 916 1464 690 1464 488 1459 489 1453 705 1527 950 1457 489 1458 206 1442 154 1374 23 1412 500 1435 364 1440 197 1475 189 1500 323 1408 495
img14983.jpg 1453 915 1452 686 1452 483 1459 485 1441 702 1513 951 1452 485 1457 205 1440 154 1373 29 1397 503 1427 362 1437 200 1474 189 1512 315 1430 483
img14984.jpg 1448 915 1442 682 1441 478 1458 482 1424 698 1490 951 1448 480 1456 204 1437 155 1373 30 1384 505 1420 360 1434 202 1473 189 1520 310 1436 486
img14985.jpg 1443 915 1434 679 1433 474 1457 479 1404 693 1464 948 1443 477 1454 203 1435 160 1374 31 1370 506 1416 356 1429 204 1472 189 1511 322 1445 488
img14986.jpg 1438 914 1428 678 1426 472 1454 477 1381 687 1425 941 1439 474 1452 202 1431 163 1374 35 1358 503 1413 354 1425 205 1471 190 1505 331 1454 487
img14987.jpg 1438 914 1426 677 1424 471 1449 475 1354 679 1383 932 1436 472 1449 202 1427 165 1374 39 1347 502 1410 349 1420 208 1470 190 1494 347 1446 500
img14988.jpg 1438 913 1425 676 1422 469 1445 472 1332 667 1349 916 1434 469 1446 202 1423 168 1374 39 1326 500 1402 349 1415 211 1469 190 1489 351 1458 496
img14989.jpg 1439 912 1425 675 1422 467 1442 469 1313 654 1321 899 1433 467 1443 203 1423 167 1371 41 1310 499 1393 352 1409 215 1469 190 1484 352 1468 489
img14990.jpg 1441 910 1426 673 1422 464 1439 466 1292 641 1288 882 1432 465 1441 203 1420 164 1369 42 1299 495 1380 357 1403 218 1469 191 1491 349 1478 484
img14991.jpg 1442 907 1426 671 1421 460 1438 463 1275 627 1263 863 1431 462 1439 204 1421 162 1369 39 1285 493 1369 359 1397 220 1469 191 1495 349 1489 479
img14992.jpg 1440 904 1422 668 1417 456 1438 459 1259 611 1239 842 1430 459 1437 204 1421 163 1366 37 1273 486 1360 363 1392 221 1470 190 1499 346 1495 472
img14993.jpg 1437 902 1418 665 1412 453 1440 456 1246 596 1219 823 1429 456 1435 205 1419 160 1364 36 1272 480 1354 365 1387 222 1470 190 1501 342 1501 469
img14994.jpg 1434 900 1414 663 1408 450 1440 453 1235 584 1203 805 1427 453 1431 205 1416 158 1363 36 1264 471 1350 363 1384 222 1469 189 1502 343 1505 468
img14995.jpg 1431 900 1409 663 1402 449 1439 451 1227 570 1194 787 1424 451 1427 205 1412 159 1359 33 1253 467 1346 361 1379 223 1467 188 1502 338 1505 464
img14996.jpg 1428 900 1405 663 1398 449 1436 450 1221 562 1192 775 1420 450 1423 205 1409 160 1353 37 1244 463 1340 361 1375 224 1464 189 1499 335 1506 463
img14997.jpg 1427 902 1402 665 1395 449 1430 451 1215 559 1192 768 1415 451 1418 206 1405 159 1351 36 1238 459 1332 363 1371 226 1461 190 1498 333 1505 462
img14998.jpg 1427 905 1401 668 1393 451 1423 453 1209 562 1198 768 1410 453 1412 206 1399 162 1346 35 1229 459 1326 362 1367 227 1455 192 1493 332 1503 462
img14999.jpg 1428 910 1400 673 1390 455 1414 457 1204 566 1197 767 1404 457 1407 206 1393 166 1340 35 1227 459 1320 366 1363 229 1450 195 1490 333 1497 466
img15000.jpg 1430 912 1398 675 1387 457 1406 460 1198 575 1195 774 1399 460 1402 207 1389 166 1335 36 1222 461 1316 367 1358 230 1443 198 1483 334 1489 468
img15001.jpg 1432 914 1398 678 1384 461 1397 463 1196 586 1185 785 1393 464 1397 209 1381 167 1330 33 1220 462 1310 369 1354 230 1437 200 1477 335 1481 472
img15002.jpg 1427 917 1393 681 1382 466 1388 466 1196 597 1173 801 1386 468 1391 212 1373 170 1323 34 1216 467 1307 371 1350 232 1430 202 1467 340 1473 477
img15003.jpg 1423 920 1390 683 1379 471 1377 469 1195 609 1155 817 1378 472 1385 215 1369 171 1316 34 1215 469 1302 375 1345 233 1423 205 1460 345 1463 482
img15004.jpg 1421 923 1387 686 1377 477 1365 473 1197 622 1144 836 1369 476 1378 218 1364 172 1307 36 1210 472 1300 376 1340 234 1415 209 1447 349 1450 486
img15005.jpg 1407 926 1378 688 1374 483 1352 478 1199 639 1133 851 1360 481 1370 222 1355 175 1295 36 1209 473 1295 380 1335 236 1405 212 1438 354 1437 490
img15006.jpg 1395 930 1369 692 1367 488 1340 483 1199 652 1130 868 1351 485 1361 225 1346 180 1286 37 1206 476 1289 383 1328 237 1393 217 1425 360 1422 493
img15007.jpg 1390 933 1362 695 1358 490 1329 488 1200 668 1130 884 1341 489 1350 229 1338 181 1274 37 1200 480 1281 386 1321 237 1380 222 1415 363 1405 497
img15008.jpg 1393 935 1355 699 1344 493 1319 492 1200 682 1133 898 1332 493 1337 233 1325 186 1264 38 1193 486 1271 385 1311 238 1364 227 1399 368 1385 503
img15009.jpg 1392 931 1344 698 1326 494 1310 495 1202 694 1133 913 1321 496 1324 237 1310 190 1252 36 1190 493 1259 388 1301 239 1347 231 1381 374 1368 511
img15010.jpg 1406 929 1340 699 1306 495 1300 497 1202 703 1137 927 1309 498 1310 239 1295 193 1240 37 1184 500 1251 390 1290 238 1329 233 1364 379 1347 520
img15011.jpg 1412 923 1331 698 1285 497 1288 498 1204 708 1136 935 1294 500 1295 241 1280 191 1225 39 1174 503 1242 393 1278 238 1310 236 1345 384 1324 527
img15012.jpg 1414 921 1322 698 1267 499 1274 499 1202 712 1137 938 1278 501 1280 241 1260 191 1212 43 1167 504 1235 393 1266 236 1291 236 1323 388 1297 531
img15013.jpg 1404 917 1309 696 1253 500 1259 500 1199 717 1137 937 1263 501 1265 240 1244 189 1196 41 1160 501 1228 394 1255 232 1272 236 1300 390 1268 532
img15014.jpg 1388 920 1296 698 1244 501 1242 503 1194 718 1136 938 1248 502 1250 238 1228 187 1180 43 1150 496 1220 392 1244 228 1254 235 1277 393 1235 531
img15015.jpg 1364 923 1281 697 1236 501 1226 505 1188 718 1133 936 1235 501 1234 235 1216 185 1163 43 1140 491 1210 386 1232 224 1236 234 1250 396 1203 526
img15016.jpg 1333 929 1263 699 1231 500 1212 505 1180 720 1137 934 1224 498 1220 232 1201 184 1147 40 1133 487 1201 381 1220 219 1221 231 1221 400 1171 522
img15017.jpg 1303 933 1245 700 1224 498 1200 504 1173 718 1134 936 1214 496 1207 228 1187 180 1130 39 1123 483 1191 377 1209 215 1207 228 1193 400 1138 518
img15018.jpg 1274 937 1226 700 1215 496 1189 501 1166 710 1130 941 1203 493 1194 226 1177 175 1116 36 1111 479 1180 373 1197 211 1194 226 1169 399 1105 515
img15019.jpg 1251 936 1210 698 1204 492 1180 496 1155 705 1133 937 1194 488 1183 223 1166 172 1105 33 1098 475 1168 369 1187 208 1183 224 1147 392 1075 512
img15020.jpg 1229 936 1193 697 1193 488 1170 490 1145 700 1135 939 1185 485 1172 221 1153 169 1096 29 1084 470 1156 365 1177 206 1172 222 1128 384 1045 508
img15021.jpg 1218 933 1182 694 1182 485 1159 486 1123 691 1133 938 1175 483 1162 219 1143 168 1087 26 1071 466 1145 362 1168 204 1161 221 1112 378 1020 504
img15022.jpg 1208 930 1172 690 1172 482 1148 482 1100 684 1134 934 1166 480 1152 217 1135 170 1078 22 1059 463 1135 360 1160 202 1150 220 1099 373 1000 497
img15023.jpg 1199 928 1162 688 1164 480 1136 480 1078 681 1135 932 1155 479 1143 214 1125 173 1068 21 1048 460 1126 358 1153 201 1139 219 1089 366 983 490
img15024.jpg 1190 927 1153 688 1154 479 1124 479 1058 678 1131 934 1145 479 1135 213 1117 173 1058 23 1036 457 1116 356 1146 200 1128 218 1082 361 970 481
img15025.jpg 1182 927 1144 687 1146 479 1114 479 1037 675 1130 930 1134 479 1127 212 1109 176 1050 22 1026 454 1108 355 1139 200 1116 218 1074 359 962 479
img15026.jpg 1173 926 1135 686 1138 479 1104 479 1030 675 1129 936 1123 479 1119 212 1101 175 1042 29 1015 452 1099 354 1132 201 1105 218 1066 358 952 477
img15027.jpg 1164 926 1126 685 1128 478 1095 479 1025 676 1129 941 1113 479 1110 213 1092 174 1033 37 1003 450 1089 353 1125 201 1093 218 1057 358 944 478
img15028.jpg 1154 926 1115 685 1118 478 1086 480 1021 678 1114 944 1103 480 1102 214 1083 175 1024 40 991 449 1079 353 1116 202 1082 219 1052 356 938 479
img15029.jpg 1143 926 1104 686 1108 479 1079 481 1017 680 1087 943 1093 481 1093 215 1072 175 1017 44 978 447 1068 353 1107 203 1071 220 1037 362 931 485
img15030.jpg 1131 929 1091 688 1095 482 1069 484 1012 683 1048 939 1083 484 1082 216 1060 173 1006 47 964 446 1055 353 1097 204 1061 221 1026 367 924 490
img15031.jpg 1117 934 1077 694 1081 487 1059 487 1006 687 1047 936 1072 487 1071 217 1049 175 993 44 948 445 1042 354 1085 206 1049 223 1014 371 921 495
img15032.jpg 1102 941 1062 701 1066 494 1048 492 998 693 1048 934 1059 492 1059 218 1039 177 984 41 931 445 1027 355 1072 209 1037 226 1001 374 914 502
img15033.jpg 1087 948 1046 708 1051 501 1035 497 989 698 1064 934 1046 497 1046 218 1026 177 974 44 914 445 1011 357 1059 212 1026 229 984 383 909 513
img15034.jpg 1072 955 1031 714 1037 508 1022 502 979 703 1093 934 1032 502 1033 219 1013 181 961 42 898 446 996 359 1046 215 1013 231 975 386 906 521
img15035.jpg 1059 960 1017 719 1023 513 1008 506 970 708 1133 941 1018 508 1019 221 1001 184 949 46 882 447 982 361 1031 218 1000 233 963 385 904 526
img15036.jpg 1046 963 1004 722 1011 516 995 509 961 711 1132 941 1004 512 1004 222 987 187 936 46 866 449 967 362 1016 220 987 234 953 383 898 531
img15037.jpg 1035 963 993 722 1000 517 984 511 953 713 1128 941 991 514 990 224 973 187 917 46 852 450 952 363 1001 221 973 234 945 384 896 530
img15038.jpg 1024 962 981 721 988 515 972 513 945 715 1121 935 978 515 977 226 959 189 900 47 838 451 938 363 985 222 959 234 935 383 889 528
img15039.jpg 1012 959 969 718 977 513 960 512 937 714 1110 929 966 512 963 227 945 187 883 46 823 450 924 363 970 221 947 232 924 383 883 524
img15040.jpg 1000 955 957 714 965 509 948 511 927 712 1097 922 956 507 951 227 930 186 868 43 809 448 910 361 956 220 936 229 916 380 871 519
img15041.jpg 990 950 946 709 954 504 936 507 916 709 1081 911 946 501 939 226 918 184 852 45 796 446 897 359 943 219 926 227 907 376 862 515
img15042.jpg 978 945 934 703 942 499 924 503 902 706 1063 899 937 494 928 225 906 182 839 45 782 444 884 357 931 218 917 224 899 371 846 511
img15043.jpg 966 939 922 697 931 493 913 498 884 706 1042 888 928 488 916 224 895 178 828 41 768 442 872 356 919 218 909 221 891 365 835 498
img15044.jpg 957 933 912 691 921 487 904 493 863 706 1024 881 919 482 905 223 884 177 818 43 757 441 861 355 908 218 902 221 888 359 828 494
img15045.jpg 948 927 903 685 913 481 896 489 846 706 1003 873 911 477 894 222 874 177 804 44 746 441 850 356 896 219 894 220 881 361 818 488
img15046.jpg 941 923 895 681 905 477 888 485 829 705 978 869 903 473 885 222 867 173 797 44 732 437 841 356 886 219 886 221 877 364 804 481
img15047.jpg 935 919 889 677 900 474 882 482 814 705 951 864 896 470 876 221 858 174 787 42 719 428 831 358 877 220 879 222 872 366 791 473
img15048.jpg 932 917 885 675 896 472 876 480 806 702 927 869 890 469 870 221 849 177 779 47 707 417 824 360 870 220 871 223 866 370 776 470
img15049.jpg 928 917 881 674 892 471 870 477 801 700 905 880 885 468 863 222 841 177 771 47 691 404 815 361 862 220 863 224 854 373 754 457
img15050.jpg 925 917 878 675 889 472 864 475 799 697 885 895 880 468 858 222 835 176 769 50 675 385 808 363 856 220 857 224 848 372 743 446
img15051.jpg 921 918 873 676 885 473 857 476 799 698 871 908 875 470 852 223 829 177 759 48 662 373 800 364 849 220 852 224 838 370 730 433
img15052.jpg 916 920 868 678 880 475 850 477 802 697 866 926 869 472 848 224 823 179 755 51 651 364 787 358 843 220 847 224 829 367 718 425
img15053.jpg 910 922 861 679 874 477 843 479 804 695 861 934 864 474 842 224 818 177 750 49 636 359 773 351 836 219 844 224 821 366 703 413
img15054.jpg 903 924 855 681 868 479 836 482 810 695 857 934 858 476 836 223 814 179 746 47 625 353 758 344 830 219 842 223 814 360 689 404
img15055.jpg 896 926 847 683 861 481 832 485 813 695 856 932 853 478 830 223 810 179 740 46 619 349 746 334 825 219 840 223 803 352 671 389
img15056.jpg 891 928 841 685 855 483 830 488 815 693 857 931 848 480 826 223 805 181 739 49 610 346 732 323 820 219 837 222 788 350 644 380
img15057.jpg 886 929 836 686 850 484 830 489 816 691 855 926 843 482 821 222 802 180 733 45 601 348 727 319 816 220 834 220 775 345 620 370
img15058.jpg 882 930 832 687 846 486 830 491 818 692 854 923 838 484 818 223 802 180 729 45 594 351 719 319 812 221 832 220 762 342 601 363
img15059.jpg 878 933 828 690 843 489 829 492 818 688 854 923 835 487 815 224 798 179 725 43 590 353 715 318 808 222 829 219 752 341 583 357
img15060.jpg 875 935 824 692 839 491 828 494 820 687 856 920 832 490 813 224 796 178 723 42 581 356 706 318 804 223 826 219 740 345 564 355
img15061.jpg 872 936 820 693 836 492 826 496 823 688 857 919 829 492 809 224 793 179 719 38 576 359 701 318 800 224 823 219 733 344 558 346
img15062.jpg 868 938 816 695 832 494 824 498 827 689 861 921 828 494 806 225 790 180 717 39 571 360 694 320 797 225 821 220 728 342 555 337
img15063.jpg 865 938 813 695 829 495 822 499 831 689 861 920 827 494 803 224 785 181 714 37 571 359 691 319 794 224 818 221 721 341 550 329
img15064.jpg 862 939 810 695 826 495 821 499 833 692 863 917 826 493 800 224 781 182 711 36 569 361 688 319 791 224 816 222 714 344 546 327
img15065.jpg 860 939 807 695 825 496 819 499 835 694 862 922 825 492 797 223 776 183 707 35 565 365 687 321 789 225 813 222 710 345 543 324
img15066.jpg 859 939 806 696 823 496 819 500 834 697 861 924 825 492 795 223 775 182 703 34 565 368 687 323 787 225 811 222 709 347 544 326
img15067.jpg 857 940 804 696 822 496 818 500 835 697 858 925 824 491 793 222 772 183 700 35 564 369 685 327 786 225 809 222 706 351 543 330
img15068.jpg 856 941 802 697 820 498 818 500 834 696 857 924 823 492 792 222 772 186 696 38 564 370 682 331 785 226 808 222 706 354 545 332
img15069.jpg 855 940 801 697 819 498 817 500 835 695 855 926 822 491 791 222 773 188 693 39 562 369 680 333 785 225 807 222 703 356 544 332
img15070.jpg 854 939 799 695 818 496 816 500 833 694 856 924 820 491 790 221 774 187 692 40 564 368 676 335 784 225 807 221 702 355 545 328
img15071.jpg 853 937 798 693 817 494 815 498 836 692 855 924 818 489 789 220 773 188 691 42 564 368 672 337 783 226 807 220 698 358 543 329
img15072.jpg 852 934 796 690 816 492 813 497 833 689 856 924 816 488 789 220 771 187 693 41 566 366 672 337 781 226 807 220 696 360 544 327
img15073.jpg 850 931 794 687 814 489 813 496 830 691 856 923 815 486 788 219 771 183 696 39 565 367 672 337 779 225 807 219 696 357 546 320
img15074.jpg 848 929 792 684 812 486 813 494 828 691 857 921 814 485 787 219 772 182 696 38 565 366 670 338 776 225 807 219 696 356 549 318
img15075.jpg 847 928 790 683 810 486 813 493 830 691 856 921 813 485 787 218 771 181 695 37 567 366 671 338 775 224 806 218 695 359 550 321
img15076.jpg 845 927 788 682 809 485 815 492 828 691 858 920 813 485 788 218 770 181 694 37 563 358 670 334 776 222 806 217 694 357 551 316
img15077.jpg 846 926 788 682 809 485 817 490 830 693 856 918 815 485 788 218 771 180 693 36 560 351 670 329 777 220 805 216 693 356 553 313
img15078.jpg 848 926 790 682 812 485 818 489 830 693 857 917 816 485 789 217 772 182 691 38 557 341 670 324 778 218 804 215 691 357 553 313
img15079.jpg 852 926 793 681 816 484 819 488 832 693 858 921 819 484 791 217 770 181 692 41 556 331 672 318 781 216 803 214 692 354 556 308
img15080.jpg 858 925 800 680 822 484 819 489 832 694 861 922 822 484 792 216 769 180 695 43 554 323 673 313 782 214 802 214 695 350 561 303
img15081.jpg 866 926 807 681 830 485 818 491 831 696 861 921 826 485 794 215 771 178 695 42 558 321 677 312 784 213 801 215 695 351 564 303
img15082.jpg 874 927 815 682 838 486 818 493 832 696 863 919 829 486 796 215 772 177 695 40 563 318 681 311 786 211 800 216 695 348 567 297
img15083.jpg 881 928 820 683 844 487 819 496 834 696 861 923 832 487 796 215 771 178 694 38 566 315 685 311 788 211 799 218 697 349 571 298
img15084.jpg 886 929 826 684 850 489 820 499 835 697 859 921 835 489 796 217 772 179 695 36 569 312 688 310 790 211 799 219 701 347 577 296
img15085.jpg 889 930 828 685 853 490 821 501 836 696 856 920 836 491 797 218 773 181 695 33 572 307 690 309 792 210 799 219 706 345 583 295
img15086.jpg 892 930 830 685 855 490 822 502 836 695 856 922 838 491 797 219 773 184 695 34 574 301 692 307 794 210 799 219 712 339 591 289
img15087.jpg 894 930 833 685 858 490 824 503 835 697 855 927 840 492 798 219 775 187 698 37 577 296 694 305 796 210 799 217 718 336 598 287
img15088.jpg 897 931 835 686 860 491 826 504 836 697 856 928 842 494 800 219 779 185 702 38 580 290 697 303 799 209 798 215 722 331 604 283
img15089.jpg 900 931 838 685 863 491 828 505 834 697 858 933 844 496 802 218 780 185 703 36 584 285 700 302 801 209 798 212 724 327 607 280
img15090.jpg 905 930 842 685 868 491 829 506 832 700 856 937 846 497 805 218 785 185 704 39 588 281 704 301 804 209 797 210 725 325 610 277
img15091.jpg 909 927 847 684 873 490 831 507 834 700 854 937 848 498 808 217 787 183 709 38 592 279 707 301 806 210 797 209 727 323 614 276
img15092.jpg 915 925 851 682 877 489 833 507 835 699 852 937 851 498 811 216 787 181 712 38 597 275 711 301 810 211 797 210 729 323 619 275
img15093.jpg 924 920 859 681 883 486 836 506 835 699 849 940 854 495 815 214 791 180 719 36 602 273 715 301 813 211 799 212 733 324 624 276
img15094.jpg 938 914 868 683 888 484 840 504 838 701 848 941 858 492 820 213 797 179 725 38 608 268 720 300 817 211 801 213 737 325 630 277
img15095.jpg 952 909 877 684 893 482 845 502 841 702 848 940 862 490 825 212 800 177 735 36 615 262 726 297 823 210 804 215 742 325 637 277
img15096.jpg 971 909 885 686 898 481 850 499 843 700 850 943 867 488 831 211 808 177 742 38 623 255 732 294 829 209 810 214 749 324 646 275
img15097.jpg 992 904 897 687 905 479 855 496 844 701 851 946 873 485 838 211 816 176 750 36 631 249 739 292 835 208 816 215 756 323 656 274
img15098.jpg 1009 905 907 690 911 478 860 493 843 704 853 947 879 484 844 211 821 175 758 34 640 242 746 288 843 206 824 213 764 319 667 269
img15099.jpg 1023 906 916 689 918 477 865 492 844 703 851 945 886 483 851 211 830 172 770 30 650 236 754 286 851 206 833 214 770 319 679 264
img15100.jpg 1036 908 926 686 924 477 870 491 846 704 853 947 894 482 858 212 839 171 779 29 660 229 762 283 859 205 844 214 780 318 690 258
img15101.jpg 1046 908 937 687 931 477 876 491 850 709 854 948 902 481 866 213 847 169 789 24 672 221 771 280 868 204 854 216 792 318 700 253
img15102.jpg 1052 911 947 688 937 478 883 492 853 713 856 948 911 481 874 214 856 170 802 22 685 213 781 276 879 204 866 217 802 318 709 248
img15103.jpg 1056 911 959 685 945 479 893 493 862 710 858 947 920 481 883 216 865 174 815 23 699 206 792 273 890 204 878 218 815 321 716 250
img15104.jpg 1058 914 969 683 954 480 902 493 866 708 859 950 929 481 892 217 877 175 830 25 712 200 802 271 901 203 889 219 823 327 714 258
img15105.jpg 1059 915 978 687 963 481 912 493 872 708 858 948 937 482 901 218 886 175 847 26 726 196 813 270 912 204 900 219 829 335 710 271
img15106.jpg 1058 918 988 684 972 481 922 491 880 705 856 946 946 483 911 218 897 176 866 29 739 193 823 270 922 206 912 218 834 342 706 287
img15107.jpg 1060 917 994 685 982 481 931 489 890 699 855 946 954 484 922 218 907 176 883 34 751 191 833 271 931 207 923 217 843 347 704 307
img15108.jpg 1063 921 997 685 989 480 939 487 893 699 858 945 961 483 932 217 921 175 900 37 763 189 842 271 939 210 935 216 851 351 705 327
img15109.jpg 1063 924 1000 685 994 480 946 485 898 699 867 941 968 482 942 217 930 174 916 34 774 182 850 271 948 211 947 215 867 349 714 346
img15110.jpg 1066 926 1006 682 999 479 953 484 900 697 883 944 975 481 951 217 943 175 932 30 784 233 858 280 955 213 959 215 884 347 727 367
img15111.jpg 1066 927 1006 685 1002 479 960 483 900 700 900 944 981 481 960 217 953 171 946 26 794 284 863 276 964 213 969 216 900 346 743 391
img15112.jpg 1069 931 1012 686 1005 482 965 485 899 703 924 945 985 482 967 218 963 171 959 29 803 275 866 271 971 212 979 218 915 347 762 416
img15113.jpg 1069 934 1015 688 1009 485 969 489 905 706 948 945 989 483 974 218 969 168 973 25 809 268 869 265 977 211 986 220 927 350 778 441
img15114.jpg 1075 941 1019 695 1012 489 972 493 911 710 969 950 992 486 979 219 976 170 983 23 818 263 867 257 983 210 993 221 937 353 796 461
img15115.jpg 1079 947 1021 702 1015 493 974 498 920 713 992 951 994 490 985 221 985 169 992 24 826 201 865 238 989 208 999 222 944 357 811 476
img15116.jpg 1089 954 1026 706 1015 497 975 503 929 713 1011 950 995 493 989 222 990 172 1004 24 832 136 867 233 992 208 1004 224 949 362 823 487
img15117.jpg 1090 960 1024 711 1013 499 976 506 944 715 1027 950 996 496 993 222 998 170 1016 13 838 130 867 228 996 207 1009 225 953 367 833 492
img15118.jpg 1089 965 1021 717 1009 501 979 507 956 720 1039 953 996 499 996 223 1003 171 1025 14 846 123 868 225 997 207 1013 226 956 369 843 495
img15119.jpg 1083 961 1017 713 1003 502 981 507 966 721 1045 950 995 500 998 222 1006 171 1034 16 851 120 873 221 998 207 1017 228 957 372 851 498
img15120.jpg 1082 960 1014 713 998 504 984 506 975 721 1046 952 993 502 1001 221 1007 172 1042 15 853 115 878 222 998 207 1021 229 958 376 858 500
img15121.jpg 1077 958 1010 712 995 506 988 505 985 720 1049 952 993 504 1003 220 1010 169 1046 15 856 112 881 219 998 207 1023 228 959 377 864 501
img15122.jpg 1074 957 1009 711 993 508 990 503 987 719 1045 953 992 505 1005 219 1013 169 1051 16 860 112 885 218 1000 207 1025 228 961 378 872 502
img15123.jpg 1076 954 1010 709 993 509 992 502 989 713 1042 952 993 505 1008 219 1017 169 1056 15 863 110 887 218 1003 207 1026 228 961 379 874 502
img15124.jpg 1078 953 1012 710 993 509 993 501 991 713 1044 950 993 506 1011 218 1023 167 1058 12 864 107 888 220 1008 206 1026 228 964 375 878 499
img15125.jpg 1074 953 1011 709 993 508 993 502 993 713 1046 947 993 505 1013 219 1025 165 1061 9 866 108 887 218 1013 206 1025 229 967 374 880 497
img15126.jpg 1069 951 1010 708 993 504 992 502 992 715 1045 946 993 502 1017 219 1027 165 1063 6 871 109 885 218 1019 206 1024 230 969 373 882 495
img15127.jpg 1066 952 1009 709 992 502 991 503 991 716 1048 940 992 501 1020 218 1027 167 1063 6 874 106 888 220 1023 206 1025 231 971 371 881 491
img15128.jpg 1063 953 1008 710 991 500 990 504 993 715 1049 936 992 500 1023 218 1028 165 1063 7 877 105 891 220 1027 205 1025 232 973 369 881 487
img15129.jpg 1058 953 1007 711 992 499 990 504 995 712 1051 937 992 498 1025 218 1030 165 1065 10 883 105 894 222 1030 205 1026 233 971 370 880 488
img15130.jpg 1059 953 1009 711 993 499 989 504 997 713 1049 937 993 498 1027 218 1032 165 1067 15 888 106 898 224 1032 205 1027 232 971 367 878 485
img15131.jpg 1055 954 1008 712 994 503 990 506 1000 710 1053 939 993 501 1028 219 1035 166 1070 15 891 106 903 227 1034 205 1028 232 971 366 877 486
img15132.jpg 1053 952 1009 711 996 506 991 508 1001 713 1054 942 993 504 1029 220 1036 166 1075 14 891 109 903 227 1035 204 1029 232 971 363 877 487
img15133.jpg 1051 951 1011 709 1000 510 992 510 1000 717 1054 946 993 506 1029 221 1036 167 1076 11 891 109 904 227 1036 204 1029 231 972 361 880 487
img15134.jpg 1049 952 1012 711 1003 514 993 513 998 718 1052 947 994 510 1030 222 1034 167 1078 7 892 109 903 227 1036 204 1031 230 975 358 878 486
img15135.jpg 1046 950 1012 709 1004 517 994 515 997 717 1052 947 994 513 1031 223 1034 168 1078 3 895 106 902 226 1036 205 1033 230 976 357 880 486
img15136.jpg 1048 949 1014 709 1004 517 995 514 995 717 1050 947 995 513 1031 223 1032 169 1080 4 893 103 902 224 1036 205 1036 229 974 357 879 483
img15137.jpg 1047 948 1014 709 1003 516 995 513 996 716 1050 944 995 512 1032 224 1035 166 1079 7 894 101 903 221 1035 206 1039 227 971 360 876 481
img15138.jpg 1048 947 1014 709 1001 514 996 511 996 712 1050 940 996 511 1032 223 1039 166 1079 7 894 101 906 217 1034 206 1043 226 971 360 876 481
img15139.jpg 1050 943 1014 706 998 511 995 509 995 713 1050 941 995 509 1031 223 1043 167 1079 8 890 98 910 212 1033 207 1045 226 970 361 880 482
img15140.jpg 1051 943 1014 707 996 508 995 507 996 714 1047 942 995 507 1031 223 1043 167 1079 8 887 98 915 210 1032 207 1047 225 969 362 876 482
img15141.jpg 1051 942 1015 706 995 506 994 506 997 714 1044 944 994 506 1031 222 1044 168 1077 7 888 98 917 208 1031 207 1048 225 970 360 877 484
img15142.jpg 1053 941 1016 707 995 504 994 504 997 714 1042 949 995 504 1031 221 1042 170 1075 4 887 96 920 207 1031 207 1049 225 966 360 876 486
img15143.jpg 1054 941 1018 707 996 503 994 503 998 714 1042 952 996 502 1030 221 1038 169 1075 4 888 96 921 209 1030 206 1048 224 963 362 874 487
img15144.jpg 1056 941 1021 707 998 501 994 501 998 713 1042 952 998 500 1030 221 1035 169 1071 4 888 99 921 213 1030 206 1048 224 959 364 869 485
img15145.jpg 1056 939 1023 706 1001 500 993 500 996 713 1043 951 1001 498 1030 221 1036 168 1069 3 886 102 919 216 1030 205 1048 223 956 366 868 487
img15146.jpg 1056 938 1026 706 1003 500 992 500 993 714 1044 951 1003 497 1029 221 1033 167 1066 3 884 106 921 218 1029 204 1047 222 953 367 866 488
img15147.jpg 1056 938 1027 706 1005 500 991 500 991 712 1046 949 1004 495 1028 221 1032 167 1064 3 882 109 919 221 1028 204 1046 221 955 366 864 487
img15148.jpg 1055 937 1029 706 1007 499 991 499 990 713 1048 949 1005 494 1027 219 1030 166 1063 3 881 112 917 222 1027 203 1045 220 954 365 860 485
img15149.jpg 1054 937 1029 707 1008 500 990 500 990 712 1048 948 1004 494 1027 217 1030 163 1062 3 884 112 917 222 1027 203 1043 219 953 362 859 487
img15150.jpg 1052 938 1029 708 1008 501 990 501 990 710 1048 947 1002 494 1026 215 1026 160 1063 3 884 113 916 223 1026 203 1040 219 953 360 858 484
img15151.jpg 1050 938 1029 709 1008 501 990 501 993 711 1048 945 1001 494 1026 213 1026 160 1059 3 884 113 916 224 1026 204 1037 218 953 358 858 482
img15152.jpg 1047 937 1028 709 1008 501 989 501 994 711 1048 944 998 495 1026 212 1026 160 1056 3 884 113 916 225 1026 204 1033 219 952 356 855 485
img15153.jpg 1044 938 1027 710 1007 502 989 502 997 710 1044 947 996 497 1025 212 1026 160 1055 3 884 113 916 225 1025 204 1030 219 952 355 855 484
img15154.jpg 1041 938 1026 711 1006 503 988 503 999 714 1042 948 994 499 1024 213 1025 163 1050 4 880 112 915 226 1024 203 1027 219 951 355 851 484
img15155.jpg 1037 937 1024 711 1005 502 986 502 1002 715 1041 950 993 500 1023 213 1023 167 1045 4 879 113 915 226 1023 203 1024 219 950 356 850 484
img15156.jpg 1033 936 1022 711 1003 502 985 503 1000 712 1043 951 993 502 1022 213 1022 167 1043 4 877 113 914 226 1022 204 1022 219 948 356 848 485
img15157.jpg 1030 936 1020 711 1002 502 983 504 1001 712 1045 951 993 502 1020 213 1020 168 1041 4 874 114 913 226 1020 204 1021 219 947 356 849 483
img15158.jpg 1026 935 1018 711 1000 502 982 504 1000 712 1047 951 992 502 1018 213 1018 170 1036 6 870 115 912 226 1018 204 1020 219 945 356 848 484
img15159.jpg 1022 935 1016 711 999 502 980 505 999 708 1050 946 991 502 1017 213 1017 169 1035 6 865 115 911 225 1017 204 1020 220 943 357 848 486
img15160.jpg 1018 934 1014 711 997 502 980 506 1000 707 1051 946 988 502 1015 214 1015 167 1033 6 861 117 909 226 1016 203 1020 219 942 359 845 485
img15161.jpg 1013 934 1011 712 994 502 979 507 999 708 1049 945 986 502 1013 214 1014 165 1028 6 858 119 907 227 1015 202 1021 219 942 363 842 485
img15162.jpg 1008 933 1008 712 991 502 978 508 999 710 1049 942 984 502 1012 214 1014 164 1024 5 855 122 905 228 1014 201 1020 219 942 367 839 484
img15163.jpg 1003 932 1005 712 988 502 978 508 999 712 1049 943 982 502 1011 213 1010 165 1017 5 853 126 903 229 1014 201 1019 218 942 371 839 485
img15164.jpg 997 931 1001 712 985 502 979 509 999 714 1049 944 981 502 1010 212 1006 165 1010 4 848 129 899 233 1013 201 1018 217 943 373 838 482
img15165.jpg 993 930 999 712 983 501 979 508 995 718 1049 945 981 501 1010 210 1006 166 1002 7 843 134 898 238 1013 202 1018 217 943 374 838 480
img15166.jpg 990 930 997 712 982 501 981 506 991 718 1048 945 981 501 1010 209 1002 166 998 7 839 137 896 242 1012 203 1017 215 944 372 838 477
img15167.jpg 988 929 997 713 982 502 981 505 986 718 1050 943 982 500 1009 208 997 164 989 7 832 142 894 248 1010 203 1018 213 943 369 839 473
img15168.jpg 987 929 998 713 983 502 980 505 980 715 1048 943 982 498 1008 208 994 165 983 12 824 146 891 253 1008 203 1018 212 942 367 838 468
img15169.jpg 987 928 999 713 985 501 980 503 974 715 1044 945 984 496 1007 208 995 163 977 15 819 156 892 258 1007 203 1018 210 941 364 838 463
img15170.jpg 987 926 1001 712 987 500 978 501 969 714 1043 944 985 493 1005 208 994 165 973 18 813 164 892 262 1005 202 1018 209 939 362 836 458
img15171.jpg 987 923 1003 710 989 498 976 499 958 712 1020 945 985 490 1004 208 994 165 964 26 805 174 893 265 1004 202 1016 208 936 360 833 454
img15172.jpg 988 919 1005 707 992 495 974 496 948 711 998 953 985 488 1002 208 994 168 961 29 798 184 893 271 1004 202 1014 208 933 359 831 450
img15173.jpg 987 914 1007 703 994 491 973 491 938 712 980 953 984 484 1001 208 995 166 958 27 802 248 893 277 1004 201 1012 207 930 357 830 446
img15174.jpg 985 911 1006 700 993 488 972 488 924 709 955 954 982 482 998 208 992 167 952 23 806 307 890 282 1003 202 1009 206 927 357 828 444
img15175.jpg 981 908 1003 699 991 487 971 486 910 706 928 952 979 482 995 210 989 168 945 20 812 363 886 286 1001 202 1005 206 924 357 827 443
img15176.jpg 976 907 1000 698 988 486 972 486 906 706 924 951 977 482 991 212 985 168 939 16 819 418 881 290 997 203 1001 207 921 357 826 443
img15177.jpg 970 906 996 699 984 486 971 487 904 705 923 950 975 482 987 214 979 169 932 18 811 433 878 284 993 204 996 208 917 359 825 444
img15178.jpg 962 907 990 701 979 488 970 490 906 706 931 949 971 485 983 217 972 169 922 19 807 430 873 285 987 205 989 209 913 362 823 446
img15179.jpg 956 909 985 704 974 491 968 493 915 709 955 948 967 488 978 218 964 172 914 22 789 396 871 279 981 205 982 210 908 363 821 447
img15180.jpg 948 910 978 706 968 492 965 497 928 715 987 949 964 492 974 219 957 173 907 23 785 392 867 278 974 206 976 211 902 364 817 447
img15181.jpg 938 911 970 708 960 495 960 499 943 720 1026 946 958 495 968 219 951 177 900 23 761 359 864 274 967 207 969 212 896 365 812 446
img15182.jpg 927 913 960 711 951 497 956 502 958 724 1064 939 951 499 962 219 945 176 892 22 753 368 860 278 960 207 962 212 889 364 807 445
img15183.jpg 915 914 950 713 941 499 949 505 966 725 1088 931 944 502 955 220 938 177 884 24 728 340 856 275 952 207 955 212 882 364 800 442
img15184.jpg 902 916 938 716 929 502 943 508 970 724 1105 922 938 505 947 220 930 176 875 26 718 344 849 287 944 208 947 211 874 363 794 440
img15185.jpg 890 918 928 720 919 505 936 511 970 725 1114 916 931 507 939 221 922 173 866 27 695 320 843 294 936 209 939 212 865 364 787 439
img15186.jpg 879 920 918 723 910 508 930 514 965 723 1113 911 924 509 931 222 914 173 856 27 702 347 838 305 929 209 931 214 857 365 780 438
img15187.jpg 869 922 910 726 902 511 922 515 956 722 1106 907 917 510 922 223 905 175 847 28 710 369 833 315 921 209 923 217 848 367 772 439
img15188.jpg 864 920 902 727 895 512 915 515 949 721 1102 904 911 510 913 223 898 175 836 28 703 375 820 326 912 210 914 219 840 369 765 439
img15189.jpg 860 919 895 727 888 512 908 513 935 720 1084 904 904 509 903 224 890 175 827 28 693 379 810 327 902 210 906 222 831 371 758 439
img15190.jpg 856 916 888 725 881 509 901 510 922 718 1068 904 897 506 894 225 881 178 816 28 680 381 797 327 892 211 899 223 823 372 751 438
img15191.jpg 855 915 881 722 874 506 894 506 908 718 1049 907 890 503 883 226 869 178 806 31 656 361 784 327 880 212 891 224 815 372 744 437
img15192.jpg 855 914 874 717 868 501 887 501 890 718 1028 914 883 498 873 226 858 179 792 32 631 343 771 326 870 213 883 222 807 370 737 433
img15193.jpg 855 913 868 713 862 497 880 497 872 718 1006 920 876 493 863 227 847 180 781 33 622 343 764 322 860 214 876 221 799 369 731 430
img15194.jpg 854 917 863 707 858 491 874 492 860 720 998 921 870 488 855 227 836 180 770 34 615 342 757 322 851 214 869 220 791 367 724 426
img15195.jpg 856 920 861 702 855 486 867 488 845 721 983 920 865 484 848 225 828 179 757 37 607 341 750 321 843 215 862 218 784 364 718 421
img15196.jpg 856 921 858 698 853 481 859 486 832 719 973 917 860 480 843 225 821 179 747 38 601 343 742 321 836 215 856 217 776 362 711 417
img15197.jpg 857 921 856 694 852 478 852 484 821 719 955 910 857 477 839 224 814 179 740 37 594 348 733 322 828 216 850 216 768 360 704 413
img15198.jpg 856 925 855 691 851 475 846 483 811 717 940 911 853 474 835 223 808 180 732 36 590 353 728 324 822 216 844 215 761 357 698 408
img15199.jpg 855 924 853 691 849 474 839 484 803 715 921 915 850 473 830 222 803 179 724 36 586 359 720 323 815 217 839 214 754 355 693 404
img15200.jpg 853 925 850 691 846 474 834 485 798 710 901 923 846 472 825 222 798 179 720 37 584 367 714 323 809 218 833 213 746 354 685 400
img15201.jpg 850 925 846 691 843 474 829 485 797 712 879 931 841 472 818 223 793 181 716 40 582 372 708 322 804 218 828 211 740 352 681 397
img15202.jpg 846 926 842 692 840 474 825 486 798 708 864 938 838 471 812 223 791 181 708 42 579 372 703 321 800 217 823 209 730 352 672 395
img15203.jpg 842 926 837 692 835 475 821 486 801 708 853 941 834 472 806 222 788 180 702 42 576 371 700 319 796 216 818 208 723 351 666 392
img15204.jpg 840 926 835 692 833 475 819 487 804 709 844 944 830 473 801 221 783 181 698 45 574 371 698 320 793 215 813 206 715 351 660 390
img15205.jpg 837 926 832 693 830 474 816 487 805 711 842 945 828 473 796 220 778 180 694 44 572 369 696 319 791 214 808 205 711 352 657 390
img15206.jpg 834 928 829 694 828 475 814 489 805 708 842 945 826 475 792 219 775 177 685 43 569 368 694 319 788 213 804 205 705 354 653 391
img15207.jpg 832 929 826 695 825 477 813 490 806 707 842 944 823 477 789 217 769 178 682 44 567 367 693 319 785 212 799 205 705 352 656 388
img15208.jpg 830 931 823 697 823 478 812 492 805 708 842 946 821 478 785 218 765 177 677 43 565 367 691 320 782 212 794 205 700 352 653 387
img15209.jpg 826 933 819 699 819 480 811 493 807 707 844 947 819 480 782 218 763 176 674 40 562 366 689 320 779 211 790 207 698 351 652 385
img15210.jpg 823 936 816 702 817 483 809 494 810 706 844 947 818 482 779 218 759 179 670 39 559 367 686 322 775 211 786 209 694 352 649 384
img15211.jpg 822 937 815 703 815 484 809 494 813 705 847 949 817 482 776 218 756 181 670 39 557 369 685 324 771 212 783 212 687 351 644 382
img15212.jpg 821 939 813 705 814 486 808 493 814 705 848 956 816 484 773 219 752 181 669 37 556 371 684 326 768 213 780 215 683 350 640 378
img15213.jpg 820 941 812 707 814 487 808 492 815 703 849 954 815 484 770 219 750 183 669 38 555 372 683 328 766 213 778 218 683 350 642 376
img15214.jpg 820 942 812 708 814 488 809 492 814 703 849 955 814 484 768 219 746 187 668 41 555 372 684 329 765 213 776 220 678 350 639 374
img15215.jpg 819 941 810 707 813 487 810 491 814 700 848 958 814 485 766 219 745 187 669 43 556 371 685 330 766 213 774 221 676 346 638 368
img15216.jpg 818 942 809 708 812 488 811 492 815 702 847 953 813 487 764 219 742 188 669 45 556 370 686 330 766 213 773 223 675 342 638 363
img15217.jpg 817 941 808 707 811 487 812 493 817 703 849 950 813 487 763 218 744 189 668 46 556 370 687 331 765 213 771 223 671 342 634 362
img15218.jpg 816 942 807 707 810 487 813 493 820 704 848 950 813 489 762 218 744 189 667 47 556 370 687 332 765 214 770 223 667 342 630 362
img15219.jpg 816 942 806 708 810 487 813 493 823 702 847 949 813 491 762 218 744 188 665 47 557 371 688 334 764 214 769 223 665 342 627 362
img15220.jpg 817 943 806 709 810 489 813 493 824 704 848 947 813 491 762 217 745 188 662 44 557 373 689 336 763 215 767 223 666 345 627 367
img15221.jpg 817 944 806 710 810 489 813 493 821 704 848 949 813 492 762 218 746 189 660 42 558 372 690 337 763 215 767 223 667 349 627 373
img15222.jpg 817 945 806 711 811 490 814 493 822 704 846 950 813 493 762 219 745 189 657 44 559 370 692 337 764 214 766 223 668 351 625 377
img15223.jpg 817 946 805 712 810 490 815 493 824 705 848 951 814 493 762 218 745 189 656 45 560 369 693 336 764 213 764 222 667 350 622 377
img15224.jpg 816 946 804 712 810 490 816 494 824 707 848 949 814 493 762 218 745 188 656 44 560 368 694 336 763 212 763 222 670 348 624 377
img15225.jpg 816 945 803 711 810 490 818 495 825 706 846 952 815 493 761 218 745 187 654 45 560 366 694 336 762 211 763 221 670 345 623 375
img15226.jpg 817 946 804 711 811 490 819 495 829 708 845 953 816 492 761 217 745 187 654 45 561 366 695 336 761 210 762 220 670 345 622 376
img15227.jpg 819 945 805 711 812 489 819 494 827 707 844 949 818 491 760 217 743 185 656 44 562 367 697 337 759 210 763 220 669 343 624 376
img15228.jpg 821 946 807 711 814 489 818 494 826 706 842 947 818 491 760 216 743 185 654 42 564 368 699 338 759 209 763 220 670 344 628 378
img15229.jpg 824 945 810 711 817 489 818 493 825 704 845 952 819 490 759 215 742 188 653 42 567 370 701 339 759 209 763 220 666 343 627 377
img15230.jpg 826 945 812 711 820 489 817 492 826 703 845 948 820 490 759 214 743 187 653 44 569 371 704 340 759 209 762 222 663 345 624 376
img15231.jpg 826 945 812 711 820 488 816 492 824 699 843 941 819 491 759 214 742 186 654 46 570 372 705 342 759 210 761 224 660 346 621 372
img15232.jpg 826 944 811 710 820 487 816 492 822 699 845 945 817 491 759 214 742 189 653 47 572 370 707 342 759 209 760 224 663 348 621 372
img15233.jpg 827 942 811 708 821 485 815 492 822 701 846 946 817 490 759 215 742 190 654 50 573 370 709 342 759 209 759 225 665 348 619 369
img15234.jpg 825 943 810 708 819 485 814 494 821 703 845 939 817 491 760 216 742 191 652 52 574 369 710 343 760 210 759 224 668 351 619 370
img15235.jpg 824 943 808 709 818 486 813 495 820 703 844 942 816 491 760 218 740 193 653 52 574 368 711 344 760 210 759 223 669 350 620 370
img15236.jpg 824 944 808 710 818 486 812 496 821 705 848 947 817 490 760 218 739 194 651 54 575 367 713 344 760 210 759 222 671 349 622 371
img15237.jpg 824 945 807 711 818 488 811 497 821 705 848 947 817 490 759 219 739 193 651 54 576 366 713 345 759 210 759 222 675 348 626 371
img15238.jpg 823 947 806 713 817 490 810 497 818 703 849 948 817 490 760 218 740 193 652 54 576 366 714 346 758 210 760 221 679 348 630 374
img15239.jpg 823 949 805 714 817 490 810 497 820 703 848 954 817 489 760 218 740 192 653 53 576 366 714 346 756 210 760 221 682 347 632 374
img15240.jpg 822 948 804 714 816 490 809 496 819 703 851 954 816 487 761 218 739 190 656 54 576 367 714 348 754 211 762 221 684 348 635 377
img15241.jpg 822 947 803 713 816 489 809 495 819 703 850 953 816 484 762 218 739 186 659 54 576 368 715 349 752 212 764 220 687 349 637 379
img15242.jpg 821 946 802 712 815 488 808 494 819 702 850 955 816 481 764 217 740 186 658 56 575 368 714 351 750 213 767 219 688 353 638 384
img15243.jpg 821 945 802 711 815 487 808 493 818 703 849 952 816 478 765 216 740 184 660 56 574 367 714 352 748 214 770 218 690 352 639 384
img15244.jpg 821 945 801 710 815 486 808 493 818 701 851 950 817 477 766 216 743 181 662 57 574 367 715 353 748 215 772 217 692 353 642 387
img15245.jpg 821 945 801 711 815 486 808 494 818 702 852 945 818 478 767 216 743 182 663 57 574 366 715 354 748 215 773 216 696 354 646 390
img15246.jpg 820 947 800 713 814 488 807 494 819 703 852 946 820 479 768 216 747 182 663 57 572 365 713 353 747 216 773 216 700 354 650 392
img15247.jpg 820 948 800 713 815 488 807 496 821 706 855 947 821 481 769 217 749 182 666 55 573 366 713 353 748 216 773 217 700 353 650 392
img15248.jpg 820 948 799 713 814 488 807 497 823 708 858 949 821 483 770 218 750 184 666 55 575 367 712 351 748 216 774 218 702 354 652 395
img15249.jpg 819 947 798 713 813 487 807 498 823 709 858 947 822 484 770 218 749 184 665 52 575 365 711 350 749 216 774 218 703 355 653 397
img15250.jpg 819 946 797 712 813 486 808 497 822 709 857 947 822 484 770 218 751 184 664 48 576 365 710 348 749 215 775 218 704 354 654 397
img15251.jpg 819 944 797 710 813 485 809 496 822 708 857 947 821 484 769 218 752 184 662 45 578 365 710 347 750 215 777 218 706 354 656 398
img15252.jpg 818 944 796 710 813 484 811 494 821 706 855 945 821 484 769 217 751 182 661 47 580 364 709 346 751 215 778 217 707 353 657 399
img15253.jpg 819 945 796 710 813 484 811 493 820 706 855 945 821 484 769 217 750 180 660 48 583 363 710 344 754 214 779 216 708 352 658 399
img15254.jpg 820 946 797 712 814 486 812 492 821 704 855 950 821 486 769 217 751 179 661 51 587 363 712 345 756 214 779 214 708 352 658 400
img15255.jpg 820 947 797 712 815 486 812 491 822 703 857 956 822 486 769 217 753 179 662 54 590 364 714 345 760 214 778 214 707 352 658 402
img15256.jpg 822 948 798 714 816 487 811 491 822 703 857 957 822 487 770 219 752 179 662 54 595 364 718 346 764 213 776 215 706 353 656 404
img15257.jpg 823 949 799 715 818 488 810 491 820 702 858 959 823 488 771 220 754 178 664 53 600 367 722 347 768 212 775 217 705 355 656 407
img15258.jpg 825 949 801 715 820 488 809 491 817 701 856 958 824 488 772 221 755 177 665 52 605 373 726 349 770 212 774 219 704 357 655 411
img15259.jpg 827 950 802 716 822 489 808 492 814 701 853 955 824 489 772 223 756 177 665 52 610 378 729 350 772 212 773 222 703 361 654 416
img15260.jpg 829 951 804 717 824 490 807 494 811 701 853 954 825 490 773 224 755 176 665 51 614 385 733 350 773 211 773 224 703 363 654 419
img15261.jpg 830 951 804 717 824 490 807 495 811 704 853 956 824 490 773 225 755 176 667 53 618 392 735 351 772 211 773 225 703 364 654 422
img15262.jpg 830 952 804 717 825 490 807 498 813 704 851 953 823 490 773 225 755 177 667 54 622 400 736 352 771 211 773 224 703 363 654 422
img15263.jpg 830 952 804 718 825 491 807 499 814 705 852 953 822 491 773 224 756 180 664 54 626 407 737 354 769 211 775 222 703 361 655 420
img15264.jpg 830 952 803 718 824 491 807 499 817 705 851 957 821 491 773 221 756 181 664 52 630 415 738 355 767 212 777 218 704 356 655 417
img15265.jpg 828 952 801 718 823 490 807 499 821 705 851 957 821 490 773 220 756 182 664 49 633 422 738 356 765 212 780 215 706 353 656 414
img15266.jpg 826 952 799 718 821 490 807 499 820 705 851 956 821 490 773 217 756 182 664 47 637 428 739 357 764 212 783 211 707 348 657 410
img15267.jpg 825 952 797 718 820 490 807 500 821 708 852 957 822 490 772 216 756 181 665 43 642 433 741 358 764 212 786 209 708 345 658 408
img15268.jpg 824 951 796 717 819 489 807 500 824 709 855 958 822 489 772 215 755 179 668 43 648 438 743 358 766 212 787 209 709 345 658 409
img15269.jpg 824 950 795 716 819 488 806 500 823 709 858 954 823 488 772 215 754 177 668 46 654 442 746 358 768 212 788 209 709 345 659 410
img15270.jpg 824 950 795 716 819 488 806 499 823 711 858 952 823 488 772 214 754 177 668 46 661 446 749 359 770 212 788 208 709 344 659 411
img15271.jpg 825 950 796 716 820 488 807 497 823 710 854 949 822 488 773 215 754 178 667 46 669 451 753 359 772 211 788 209 709 346 660 414
img15272.jpg 825 951 795 717 820 488 810 495 825 709 852 946 821 488 774 215 756 180 666 46 676 455 755 359 774 211 787 209 710 347 662 417
img15273.jpg 825 952 795 718 820 489 813 493 826 708 850 947 820 489 775 215 757 181 669 44 683 458 758 359 776 211 785 209 711 349 665 421
img15274.jpg 825 954 795 720 820 491 816 493 828 708 848 945 819 489 777 214 760 183 669 44 690 460 762 358 778 209 784 210 712 351 668 426
img15275.jpg 827 954 796 720 822 491 819 492 829 708 846 941 819 489 779 213 761 184 670 46 699 463 766 358 781 208 783 212 713 354 670 430
img15276.jpg 829 954 798 720 825 491 820 492 828 705 848 940 820 490 781 212 765 182 672 46 709 464 771 356 785 206 782 214 713 357 672 434
img15277.jpg 834 954 802 720 829 491 820 493 827 707 850 941 822 489 783 212 767 178 675 46 720 466 777 355 788 204 781 216 712 359 672 438
img15278.jpg 839 954 807 720 834 491 818 493 825 706 848 942 824 489 785 210 768 178 676 45 733 469 783 355 792 204 781 218 711 361 671 442
img15279.jpg 844 954 812 720 840 490 817 494 823 706 849 946 827 490 786 210 769 177 679 44 747 472 790 355 795 204 779 219 710 363 671 445
img15280.jpg 849 955 816 721 845 491 817 494 822 706 848 949 830 490 788 209 772 174 679 41 759 475 797 356 800 203 776 221 708 366 671 450
img15281.jpg 854 954 821 721 850 491 817 496 823 709 847 953 832 489 790 208 773 174 678 42 773 479 804 357 803 205 772 223 706 368 671 454
img15282.jpg 861 954 827 720 856 490 818 497 823 708 846 955 836 491 791 208 771 173 678 44 788 481 811 358 807 205 768 223 705 371 672 458
img15283.jpg 868 952 834 718 863 488 819 498 824 710 847 954 840 490 793 208 773 173 678 44 804 484 819 360 811 207 764 224 704 372 673 461
img15284.jpg 875 949 841 716 871 485 822 498 827 713 848 954 843 489 795 209 773 174 678 42 820 486 828 361 816 208 760 224 703 374 676 465
img15285.jpg 883 946 849 712 879 482 824 498 830 710 850 955 848 488 796 210 773 173 682 45 838 489 838 363 821 210 757 224 703 375 678 467
img15286.jpg 891 944 856 710 887 480 828 497 831 712 848 957 853 487 797 211 775 172 685 46 856 490 848 365 827 211 755 223 704 376 682 470
img15287.jpg 898 942 863 709 894 478 830 496 832 711 845 957 858 485 800 213 779 174 689 44 872 491 858 366 835 213 752 222 703 375 687 472
img15288.jpg 903 940 868 706 900 476 832 495 831 713 845 953 861 484 803 213 781 174 695 44 887 491 868 367 843 213 749 222 701 377 690 479
img15289.jpg 911 942 873 705 905 477 833 494 830 713 843 954 865 483 805 215 786 173 702 46 900 492 876 368 852 214 745 224 699 378 692 485
img15290.jpg 922 943 877 704 908 477 832 493 829 716 843 954 867 482 809 216 792 176 711 43 912 493 885 369 863 215 742 225 693 380 693 492
img15291.jpg 935 942 882 707 910 477 831 492 827 717 844 953 867 482 812 218 796 180 723 41 922 494 894 371 875 216 738 227 688 381 695 499
img15292.jpg 951 943 887 707 911 477 830 492 828 718 846 954 867 483 814 220 801 179 735 43 931 496 901 373 887 217 735 230 685 384 696 506
img15293.jpg 969 947 894 711 911 479 829 493 827 718 844 958 867 484 817 223 806 176 749 42 939 499 908 376 899 219 734 231 685 385 699 505
img15294.jpg 983 945 901 713 911 480 829 495 826 720 844 959 868 485 819 224 812 175 762 40 947 501 916 379 910 221 734 231 683 386 705 507
img15295.jpg 989 944 910 719 912 482 828 497 825 723 843 958 869 488 822 225 818 173 778 38 958 503 926 380 920 222 735 230 689 381 711 505
img15296.jpg 991 947 920 720 913 484 827 500 828 723 842 961 871 490 826 225 824 171 792 40 969 503 939 381 928 223 737 227 693 377 713 504
img15297.jpg 988 951 931 726 914 487 826 503 829 726 840 961 871 492 830 224 829 171 808 41 982 506 955 380 935 223 740 225 700 371 719 501
img15298.jpg 978 953 940 728 917 489 825 505 835 728 842 963 873 494 836 223 835 170 825 36 996 507 968 377 942 223 744 224 709 363 731 499
img15299.jpg 968 962 951 730 919 492 825 507 837 727 841 965 874 496 842 222 841 168 842 33 1012 510 983 378 948 222 748 222 717 353 736 493
img15300.jpg 960 971 957 729 922 495 826 508 842 725 838 967 875 497 850 222 849 167 857 30 1026 513 997 376 955 221 753 222 723 351 746 491
img15301.jpg 954 981 961 731 927 498 828 508 845 724 838 966 876 499 858 222 856 166 871 28 1038 517 1005 376 962 220 759 222 733 347 762 488
img15302.jpg 951 988 962 728 931 500 831 508 848 724 837 966 878 500 866 222 867 163 889 24 1047 519 1010 380 969 218 765 223 742 343 776 485
img15303.jpg 952 997 963 728 937 500 836 506 849 724 838 963 881 500 874 222 878 165 901 25 1055 522 1018 382 976 216 772 224 750 345 788 487
img15304.jpg 952 1000 963 728 943 500 841 504 853 724 838 963 885 500 882 222 890 163 916 27 1059 522 1022 375 982 214 781 225 761 346 807 488
img15305.jpg 953 1004 964 729 948 499 847 503 854 725 840 963 890 499 889 221 898 161 931 29 1060 523 1023 377 988 212 791 226 774 344 826 485
img15306.jpg 956 1004 967 731 952 497 852 500 856 727 841 964 896 497 897 219 908 161 948 24 1063 527 1025 376 992 209 801 226 786 346 844 487
img15307.jpg 954 1004 969 735 957 495 857 499 861 727 847 964 902 495 903 218 913 163 961 26 1065 528 1025 372 996 207 813 224 802 355 869 492
img15308.jpg 954 1006 969 734 960 496 863 498 870 727 851 970 906 495 909 217 917 161 976 28 1073 526 1026 372 998 205 826 222 818 359 892 495
img15309.jpg 956 1007 971 738 962 495 868 496 879 726 860 970 911 493 916 214 923 163 989 30 1083 526 1029 377 1001 203 838 218 833 366 913 500
img15310.jpg 958 1007 973 739 964 496 874 495 892 724 869 967 914 491 922 213 932 164 1002 31 1092 528 1034 377 1002 201 851 214 846 372 932 504
img15311.jpg 958 1005 973 733 967 497 880 494 904 721 882 962 918 490 928 211 940 159 1013 39 1098 529 1039 379 1004 200 863 210 860 374 951 506
img15312.jpg 958 1006 974 730 968 496 887 493 916 718 897 956 922 488 933 209 948 159 1023 44 1108 531 1043 382 1005 199 875 207 868 371 960 503
img15313.jpg 955 1005 978 732 969 494 895 491 928 716 916 947 926 485 939 207 956 159 1035 48 1110 533 1046 382 1006 198 887 203 877 367 970 501
img15314.jpg 953 1006 980 731 970 493 903 490 938 713 937 941 931 485 945 207 962 159 1044 52 1115 529 1047 383 1007 198 899 201 886 365 981 499
img15315.jpg 952 1005 982 733 970 492 912 488 947 713 958 933 938 486 951 207 968 159 1050 52 1125 524 1050 383 1007 199 910 200 895 363 991 498
img15316.jpg 952 1006 984 738 972 491 920 487 957 713 979 927 945 486 958 209 975 163 1061 49 1136 514 1054 382 1009 200 919 201 903 363 1002 498
img15317.jpg 954 1004 988 739 974 490 929 485 967 712 998 920 952 486 965 211 984 164 1071 44 1151 506 1060 379 1011 201 929 200 911 362 1013 497
img15318.jpg 955 999 989 739 978 490 938 483 976 712 1017 915 959 484 974 214 992 166 1083 42 1163 499 1068 378 1014 203 939 202 919 363 1024 498
img15319.jpg 955 999 990 739 982 491 946 482 986 712 1037 918 967 482 982 215 1000 168 1096 35 1177 493 1077 375 1018 205 948 203 927 364 1035 498
img15320.jpg 954 999 993 741 988 490 956 480 996 712 1058 925 974 477 991 216 1006 171 1109 34 1187 485 1083 374 1022 207 958 204 936 365 1047 499
img15321.jpg 952 995 996 741 995 489 967 479 1008 712 1074 932 982 474 1001 217 1015 173 1119 35 1197 484 1089 373 1026 209 968 205 946 366 1059 498
img15322.jpg 952 993 1005 743 1002 488 976 477 1018 712 1085 937 991 473 1011 218 1026 173 1130 36 1204 481 1096 374 1032 210 978 207 954 367 1071 499
img15323.jpg 953 994 1018 744 1010 488 986 477 1030 714 1092 943 1000 474 1021 218 1033 171 1136 38 1210 483 1099 373 1038 211 987 208 963 368 1084 499
img15324.jpg 956 989 1036 743 1020 486 996 476 1041 714 1095 945 1009 475 1030 218 1044 171 1143 38 1213 486 1102 376 1045 211 996 209 972 368 1096 498
img15325.jpg 962 980 1055 743 1031 485 1004 476 1050 715 1096 944 1019 475 1038 217 1056 170 1149 41 1214 490 1106 376 1054 212 1005 209 980 368 1107 497
img15326.jpg 977 977 1079 742 1041 485 1011 476 1058 717 1092 939 1027 476 1046 215 1063 170 1157 40 1217 496 1109 377 1063 214 1013 209 986 368 1116 496
img15327.jpg 994 972 1103 740 1053 486 1019 476 1066 719 1091 938 1035 475 1053 214 1071 171 1162 37 1215 501 1113 378 1073 215 1021 208 993 366 1125 494
img15328.jpg 1021 965 1127 736 1064 486 1026 476 1074 720 1090 936 1043 473 1060 213 1081 173 1169 34 1211 506 1117 378 1082 216 1028 207 999 365 1135 491
img15329.jpg 1050 961 1153 733 1074 488 1033 477 1082 721 1089 931 1051 472 1068 213 1088 170 1176 36 1211 512 1124 378 1090 216 1034 206 1005 364 1144 488
img15330.jpg 1078 957 1178 726 1084 490 1040 478 1091 720 1092 928 1058 472 1074 213 1091 168 1184 36 1208 515 1127 379 1096 215 1040 205 1011 362 1154 485
img15331.jpg 1099 952 1200 720 1094 491 1049 479 1098 718 1094 930 1067 472 1080 214 1097 169 1189 33 1204 518 1134 378 1102 214 1047 205 1018 361 1165 482
img15332.jpg 1110 948 1217 717 1103 493 1056 481 1104 717 1099 937 1075 473 1086 215 1100 168 1196 36 1203 519 1137 380 1107 214 1054 205 1025 361 1175 479
img15333.jpg 1120 945 1234 715 1113 497 1064 483 1109 715 1100 935 1084 476 1091 214 1105 169 1201 33 1201 517 1142 381 1113 214 1062 205 1031 361 1185 478
img15334.jpg 1130 939 1244 715 1123 501 1071 485 1111 715 1099 937 1091 479 1096 215 1111 167 1207 34 1200 515 1141 378 1120 215 1070 204 1038 360 1194 476
img15335.jpg 1148 938 1256 717 1132 503 1078 485 1111 717 1096 944 1100 481 1102 214 1119 168 1212 34 1200 517 1145 376 1126 216 1079 204 1045 358 1204 474
img15336.jpg 1165 935 1262 720 1141 505 1085 485 1111 720 1099 950 1108 482 1108 214 1125 167 1222 37 1203 512 1148 367 1131 215 1088 203 1053 357 1213 471
img15337.jpg 1193 932 1271 721 1149 504 1094 484 1112 717 1097 947 1115 482 1115 214 1134 168 1234 35 1204 513 1153 358 1137 215 1096 202 1059 356 1223 469
img15338.jpg 1220 937 1275 722 1156 503 1104 483 1113 719 1098 952 1123 481 1123 215 1142 166 1246 36 1209 514 1153 348 1144 214 1104 201 1066 355 1236 467
img15339.jpg 1245 943 1281 725 1162 502 1114 482 1116 718 1101 954 1131 480 1131 215 1149 171 1256 34 1215 514 1160 345 1151 213 1112 200 1072 354 1248 464
img15340.jpg 1264 948 1286 728 1169 501 1124 482 1121 717 1103 952 1140 480 1140 217 1158 169 1268 37 1220 515 1165 338 1158 212 1119 200 1077 355 1261 459
img15341.jpg 1288 957 1292 729 1175 500 1133 483 1131 715 1105 949 1149 481 1149 218 1167 173 1277 37 1226 521 1171 341 1167 213 1128 200 1083 356 1273 458
img15342.jpg 1311 967 1296 733 1183 501 1141 484 1139 718 1106 953 1159 485 1159 219 1176 172 1282 44 1238 520 1176 344 1176 213 1137 201 1087 356 1285 454
img15343.jpg 1331 969 1302 733 1191 501 1149 486 1147 719 1107 954 1169 489 1169 220 1187 173 1288 49 1249 520 1187 350 1185 213 1148 202 1089 356 1292 451
img15344.jpg 1349 974 1309 732 1200 501 1158 487 1155 722 1108 952 1179 492 1179 222 1198 171 1302 55 1256 524 1198 354 1195 213 1159 203 1094 357 1302 451
img15345.jpg 1367 971 1317 736 1209 502 1167 490 1161 722 1107 953 1190 497 1191 223 1208 173 1313 57 1266 527 1208 357 1206 213 1172 205 1100 357 1313 455
img15346.jpg 1382 970 1328 740 1220 504 1176 494 1166 725 1108 952 1201 501 1203 224 1220 170 1324 66 1278 527 1220 358 1218 214 1185 206 1105 357 1321 459
img15347.jpg 1395 968 1341 742 1230 506 1188 497 1169 728 1111 950 1211 501 1215 224 1233 172 1341 68 1287 530 1233 358 1232 215 1199 207 1112 357 1330 466
img15348.jpg 1406 967 1352 746 1240 508 1199 499 1174 728 1113 946 1221 502 1229 223 1249 174 1359 71 1299 535 1245 360 1247 215 1214 207 1119 356 1338 474
img15349.jpg 1418 966 1365 747 1250 510 1210 502 1181 726 1113 945 1231 502 1244 222 1265 176 1372 73 1312 538 1262 361 1263 215 1231 206 1138 353 1331 480
img15350.jpg 1424 971 1375 744 1262 511 1221 503 1190 727 1116 940 1241 499 1261 219 1284 177 1389 79 1326 537 1280 366 1281 214 1249 204 1159 348 1322 485
img15351.jpg 1427 974 1385 740 1274 511 1230 501 1203 723 1116 937 1252 496 1279 216 1306 178 1413 81 1340 537 1296 371 1300 213 1267 201 1182 343 1314 486
img15352.jpg 1429 977 1394 737 1289 511 1240 499 1216 720 1119 929 1265 495 1299 213 1326 177 1432 80 1357 534 1312 373 1320 211 1284 198 1205 336 1305 485
img15353.jpg 1428 979 1400 736 1305 510 1250 497 1231 719 1122 923 1277 493 1318 210 1342 176 1453 82 1373 531 1331 375 1340 209 1300 195 1230 331 1299 484
img15354.jpg 1427 981 1406 737 1321 509 1262 493 1253 717 1127 911 1291 493 1336 207 1361 173 1472 82 1392 528 1350 375 1360 208 1315 193 1243 328 1305 482
img15355.jpg 1428 979 1410 736 1337 508 1274 490 1281 712 1136 894 1305 492 1352 205 1379 173 1492 78 1411 529 1369 374 1379 206 1326 191 1254 326 1312 480
img15356.jpg 1434 974 1415 736 1353 506 1289 487 1306 708 1143 872 1319 491 1368 202 1391 173 1504 74 1430 531 1391 372 1398 204 1337 191 1266 325 1321 480
img15357.jpg 1437 973 1420 735 1367 503 1303 484 1333 702 1152 857 1333 488 1380 200 1406 172 1520 73 1449 530 1413 371 1415 203 1346 191 1276 326 1329 480
img15358.jpg 1440 973 1426 734 1379 499 1316 480 1357 693 1163 842 1345 483 1392 198 1419 169 1526 66 1469 532 1434 369 1432 202 1353 191 1285 327 1336 481
img15359.jpg 1443 971 1434 732 1391 493 1327 474 1372 686 1177 832 1356 476 1402 196 1430 170 1533 60 1491 529 1452 366 1447 199 1358 191 1292 327 1341 480
img15360.jpg 1442 973 1440 730 1400 485 1337 468 1379 679 1190 831 1367 470 1412 195 1437 167 1540 57 1511 525 1469 366 1461 197 1362 191 1298 328 1345 481
img15361.jpg 1437 976 1443 733 1408 477 1344 462 1387 672 1207 834 1375 462 1421 193 1443 165 1543 54 1536 523 1486 365 1473 195 1366 191 1302 328 1347 480
img15362.jpg 1434 977 1449 732 1416 469 1351 458 1395 667 1224 838 1383 455 1429 192 1449 163 1545 48 1560 521 1502 367 1485 193 1369 191 1307 328 1349 480
img15363.jpg 1432 979 1455 731 1425 463 1359 455 1403 663 1243 844 1391 452 1437 191 1455 162 1548 47 1580 517 1516 366 1496 192 1372 191 1311 328 1351 480
img15364.jpg 1429 982 1457 730 1434 461 1367 457 1411 663 1262 852 1399 452 1443 191 1457 159 1549 46 1599 514 1531 369 1507 192 1375 191 1316 329 1354 480
img15365.jpg 1429 982 1464 730 1443 462 1375 459 1420 665 1282 860 1409 454 1448 191 1464 159 1548 43 1614 513 1547 369 1518 193 1376 191 1320 330 1358 480
img15366.jpg 1432 980 1470 729 1454 466 1383 463 1428 668 1303 870 1418 460 1452 192 1470 160 1544 38 1627 509 1561 369 1529 194 1378 192 1325 332 1362 481
img15367.jpg 1434 978 1475 728 1465 472 1392 468 1438 672 1324 880 1428 467 1455 194 1472 162 1538 37 1635 506 1573 367 1538 196 1378 194 1329 335 1366 482
img15368.jpg 1434 977 1482 727 1477 478 1400 474 1446 676 1345 890 1438 475 1458 197 1475 165 1534 38 1644 504 1585 367 1547 197 1379 197 1332 339 1369 485
img15369.jpg 1434 972 1489 727 1488 482 1409 478 1456 679 1367 898 1447 479 1460 200 1479 165 1527 37 1651 503 1593 365 1553 198 1378 201 1336 344 1373 489
img15370.jpg 1434 973 1494 728 1497 485 1416 482 1463 682 1388 905 1454 482 1464 203 1476 166 1522 37 1658 501 1599 362 1559 199 1378 205 1339 348 1376 492
img15371.jpg 1442 976 1504 727 1506 487 1423 485 1470 684 1407 910 1461 484 1467 206 1476 166 1515 40 1662 499 1606 362 1565 200 1377 209 1342 355 1379 494
img15372.jpg 1450 976 1513 726 1513 485 1427 487 1475 685 1425 913 1468 484 1470 208 1478 164 1506 41 1664 498 1611 365 1570 201 1376 212 1347 360 1380 496
img15373.jpg 1467 973 1523 727 1520 483 1431 488 1479 687 1440 916 1475 483 1473 209 1477 165 1499 41 1665 497 1615 366 1573 202 1375 214 1350 365 1379 496
img15374.jpg 1486 968 1536 724 1526 482 1434 488 1481 689 1454 920 1481 483 1475 208 1475 168 1490 40 1665 492 1623 368 1577 202 1374 215 1351 368 1378 499
img15375.jpg 1510 961 1552 721 1533 479 1437 487 1482 692 1464 923 1487 483 1476 207 1478 169 1475 43 1665 489 1627 366 1581 202 1373 215 1352 370 1379 499
img15376.jpg 1519 950 1560 718 1540 477 1442 485 1484 694 1475 925 1492 481 1476 205 1477 168 1468 42 1663 485 1630 364 1582 201 1373 215 1354 371 1377 501
img15377.jpg 1532 942 1569 717 1545 476 1447 484 1485 697 1485 927 1497 481 1477 204 1476 170 1459 44 1665 484 1635 363 1584 200 1373 215 1352 370 1375 503
img15378.jpg 1542 934 1571 712 1552 475 1452 481 1488 699 1495 927 1501 480 1477 203 1475 169 1448 44 1663 481 1637 364 1585 199 1374 214 1352 371 1375 503
img15379.jpg 1557 933 1572 712 1557 474 1457 480 1491 701 1502 930 1506 480 1479 203 1478 168 1437 45 1662 481 1639 360 1586 199 1376 214 1353 373 1374 500
img15380.jpg 1568 935 1570 710 1563 474 1464 478 1497 703 1508 934 1510 479 1481 203 1477 169 1430 43 1660 483 1641 363 1587 200 1380 213 1356 376 1370 500
img15381.jpg 1585 938 1572 709 1569 474 1470 477 1498 706 1512 938 1517 479 1485 204 1478 171 1421 47 1656 487 1640 363 1588 201 1386 212 1357 376 1367 497
img15382.jpg 1602 941 1572 707 1576 473 1476 475 1502 704 1512 941 1524 478 1489 204 1479 171 1416 48 1652 488 1636 361 1590 202 1393 209 1362 378 1366 498
img15383.jpg 1615 942 1572 704 1582 473 1483 473 1502 701 1512 945 1531 476 1493 204 1479 171 1410 53 1649 490 1636 358 1591 204 1400 208 1368 378 1364 500
img15384.jpg 1620 935 1573 700 1588 472 1491 472 1504 697 1510 946 1539 474 1497 203 1477 170 1404 58 1644 493 1631 360 1591 204 1408 207 1378 376 1365 498
img15385.jpg 1624 927 1574 696 1593 470 1500 470 1503 692 1510 944 1547 472 1501 201 1479 168 1399 64 1638 491 1628 358 1590 203 1416 206 1386 373 1369 497
img15386.jpg 1628 921 1575 691 1597 468 1508 468 1508 687 1511 945 1554 469 1505 199 1481 169 1394 68 1633 491 1625 357 1587 202 1425 205 1398 373 1374 497
img15387.jpg 1630 917 1577 687 1601 466 1516 466 1506 687 1513 948 1560 466 1508 198 1486 169 1389 75 1627 491 1620 356 1582 200 1434 206 1409 370 1383 493
img15388.jpg 1630 915 1583 687 1604 465 1524 465 1509 690 1512 949 1566 465 1512 197 1489 172 1385 81 1620 489 1614 354 1575 198 1444 205 1422 367 1391 492
img15389.jpg 1632 918 1589 687 1606 462 1532 462 1511 690 1515 949 1571 462 1514 197 1495 173 1384 82 1613 488 1607 353 1567 196 1455 204 1437 364 1404 492
img15390.jpg 1634 922 1594 688 1609 460 1541 461 1514 691 1517 948 1577 460 1516 198 1497 178 1384 85 1606 487 1600 352 1558 195 1468 202 1457 361 1417 492
img15391.jpg 1635 924 1598 690 1612 457 1551 460 1514 693 1517 944 1582 457 1517 200 1500 180 1383 90 1601 488 1594 352 1549 195 1480 200 1476 358 1434 492
img15392.jpg 1635 925 1601 692 1616 455 1561 460 1520 692 1517 939 1587 455 1518 202 1500 182 1382 91 1595 489 1588 353 1542 196 1492 197 1495 358 1450 493
img15393.jpg 1637 926 1600 690 1620 455 1571 461 1526 690 1516 933 1593 454 1519 204 1502 184 1381 96 1591 493 1584 357 1536 199 1503 196 1515 357 1469 491
img15394.jpg 1639 926 1598 690 1625 455 1579 463 1528 693 1514 929 1598 454 1521 206 1504 189 1379 108 1586 498 1581 361 1533 203 1511 196 1530 355 1487 492
img15395.jpg 1638 925 1600 693 1629 458 1587 467 1530 696 1513 928 1602 456 1523 209 1503 188 1375 117 1580 504 1578 366 1532 207 1517 197 1546 354 1499 494
img15396.jpg 1635 926 1601 692 1633 463 1593 472 1534 698 1513 929 1606 460 1525 212 1503 191 1371 123 1572 510 1574 372 1531 211 1521 199 1560 353 1506 499
img15397.jpg 1633 924 1602 691 1634 468 1599 475 1532 701 1515 931 1609 464 1526 215 1501 192 1366 132 1562 516 1569 377 1530 215 1523 202 1568 350 1525 499
img15398.jpg 1632 922 1609 695 1632 472 1604 478 1531 705 1521 932 1611 468 1526 219 1497 195 1362 138 1550 521 1562 383 1528 219 1524 204 1577 346 1541 499
img15399.jpg 1630 922 1612 698 1627 477 1606 480 1535 705 1525 936 1612 471 1524 223 1491 198 1355 144 1534 526 1552 389 1525 223 1525 206 1585 347 1555 501
img15400.jpg 1630 923 1606 700 1619 482 1607 483 1538 708 1528 937 1611 474 1520 228 1487 203 1351 152 1519 529 1540 395 1519 228 1525 209 1588 349 1572 503
img15401.jpg 1634 922 1598 706 1608 486 1606 485 1542 709 1532 940 1610 477 1515 233 1481 210 1342 162 1507 533 1532 403 1512 237 1524 212 1593 349 1593 501
img15402.jpg 1635 922 1585 712 1597 493 1603 489 1547 711 1534 942 1608 481 1510 239 1477 218 1336 174 1497 537 1526 410 1505 246 1522 215 1597 352 1601 506
img15403.jpg 1634 925 1568 719 1587 501 1601 495 1551 712 1538 945 1606 485 1504 245 1472 224 1325 187 1491 539 1518 413 1496 255 1519 221 1601 357 1607 513
img15404.jpg 1634 923 1554 723 1580 506 1602 498 1556 714 1542 946 1606 488 1498 251 1468 229 1314 202 1490 543 1513 416 1487 267 1514 227 1602 363 1611 517
img15405.jpg 1636 923 1545 724 1579 508 1607 499 1558 713 1549 945 1607 490 1490 258 1462 239 1301 219 1491 549 1510 420 1478 275 1506 233 1601 368 1613 520
img15406.jpg 1635 921 1539 721 1581 506 1615 497 1558 715 1549 946 1611 490 1482 265 1454 245 1289 236 1492 553 1505 423 1471 280 1498 240 1597 372 1615 528
img15407.jpg 1638 925 1536 715 1585 502 1625 494 1560 719 1553 950 1616 488 1473 272 1444 254 1273 250 1491 556 1500 424 1464 285 1489 248 1594 380 1616 533
img15408.jpg 1639 924 1535 705 1592 494 1636 488 1561 719 1554 953 1622 485 1465 280 1437 265 1263 263 1493 561 1499 430 1458 291 1481 257 1589 389 1614 535
img15409.jpg 1640 927 1535 697 1600 488 1647 483 1557 721 1550 955 1628 483 1458 289 1428 278 1254 275 1493 567 1496 438 1454 298 1474 268 1585 395 1612 542
img15410.jpg 1641 924 1535 689 1606 483 1654 481 1555 724 1547 961 1633 481 1452 299 1421 288 1247 284 1491 571 1494 443 1449 307 1469 280 1583 403 1610 553
img15411.jpg 1642 920 1535 684 1613 481 1659 481 1552 724 1542 963 1636 480 1447 309 1416 299 1241 294 1488 576 1494 450 1445 319 1465 292 1579 420 1606 561
img15412.jpg 1640 912 1534 681 1620 481 1662 482 1547 725 1534 964 1638 481 1443 320 1411 309 1236 303 1486 583 1492 460 1440 331 1462 306 1574 430 1601 571
img15413.jpg 1642 905 1532 680 1624 483 1663 483 1539 725 1524 963 1639 482 1440 331 1404 321 1229 314 1480 592 1489 469 1435 343 1459 318 1572 442 1595 586
img15414.jpg 1644 897 1527 680 1626 487 1664 485 1533 727 1517 966 1640 484 1436 341 1398 331 1223 322 1477 598 1489 475 1430 352 1456 330 1568 454 1589 598
img15415.jpg 1642 892 1520 680 1626 491 1664 488 1528 728 1512 966 1640 486 1431 351 1393 342 1217 332 1474 607 1488 485 1424 361 1452 341 1562 466 1584 607
img15416.jpg 1637 892 1511 680 1624 494 1664 489 1525 731 1513 970 1640 488 1428 361 1390 354 1214 343 1471 616 1487 495 1419 369 1449 352 1559 474 1578 619
img15417.jpg 1631 894 1501 680 1620 499 1665 491 1524 733 1514 972 1641 490 1425 369 1387 365 1211 353 1469 623 1487 502 1415 376 1446 362 1556 484 1571 631
img15418.jpg 1620 897 1490 681 1616 504 1665 496 1523 737 1517 976 1642 493 1422 378 1388 374 1212 360 1465 630 1487 510 1412 383 1444 372 1551 490 1564 640
img15419.jpg 1608 902 1481 681 1613 509 1665 501 1524 742 1523 980 1643 497 1419 388 1386 386 1210 371 1460 638 1488 520 1411 393 1443 382 1546 501 1556 653
img15420.jpg 1599 909 1472 682 1610 516 1666 507 1523 746 1524 985 1644 502 1419 398 1384 399 1208 383 1455 645 1489 526 1411 403 1442 391 1544 513 1549 665
img15421.jpg 1591 916 1465 685 1609 523 1666 515 1522 752 1525 991 1645 509 1418 409 1382 407 1206 389 1448 654 1490 533 1411 415 1442 401 1540 524 1540 675
img15422.jpg 1586 924 1461 687 1611 531 1667 524 1520 759 1525 998 1646 518 1418 420 1382 418 1205 399 1450 671 1491 546 1412 428 1442 411 1537 538 1529 686
img15423.jpg 1583 931 1459 689 1614 539 1668 533 1519 766 1526 1005 1647 528 1418 431 1382 430 1205 410 1454 687 1494 559 1412 444 1443 423 1535 552 1520 697
img15424.jpg 1576 940 1453 693 1613 548 1670 543 1519 775 1528 1013 1647 539 1419 443 1383 441 1207 420 1459 705 1495 575 1412 459 1443 434 1533 566 1511 711
img15425.jpg 1567 949 1445 697 1610 558 1671 554 1518 783 1529 1022 1646 554 1419 455 1386 452 1209 429 1462 725 1495 592 1412 474 1443 447 1532 577 1497 725
img15426.jpg 1554 958 1433 701 1603 568 1673 565 1518 793 1531 1031 1645 568 1420 469 1387 466 1211 441 1465 742 1493 609 1411 487 1444 461 1530 589 1485 741
img15427.jpg 1539 969 1420 706 1594 580 1675 579 1518 804 1533 1042 1643 585 1421 484 1390 479 1213 453 1461 755 1491 624 1411 501 1445 474 1529 601 1473 759
img15428.jpg 1521 981 1404 713 1582 593 1675 595 1516 818 1533 1056 1642 601 1422 500 1391 494 1215 467 1454 769 1487 639 1411 514 1445 489 1526 614 1457 777
img15429.jpg 1510 996 1394 723 1576 609 1675 612 1514 833 1532 1071 1642 619 1423 515 1394 508 1217 480 1446 783 1483 654 1412 528 1446 504 1525 626 1443 794
img15430.jpg 1494 1012 1386 732 1575 628 1673 632 1510 851 1530 1089 1642 637 1424 530 1397 525 1221 495 1439 798 1480 670 1412 542 1446 519 1523 638 1430 811
img15431.jpg 1475 1027 1381 739 1580 649 1668 654 1504 870 1526 1108 1641 657 1425 544 1399 540 1223 510 1436 814 1478 687 1413 559 1447 536 1521 650 1416 829
img15432.jpg 1459 1043 1377 747 1584 670 1664 674 1497 889 1521 1126 1638 676 1427 557 1401 555 1224 523 1430 829 1476 703 1414 574 1449 553 1520 662 1404 842
img15433.jpg 1442 1057 1374 753 1588 690 1659 693 1491 906 1517 1143 1635 695 1429 568 1403 566 1226 533 1425 843 1473 719 1415 589 1450 569 1503 685 1388 854
img15434.jpg 1423 1068 1368 756 1590 708 1656 710 1485 920 1513 1157 1630 712 1432 579 1405 576 1229 542 1421 855 1471 732 1416 601 1453 586 1485 708 1371 863
img15435.jpg 1417 1076 1363 760 1588 718 1652 723 1480 931 1510 1167 1622 720 1434 589 1405 586 1228 550 1418 864 1470 742 1417 611 1455 598 1465 731 1355 871
img15436.jpg 1420 1082 1360 763 1583 723 1650 733 1475 938 1508 1174 1615 726 1435 597 1406 591 1229 554 1414 870 1468 748 1417 617 1457 607 1447 751 1343 875
img15437.jpg 1425 1085 1356 763 1577 724 1647 740 1471 943 1505 1179 1609 728 1435 603 1408 597 1231 559 1412 872 1466 752 1417 621 1457 613 1428 770 1332 881
img15438.jpg 1436 1088 1353 765 1572 722 1645 744 1467 946 1503 1181 1601 728 1435 609 1408 604 1232 564 1411 874 1465 753 1417 622 1458 619 1425 778 1327 886
img15439.jpg 1450 1088 1353 765 1568 718 1642 748 1463 947 1501 1182 1595 727 1434 613 1406 608 1230 567 1412 873 1465 753 1416 623 1458 621 1422 781 1325 889
img15440.jpg 1457 1089 1352 764 1567 719 1641 750 1460 947 1500 1181 1594 733 1433 616 1407 610 1231 567 1409 872 1463 753 1416 623 1458 624 1420 785 1322 892
img15441.jpg 1463 1092 1351 765 1566 720 1640 752 1457 947 1499 1181 1594 738 1433 617 1407 613 1231 570 1403 869 1460 751 1417 621 1457 627 1415 789 1317 894
img15442.jpg 1468 1094 1350 765 1566 722 1640 754 1455 946 1499 1180 1593 740 1433 618 1406 612 1230 567 1398 865 1458 749 1418 618 1457 628 1412 790 1313 894
img15443.jpg 1479 1093 1351 764 1565 721 1640 755 1455 945 1500 1178 1595 742 1433 617 1406 609 1230 563 1393 861 1455 746 1419 615 1456 627 1410 790 1310 895
img15444.jpg 1490 1093 1350 765 1563 720 1641 755 1453 943 1501 1176 1596 743 1433 615 1406 609 1231 561 1387 856 1453 743 1420 612 1455 626 1406 793 1307 897
img15445.jpg 1505 1090 1349 764 1560 716 1641 755 1452 940 1501 1173 1595 739 1432 614 1406 606 1230 557 1384 851 1451 739 1420 607 1454 623 1406 792 1309 897
img15446.jpg 1527 1084 1351 764 1556 710 1641 753 1451 936 1502 1168 1594 736 1431 611 1404 603 1229 552 1382 846 1449 735 1420 604 1453 619 1406 791 1311 897
img15447.jpg 1543 1079 1353 761 1554 705 1642 750 1450 930 1503 1162 1596 735 1430 608 1402 600 1227 549 1381 842 1448 731 1419 600 1451 615 1406 790 1314 898
img15448.jpg 1549 1078 1354 759 1557 705 1642 747 1449 925 1504 1156 1599 734 1430 604 1403 596 1228 543 1377 837 1445 726 1418 596 1450 612 1407 788 1317 898
img15449.jpg 1554 1077 1355 756 1560 705 1645 742 1450 918 1507 1149 1603 732 1430 600 1402 591 1227 537 1373 830 1442 720 1417 591 1450 608 1408 783 1321 895
img15450.jpg 1562 1078 1358 755 1565 707 1648 737 1452 911 1511 1141 1609 731 1430 595 1400 587 1225 532 1368 822 1439 714 1416 585 1450 603 1408 776 1321 887
img15451.jpg 1565 1080 1361 752 1571 710 1651 732 1453 903 1514 1132 1614 728 1430 590 1401 581 1226 524 1364 815 1436 708 1416 579 1451 599 1409 766 1322 877
img15452.jpg 1573 1078 1363 749 1576 710 1653 726 1454 894 1517 1123 1617 721 1430 585 1402 575 1228 517 1361 807 1434 701 1416 572 1452 592 1411 755 1324 866
img15453.jpg 1586 1073 1366 746 1580 706 1655 719 1455 885 1520 1114 1619 715 1430 578 1402 567 1228 508 1360 799 1433 694 1415 565 1453 584 1410 743 1324 853
img15454.jpg 1599 1066 1368 740 1583 700 1656 711 1454 875 1521 1103 1621 708 1430 571 1404 559 1231 498 1360 791 1433 687 1416 559 1454 574 1413 731 1322 840
img15455.jpg 1610 1055 1370 732 1584 692 1655 703 1452 864 1521 1091 1621 698 1431 563 1407 547 1233 485 1362 785 1435 680 1417 553 1455 563 1415 720 1322 830
img15456.jpg 1620 1041 1370 720 1584 680 1655 692 1450 850 1521 1077 1621 688 1432 553 1409 535 1236 471 1365 778 1436 672 1417 545 1456 549 1418 710 1320 818
img15457.jpg 1628 1027 1367 709 1582 669 1653 680 1447 837 1519 1063 1619 676 1434 540 1411 524 1238 459 1365 769 1436 664 1417 538 1458 535 1420 700 1319 805
img15458.jpg 1635 1012 1364 697 1578 657 1650 667 1444 821 1518 1047 1616 663 1435 528 1411 510 1238 444 1365 759 1436 654 1418 529 1459 520 1426 689 1321 790
img15459.jpg 1639 997 1358 686 1573 645 1647 653 1440 804 1516 1029 1612 648 1437 513 1408 495 1236 427 1361 748 1433 644 1417 519 1461 505 1429 679 1325 775
img15460.jpg 1643 982 1352 674 1566 634 1644 639 1436 788 1513 1012 1607 633 1438 496 1408 479 1235 410 1354 732 1428 631 1416 506 1463 488 1434 670 1329 758
img15461.jpg 1644 968 1343 664 1557 624 1639 626 1429 772 1509 996 1602 619 1438 479 1406 462 1234 392 1342 714 1421 616 1414 492 1464 472 1438 660 1332 739
img15462.jpg 1649 951 1338 651 1552 611 1634 612 1425 759 1510 981 1599 605 1438 463 1404 442 1233 371 1334 695 1416 599 1412 476 1465 454 1442 651 1335 721
img15463.jpg 1652 934 1331 640 1546 599 1630 598 1423 749 1516 967 1595 592 1439 446 1402 423 1230 351 1324 675 1408 582 1410 459 1466 436 1445 641 1336 703
img15464.jpg 1659 917 1328 627 1542 587 1624 584 1423 742 1520 956 1592 579 1439 428 1405 405 1234 331 1317 655 1404 564 1408 443 1467 416 1448 631 1337 687
img15465.jpg 1666 900 1324 614 1539 574 1618 570 1425 737 1528 950 1588 567 1439 411 1404 388 1234 313 1313 637 1402 547 1406 426 1468 396 1450 620 1338 670
img15466.jpg 1672 888 1324 601 1538 560 1612 555 1431 735 1535 944 1584 556 1439 393 1407 369 1233 293 1314 619 1403 528 1404 410 1471 375 1453 610 1342 655
img15467.jpg 1674 878 1321 588 1536 548 1605 543 1434 732 1537 939 1579 544 1439 375 1406 351 1235 274 1315 604 1403 509 1403 394 1473 355 1456 599 1345 637
img15468.jpg 1672 867 1320 576 1535 535 1597 531 1440 731 1536 939 1575 534 1439 357 1408 332 1242 254 1319 590 1406 491 1402 378 1476 335 1459 589 1350 621
img15469.jpg 1665 861 1319 566 1534 525 1587 521 1446 727 1538 937 1569 524 1440 339 1408 313 1246 233 1325 577 1408 472 1402 361 1478 316 1463 579 1353 603
img15470.jpg 1655 855 1318 557 1533 516 1578 514 1449 723 1536 936 1563 516 1440 322 1408 291 1253 210 1330 565 1411 455 1403 344 1480 298 1466 570 1359 587
img15471.jpg 1642 851 1315 550 1530 509 1568 508 1453 717 1534 936 1557 509 1441 305 1407 270 1264 185 1335 554 1410 440 1404 329 1480 283 1463 537 1361 570
img15472.jpg 1626 850 1310 544 1525 503 1557 504 1458 711 1534 935 1550 505 1442 289 1412 252 1274 163 1340 543 1412 427 1406 313 1481 268 1463 507 1363 559
img15473.jpg 1615 856 1304 540 1519 499 1548 501 1460 704 1535 932 1542 500 1444 275 1417 235 1281 140 1343 533 1413 417 1409 297 1481 255 1461 476 1361 546
img15474.jpg 1603 861 1296 536 1511 495 1539 498 1462 700 1537 931 1535 496 1447 261 1422 222 1293 120 1344 525 1415 410 1412 283 1482 244 1460 445 1363 535
img15475.jpg 1592 867 1288 532 1504 491 1531 495 1466 701 1542 933 1527 491 1449 248 1426 208 1304 99 1348 516 1417 400 1416 270 1484 234 1459 415 1363 526
img15476.jpg 1585 870 1282 530 1498 489 1524 491 1470 701 1545 933 1520 487 1454 238 1431 199 1315 88 1350 511 1418 396 1420 257 1486 225 1463 410 1368 520
img15477.jpg 1580 872 1277 528 1492 487 1518 488 1473 704 1549 935 1514 482 1458 229 1434 190 1324 71 1352 502 1420 389 1424 248 1490 218 1460 402 1372 507
img15478.jpg 1575 870 1272 526 1487 485 1514 485 1480 703 1550 938 1510 479 1462 222 1437 184 1337 61 1356 493 1420 383 1426 240 1494 212 1459 396 1382 505
img15479.jpg 1573 868 1270 525 1485 484 1511 483 1486 701 1549 941 1506 479 1466 217 1440 179 1346 53 1357 485 1420 379 1429 234 1498 207 1457 390 1388 504
img15480.jpg 1572 867 1269 525 1484 483 1509 482 1489 696 1549 943 1504 478 1470 213 1446 176 1357 48 1354 482 1417 377 1431 230 1501 204 1455 385 1395 501
img15481.jpg 1569 864 1267 522 1482 481 1508 481 1493 695 1550 944 1501 479 1473 210 1453 173 1369 42 1357 478 1420 372 1432 227 1505 201 1452 380 1398 497
img15482.jpg 1569 862 1267 521 1482 479 1507 481 1497 691 1550 946 1499 481 1476 207 1454 170 1378 41 1355 480 1418 371 1434 225 1507 199 1452 379 1401 503
img15483.jpg 1568 861 1266 520 1481 479 1506 482 1500 691 1549 941 1497 482 1479 205 1457 166 1386 39 1353 482 1419 371 1436 223 1508 198 1453 378 1405 502
img15484.jpg 1566 861 1264 520 1480 479 1506 484 1501 692 1551 940 1496 484 1482 205 1462 161 1393 33 1354 485 1420 367 1437 223 1508 198 1453 376 1406 498
img15485.jpg 1564 862 1262 522 1478 480 1506 487 1505 692 1548 935 1494 487 1484 204 1465 160 1398 30 1355 486 1422 366 1439 224 1508 197 1453 376 1405 499
img15486.jpg 1563 864 1261 525 1477 483 1505 489 1507 691 1547 932 1493 489 1486 204 1467 161 1400 27 1353 486 1420 369 1440 224 1509 196 1453 376 1410 500
img15487.jpg 1561 866 1260 527 1476 486 1507 491 1509 691 1546 933 1493 491 1488 204 1471 158 1404 23 1353 485 1421 366 1441 224 1511 196 1453 375 1411 498
img15488.jpg 1561 868 1260 530 1476 488 1508 492 1509 691 1546 931 1493 492 1489 203 1472 157 1408 22 1354 484 1421 366 1441 226 1513 196 1453 374 1411 498
img15489.jpg 1560 868 1259 530 1475 489 1508 491 1510 693 1544 931 1493 491 1489 203 1472 155 1411 23 1353 482 1422 366 1441 227 1516 195 1453 374 1411 499
img15490.jpg 1561 867 1261 530 1477 488 1510 489 1510 692 1544 932 1495 489 1490 203 1473 156 1415 22 1353 483 1422 367 1440 228 1520 196 1454 374 1411 497
img15491.jpg 1563 867 1263 530 1479 489 1511 489 1510 694 1544 932 1496 489 1490 203 1473 154 1418 22 1354 483 1422 365 1440 229 1523 196 1454 373 1411 497
img15492.jpg 1565 867 1265 530 1481 489 1512 489 1509 695 1543 929 1498 489 1491 204 1473 157 1419 20 1352 485 1419 368 1439 230 1524 196 1454 372 1412 495
img15493.jpg 1570 866 1270 530 1486 488 1513 488 1509 698 1543 937 1500 487 1491 206 1474 159 1420 19 1352 487 1420 367 1440 229 1525 196 1454 372 1413 494
img15494.jpg 1575 865 1275 529 1492 487 1514 488 1509 697 1543 940 1502 487 1491 208 1475 161 1420 17 1352 489 1420 369 1441 229 1526 195 1454 371 1416 492
img15495.jpg 1578 865 1278 530 1495 488 1515 489 1508 697 1541 937 1502 487 1491 209 1475 161 1418 18 1351 484 1421 368 1441 228 1527 195 1455 371 1418 494
img15496.jpg 1579 863 1280 528 1497 486 1516 488 1508 697 1540 936 1503 486 1491 210 1475 161 1416 17 1351 485 1419 367 1442 227 1527 194 1455 371 1416 494
img15497.jpg 1580 860 1281 526 1497 484 1516 487 1509 699 1542 939 1503 484 1491 210 1475 160 1419 20 1352 483 1422 367 1442 226 1528 194 1455 371 1415 496
img15498.jpg 1575 858 1277 524 1493 482 1517 487 1508 697 1539 937 1503 483 1491 210 1475 161 1417 19 1353 481 1420 365 1443 226 1530 194 1455 372 1414 497
img15499.jpg 1570 856 1272 523 1488 481 1517 486 1507 697 1538 936 1503 482 1491 210 1475 163 1415 21 1352 478 1418 365 1443 227 1532 195 1455 372 1412 498
img15500.jpg 1568 855 1270 522 1486 480 1519 484 1508 697 1542 939 1504 480 1492 210 1477 164 1415 22 1353 480 1418 366 1443 226 1533 196 1455 372 1411 496
img15501.jpg 1566 855 1268 523 1485 481 1520 483 1507 695 1545 939 1505 479 1492 211 1476 166 1412 25 1353 477 1421 366 1443 227 1533 197 1458 375 1409 495
img15502.jpg 1567 856 1269 524 1486 482 1522 482 1505 696 1546 939 1508 480 1492 210 1477 167 1406 26 1347 475 1418 367 1443 226 1532 198 1463 379 1408 495
img15503.jpg 1570 857 1273 526 1490 484 1525 482 1503 696 1549 943 1512 480 1490 210 1475 168 1400 31 1347 473 1419 370 1442 226 1529 199 1466 384 1406 496
img15504.jpg 1575 858 1278 528 1495 485 1528 482 1503 699 1552 942 1516 481 1489 210 1474 168 1394 31 1348 472 1420 371 1442 227 1526 201 1468 389 1402 498
img15505.jpg 1579 859 1282 529 1499 486 1531 483 1499 703 1553 937 1521 483 1486 212 1470 169 1388 37 1346 473 1421 372 1440 229 1523 203 1469 394 1398 501
img15506.jpg 1584 858 1288 529 1505 486 1537 484 1495 708 1552 933 1527 484 1483 215 1465 173 1378 43 1346 477 1418 374 1439 232 1520 207 1467 396 1396 506
img15507.jpg 1590 859 1294 529 1511 487 1543 485 1494 711 1551 930 1533 485 1479 219 1458 176 1368 47 1350 480 1418 376 1436 236 1516 211 1462 400 1393 512
img15508.jpg 1596 859 1300 530 1517 488 1547 487 1493 714 1550 931 1539 487 1476 224 1456 182 1358 51 1346 487 1419 378 1434 243 1513 217 1458 403 1389 517
img15509.jpg 1601 860 1305 532 1522 489 1552 490 1491 716 1548 926 1546 489 1472 229 1451 190 1348 60 1341 493 1418 380 1432 250 1509 222 1453 407 1385 523
img15510.jpg 1606 860 1311 534 1528 491 1556 493 1489 715 1546 929 1553 492 1469 234 1446 198 1332 65 1339 498 1413 385 1429 258 1504 228 1448 412 1381 530
img15511.jpg 1614 860 1317 537 1535 494 1560 497 1486 714 1543 935 1559 495 1465 242 1443 203 1323 73 1336 504 1409 393 1426 267 1500 234 1443 416 1376 536
img15512.jpg 1621 861 1323 539 1540 496 1564 500 1483 714 1542 936 1565 498 1461 250 1439 213 1310 90 1333 515 1406 402 1422 278 1497 240 1438 421 1372 542
img15513.jpg 1629 862 1329 541 1546 498 1570 504 1480 715 1541 934 1571 501 1457 260 1434 226 1300 108 1333 523 1404 412 1417 290 1492 248 1435 428 1371 552
img15514.jpg 1637 864 1335 544 1553 501 1579 506 1473 715 1541 938 1576 504 1453 273 1428 241 1289 131 1331 534 1402 425 1413 303 1489 258 1433 436 1370 564
img15515.jpg 1645 867 1342 548 1560 505 1588 507 1468 719 1539 940 1581 507 1449 288 1424 256 1282 156 1327 548 1401 439 1408 318 1486 272 1431 446 1369 575
img15516.jpg 1648 869 1345 552 1562 509 1599 509 1467 723 1540 939 1586 511 1445 304 1416 275 1270 183 1318 563 1397 453 1405 335 1482 289 1429 458 1369 593
img15517.jpg 1649 872 1348 558 1566 515 1610 514 1464 724 1539 938 1591 516 1442 323 1411 297 1263 209 1317 579 1395 470 1403 351 1478 309 1426 471 1370 611
img15518.jpg 1651 873 1352 566 1570 523 1621 521 1461 723 1535 936 1597 523 1439 343 1406 317 1256 236 1314 599 1393 486 1401 368 1475 331 1421 484 1366 630
img15519.jpg 1652 873 1355 576 1573 532 1629 531 1459 725 1527 938 1601 532 1437 364 1401 337 1249 259 1314 620 1392 506 1401 385 1471 354 1417 497 1365 651
img15520.jpg 1651 874 1358 586 1576 543 1636 543 1456 726 1515 942 1606 543 1435 385 1399 361 1245 284 1314 642 1393 527 1402 403 1468 378 1411 511 1367 675
img15521.jpg 1650 874 1364 599 1581 555 1641 557 1453 727 1503 946 1612 555 1433 408 1401 384 1246 307 1317 665 1395 547 1404 421 1465 401 1407 525 1367 697
img15522.jpg 1652 873 1369 612 1586 568 1646 571 1451 733 1491 952 1618 568 1432 429 1400 406 1246 328 1317 685 1398 562 1406 440 1462 423 1413 554 1367 718
img15523.jpg 1652 876 1374 626 1592 582 1650 585 1450 743 1486 962 1624 582 1431 451 1402 429 1248 350 1316 703 1397 584 1407 461 1460 446 1420 583 1370 740
img15524.jpg 1654 882 1381 641 1599 597 1655 599 1452 755 1485 972 1630 597 1431 472 1406 452 1252 373 1316 719 1399 599 1409 482 1458 467 1428 615 1369 761
img15525.jpg 1658 892 1387 656 1605 613 1659 613 1455 770 1489 985 1636 613 1432 492 1408 471 1254 392 1316 736 1399 613 1410 502 1457 490 1436 649 1367 782
img15526.jpg 1662 906 1393 672 1611 629 1662 630 1457 789 1492 1002 1640 629 1433 510 1410 489 1256 409 1318 750 1402 627 1412 522 1458 511 1445 681 1367 800
img15527.jpg 1664 922 1398 687 1616 644 1663 647 1458 807 1495 1018 1643 645 1435 527 1414 507 1260 427 1318 766 1403 641 1414 540 1459 531 1443 697 1365 820
img15528.jpg 1661 938 1399 702 1617 658 1663 666 1458 827 1497 1035 1645 662 1437 542 1416 524 1263 444 1320 781 1404 650 1416 557 1461 548 1442 714 1363 834
img15529.jpg 1654 951 1397 714 1615 670 1661 684 1457 846 1497 1052 1645 678 1440 554 1417 539 1265 458 1319 795 1403 657 1418 569 1463 562 1443 726 1364 846
img15530.jpg 1648 964 1395 726 1613 682 1661 699 1457 862 1498 1066 1646 692 1443 565 1420 553 1268 472 1320 806 1402 663 1422 578 1466 573 1443 737 1364 856
img15531.jpg 1637 976 1390 736 1611 692 1662 710 1458 875 1501 1076 1645 705 1446 574 1421 565 1269 484 1318 820 1399 669 1425 585 1468 582 1443 747 1363 865
img15532.jpg 1628 984 1384 744 1606 699 1663 720 1461 886 1504 1085 1645 717 1449 582 1425 573 1273 492 1316 830 1397 673 1428 590 1470 590 1442 757 1361 872
img15533.jpg 1619 991 1381 749 1604 705 1666 727 1464 893 1509 1090 1645 727 1451 588 1427 579 1275 498 1317 839 1395 676 1430 594 1472 596 1442 765 1361 880
img15534.jpg 1607 1001 1379 753 1607 714 1668 733 1467 901 1512 1095 1644 737 1452 594 1427 587 1275 505 1318 849 1400 687 1431 599 1473 603 1441 773 1359 889
img15535.jpg 1593 1009 1375 756 1608 721 1669 739 1468 908 1515 1100 1642 746 1452 599 1428 590 1277 508 1321 859 1405 700 1429 607 1474 609 1440 779 1359 895
img15536.jpg 1580 1016 1375 756 1611 729 1670 746 1469 916 1517 1106 1641 753 1452 602 1431 595 1279 512 1323 865 1411 710 1429 613 1475 613 1439 784 1356 899
img15537.jpg 1561 1029 1375 757 1618 744 1669 753 1469 924 1518 1111 1640 759 1452 605 1430 599 1279 516 1321 868 1416 719 1431 616 1477 615 1438 787 1356 903
img15538.jpg 1546 1037 1373 759 1622 752 1667 759 1467 931 1517 1116 1639 763 1453 607 1431 601 1280 518 1319 868 1423 727 1432 617 1478 618 1439 789 1356 905
img15539.jpg 1535 1041 1373 760 1623 758 1665 762 1466 935 1517 1118 1638 767 1453 609 1433 601 1282 517 1314 862 1424 725 1436 615 1480 620 1439 790 1356 906
img15540.jpg 1532 1041 1373 761 1621 758 1663 765 1464 939 1516 1120 1637 769 1453 610 1434 603 1283 520 1309 852 1426 719 1442 609 1481 622 1440 792 1358 909
img15541.jpg 1531 1040 1372 762 1617 757 1661 766 1463 941 1516 1120 1637 770 1454 611 1435 604 1285 519 1306 845 1428 715 1446 604 1482 626 1441 793 1360 911
img15542.jpg 1536 1033 1373 761 1610 748 1659 767 1461 943 1515 1119 1637 770 1455 613 1436 605 1286 521 1307 841 1431 713 1448 601 1482 630 1442 793 1362 913
img15543.jpg 1533 1032 1372 761 1607 747 1658 768 1460 946 1516 1119 1636 771 1456 614 1437 606 1288 521 1305 838 1432 711 1450 599 1483 633 1441 794 1361 913
img15544.jpg 1535 1028 1373 760 1602 741 1658 769 1461 947 1516 1119 1636 771 1458 615 1438 608 1289 522 1306 838 1434 711 1451 598 1483 636 1440 795 1359 915
img15545.jpg 1530 1028 1374 760 1602 743 1657 770 1461 949 1517 1118 1636 771 1459 616 1439 606 1290 520 1305 840 1435 712 1450 599 1484 638 1439 796 1357 916
img15546.jpg 1522 1027 1374 758 1600 744 1657 770 1461 951 1519 1118 1634 771 1461 616 1439 607 1290 521 1305 840 1435 713 1450 599 1486 639 1439 796 1357 916
img15547.jpg 1514 1029 1373 758 1601 746 1657 771 1462 952 1520 1117 1634 771 1462 616 1439 606 1290 520 1305 843 1436 716 1450 601 1487 638 1439 797 1357 918
img15548.jpg 1512 1026 1374 757 1599 744 1658 770 1463 953 1522 1115 1635 771 1464 616 1439 606 1290 519 1306 846 1438 718 1450 603 1489 636 1439 799 1357 920
img15549.jpg 1501 1028 1373 757 1601 749 1658 770 1463 954 1523 1113 1634 770 1464 614 1440 604 1292 518 1305 849 1438 721 1450 604 1490 633 1438 798 1357 920
img15550.jpg 1496 1028 1373 756 1601 749 1658 769 1464 954 1524 1111 1634 770 1466 613 1442 604 1293 517 1307 852 1439 722 1451 604 1492 630 1440 796 1359 919
img15551.jpg 1493 1027 1373 757 1602 750 1659 767 1465 953 1526 1108 1635 770 1466 610 1440 603 1292 515 1309 854 1440 723 1451 604 1493 626 1440 795 1361 918
img15552.jpg 1488 1026 1374 756 1603 750 1660 766 1467 953 1528 1105 1635 768 1467 606 1441 599 1293 512 1311 850 1441 720 1452 599 1494 623 1441 792 1363 916
img15553.jpg 1485 1025 1375 756 1605 750 1661 763 1469 951 1531 1101 1635 765 1468 601 1441 597 1294 509 1315 847 1442 716 1454 591 1494 619 1443 787 1367 913
img15554.jpg 1488 1021 1378 755 1606 745 1662 759 1471 948 1533 1096 1637 760 1469 595 1440 591 1293 503 1320 842 1444 711 1455 583 1494 615 1448 782 1376 911
img15555.jpg 1491 1016 1380 753 1609 740 1663 754 1472 944 1535 1089 1640 753 1469 587 1439 583 1292 495 1326 834 1447 706 1455 575 1493 609 1451 776 1384 907
img15556.jpg 1497 1011 1383 751 1612 732 1664 746 1474 937 1537 1081 1643 744 1469 578 1441 573 1294 484 1333 826 1450 699 1455 565 1492 601 1456 768 1393 903
img15557.jpg 1507 1004 1388 750 1615 722 1665 736 1476 929 1539 1070 1645 732 1469 569 1439 563 1292 474 1339 818 1453 695 1454 559 1491 591 1460 758 1404 895
img15558.jpg 1519 996 1392 749 1617 711 1668 725 1478 919 1542 1057 1648 720 1468 558 1439 549 1293 459 1357 812 1456 687 1451 554 1490 578 1465 749 1415 889
img15559.jpg 1525 988 1393 746 1620 699 1670 713 1481 907 1545 1043 1649 705 1468 547 1439 534 1293 444 1377 805 1460 679 1448 548 1490 564 1470 737 1426 879
img15560.jpg 1542 972 1414 732 1621 687 1672 700 1484 895 1548 1029 1648 692 1468 534 1440 522 1295 431 1393 797 1462 668 1447 540 1489 548 1474 723 1435 867
img15561.jpg 1557 957 1435 716 1621 676 1673 687 1485 884 1550 1015 1646 678 1468 520 1440 507 1295 417 1411 789 1463 657 1445 531 1488 531 1480 710 1447 856
img15562.jpg 1565 951 1436 718 1620 666 1673 675 1486 873 1551 1002 1646 665 1468 507 1441 493 1296 402 1423 778 1463 643 1445 519 1488 514 1483 698 1455 845
img15563.jpg 1573 943 1437 718 1618 656 1670 663 1484 862 1549 989 1644 653 1468 493 1442 479 1296 388 1424 763 1463 631 1445 506 1489 496 1484 683 1458 831
img15564.jpg 1582 936 1438 721 1613 645 1666 651 1480 851 1546 976 1642 643 1468 480 1441 467 1296 376 1422 746 1462 618 1445 492 1490 480 1485 669 1459 818
img15565.jpg 1581 933 1420 733 1609 633 1662 639 1476 840 1542 962 1640 631 1467 467 1440 451 1295 360 1421 730 1461 604 1445 478 1492 464 1487 655 1463 805
img15566.jpg 1582 931 1403 746 1604 621 1656 625 1472 827 1539 951 1638 619 1465 454 1438 437 1294 345 1419 712 1459 589 1445 462 1493 448 1487 641 1465 790
img15567.jpg 1590 920 1406 743 1602 609 1651 612 1467 815 1537 942 1635 607 1464 441 1434 423 1290 330 1421 697 1459 577 1445 449 1493 433 1490 624 1471 775
img15568.jpg 1598 910 1410 741 1600 597 1647 598 1464 802 1536 937 1632 594 1462 427 1428 409 1284 316 1422 681 1459 563 1444 435 1493 419 1496 609 1482 760
img15569.jpg 1610 899 1416 740 1600 586 1644 583 1462 788 1537 934 1629 581 1461 414 1427 392 1283 300 1424 666 1459 551 1442 422 1493 403 1502 592 1491 741
img15570.jpg 1619 890 1422 740 1598 576 1641 570 1459 776 1539 934 1626 569 1460 400 1421 378 1278 285 1426 655 1459 541 1439 411 1493 388 1506 576 1499 725
img15571.jpg 1627 881 1426 739 1596 566 1636 558 1455 765 1540 937 1620 559 1460 386 1420 365 1277 272 1428 646 1458 529 1436 401 1494 373 1508 562 1506 711
img15572.jpg 1632 874 1429 736 1591 556 1630 547 1452 757 1540 939 1614 549 1460 372 1420 349 1277 255 1429 635 1459 518 1433 389 1495 359 1513 546 1512 696
img15573.jpg 1632 870 1434 732 1585 546 1621 537 1450 749 1540 937 1607 540 1460 358 1425 332 1282 238 1431 623 1459 505 1431 376 1496 345 1515 531 1514 680
img15574.jpg 1630 866 1437 731 1578 537 1612 529 1451 746 1540 938 1598 531 1461 344 1425 317 1283 223 1431 612 1460 491 1430 362 1498 333 1518 518 1520 668
img15575.jpg 1625 862 1441 729 1572 528 1602 521 1453 744 1541 940 1590 523 1462 330 1429 302 1283 211 1432 598 1462 478 1431 347 1498 321 1521 504 1522 653
img15576.jpg 1620 859 1447 722 1564 522 1593 514 1459 741 1540 939 1582 515 1463 316 1431 285 1285 196 1434 586 1462 468 1433 331 1498 308 1524 490 1524 638
img15577.jpg 1613 856 1455 717 1554 518 1584 510 1465 736 1540 939 1573 512 1465 302 1436 274 1292 178 1436 575 1461 458 1435 317 1498 296 1522 480 1524 622
img15578.jpg 1607 852 1457 712 1542 517 1573 508 1467 731 1542 940 1562 510 1467 289 1438 263 1298 162 1438 565 1460 452 1437 304 1499 284 1520 469 1522 608
img15579.jpg 1602 851 1453 705 1529 517 1561 508 1466 725 1539 937 1549 511 1469 275 1440 248 1305 142 1437 553 1460 447 1440 291 1499 270 1517 458 1519 592
img15580.jpg 1599 851 1454 699 1515 518 1549 509 1468 719 1538 935 1536 514 1471 263 1444 234 1320 119 1437 544 1461 436 1443 278 1501 258 1514 450 1515 581
img15581.jpg 1596 855 1463 702 1504 518 1537 509 1467 715 1538 932 1524 516 1472 251 1446 220 1332 98 1436 532 1463 424 1445 266 1502 247 1511 442 1511 566
img15582.jpg 1592 861 1456 701 1498 514 1529 508 1469 715 1541 929 1515 515 1474 240 1449 205 1344 82 1432 524 1467 411 1448 254 1503 236 1513 431 1507 555
img15583.jpg 1577 872 1458 702 1496 509 1525 504 1475 713 1543 929 1512 512 1475 229 1451 191 1353 69 1428 516 1465 397 1452 242 1505 225 1516 419 1502 544
img15584.jpg 1561 883 1470 701 1494 503 1525 499 1480 711 1544 933 1511 506 1477 220 1453 181 1365 59 1426 508 1464 382 1455 232 1507 217 1519 409 1497 535
img15585.jpg 1546 893 1482 701 1493 495 1526 494 1485 711 1543 937 1511 498 1479 212 1455 173 1374 48 1424 501 1462 371 1458 222 1509 209 1521 399 1495 528
img15586.jpg 1531 904 1477 696 1491 490 1526 490 1490 710 1541 938 1511 491 1482 205 1456 169 1385 39 1422 495 1460 365 1461 214 1510 202 1524 391 1494 522
img15587.jpg 1516 909 1489 693 1485 485 1523 487 1492 707 1537 943 1509 486 1485 200 1458 165 1393 37 1424 483 1458 360 1463 208 1512 197 1526 381 1496 518
img15588.jpg 1516 911 1496 689 1479 482 1518 485 1496 707 1534 945 1506 482 1490 196 1461 160 1402 29 1426 471 1461 354 1461 205 1514 193 1532 365 1502 516
img15589.jpg 1516 914 1493 687 1472 480 1511 483 1498 705 1533 942 1502 480 1494 192 1463 159 1411 26 1429 461 1463 351 1459 202 1516 189 1537 349 1510 513
img15590.jpg 1519 910 1502 686 1467 480 1502 480 1502 704 1536 945 1502 480 1502 187 1467 153 1415 15 1433 445 1467 342 1450 204 1519 187 1553 308 1519 514
