ResultRaw1 ResultRaw2 ResultRaw3 ResultRaw4 ResultRaw5 ResultRaw6 ResultRaw7 ResultRaw8 ResultRaw9 ResultRaw10 ResultRaw11 ResultRaw12 ResultRaw13 ResultRaw14 ResultRaw15 ResultRaw16 ResultRaw17 ResultRaw18 ResultRaw19 ResultRaw20 ResultRaw21 ResultRaw22 ResultRaw23 ResultRaw24 ResultRaw25 ResultRaw26 ResultRaw27 ResultRaw28 ResultRaw29 ResultRaw30 ResultRaw31 ResultRaw32 ResultRaw33
img03971.jpg 1426 892 1394 703 1394 530 1410 530 1379 719 1379 908 1394 530 1379 309 1363 262 1300 152 1379 546 1379 435 1379 294 1394 278 1410 435 1363 546
img03972.jpg 1428 893 1395 702 1396 529 1411 531 1377 720 1377 914 1399 529 1377 306 1362 271 1296 154 1382 547 1378 436 1374 295 1394 283 1418 434 1372 552
img03973.jpg 1427 890 1380 706 1384 530 1406 532 1375 722 1378 914 1393 531 1375 304 1354 270 1296 151 1369 551 1364 440 1361 299 1396 285 1418 438 1381 551
img03974.jpg 1425 886 1366 709 1373 531 1402 534 1373 722 1380 914 1388 532 1373 302 1352 271 1294 152 1357 554 1352 443 1351 303 1397 288 1419 438 1389 551
img03975.jpg 1413 881 1343 711 1357 533 1395 535 1372 724 1381 914 1377 534 1371 300 1348 268 1291 150 1338 558 1336 447 1339 306 1398 289 1420 440 1396 552
img03976.jpg 1395 877 1321 709 1342 534 1387 536 1371 723 1380 914 1367 534 1369 300 1344 268 1290 150 1322 559 1322 448 1331 308 1397 291 1419 443 1401 554
img03977.jpg 1361 871 1293 703 1328 535 1379 537 1369 723 1382 915 1357 534 1365 300 1342 268 1285 151 1306 559 1309 448 1325 309 1396 291 1421 443 1405 560
img03978.jpg 1316 863 1265 692 1317 534 1371 537 1369 724 1381 916 1348 533 1361 302 1342 269 1282 152 1292 559 1298 447 1319 309 1393 292 1420 443 1405 562
img03979.jpg 1271 853 1240 676 1308 532 1362 537 1369 728 1378 919 1340 532 1357 303 1339 269 1279 152 1281 558 1289 446 1314 309 1389 293 1417 443 1402 566
img03980.jpg 1223 841 1216 661 1300 529 1355 538 1367 730 1376 920 1333 531 1351 304 1337 269 1276 152 1273 558 1280 446 1307 309 1385 293 1412 441 1394 567
img03981.jpg 1178 825 1194 644 1293 527 1349 538 1362 729 1377 918 1326 529 1345 305 1331 269 1271 151 1264 558 1271 446 1301 309 1379 293 1407 440 1386 565
img03982.jpg 1142 812 1176 632 1285 525 1342 538 1359 732 1377 915 1319 528 1338 306 1325 271 1267 152 1255 557 1262 445 1294 309 1373 293 1398 439 1374 561
img03983.jpg 1114 799 1161 621 1277 524 1336 539 1355 731 1376 916 1312 528 1332 306 1318 271 1260 152 1245 556 1253 444 1288 309 1367 293 1388 440 1361 560
img03984.jpg 1088 790 1147 615 1269 524 1331 540 1348 730 1378 913 1305 529 1325 306 1311 271 1253 149 1235 555 1244 443 1282 308 1360 293 1381 441 1348 557
img03985.jpg 1073 789 1135 614 1259 524 1326 541 1343 729 1379 913 1298 531 1318 307 1304 273 1246 152 1223 553 1234 441 1276 308 1353 295 1370 445 1331 554
img03986.jpg 1068 797 1125 620 1249 525 1321 543 1337 728 1376 913 1291 534 1311 309 1295 275 1239 156 1212 552 1224 439 1269 308 1345 296 1358 445 1313 555
img03987.jpg 1071 808 1120 629 1241 526 1316 543 1328 725 1373 912 1283 538 1302 310 1287 275 1227 156 1202 553 1213 440 1260 309 1336 298 1346 448 1293 558
img03988.jpg 1082 827 1116 645 1231 528 1310 544 1319 725 1369 913 1275 541 1292 313 1278 277 1219 157 1191 555 1202 443 1250 312 1327 301 1334 448 1272 560
img03989.jpg 1097 845 1114 660 1221 530 1302 545 1311 725 1366 913 1266 543 1282 315 1265 281 1207 159 1180 558 1190 445 1238 315 1316 304 1320 452 1251 562
img03990.jpg 1110 864 1112 677 1212 533 1294 546 1300 724 1364 913 1257 546 1269 318 1252 283 1196 158 1170 563 1177 450 1225 319 1304 306 1306 454 1234 561
img03991.jpg 1122 881 1110 694 1202 536 1282 546 1292 726 1365 913 1246 547 1254 319 1239 283 1183 157 1160 567 1164 454 1210 323 1289 309 1292 456 1216 561
img03992.jpg 1129 895 1106 708 1191 539 1270 546 1284 728 1365 913 1233 548 1239 319 1225 285 1171 157 1148 570 1149 456 1195 325 1273 311 1275 458 1201 559
img03993.jpg 1131 903 1101 717 1180 542 1255 545 1274 727 1365 909 1219 547 1222 319 1208 284 1157 156 1137 571 1135 457 1179 326 1254 312 1259 458 1187 556
img03994.jpg 1127 911 1091 725 1168 544 1237 544 1260 727 1360 906 1200 547 1205 317 1190 283 1138 152 1124 569 1120 455 1164 324 1234 312 1242 454 1175 554
img03995.jpg 1119 914 1080 728 1154 544 1216 543 1244 728 1293 907 1181 545 1187 315 1173 280 1117 151 1109 565 1105 451 1150 320 1213 310 1225 448 1160 552
img03996.jpg 1106 914 1066 727 1138 544 1195 543 1222 729 1285 900 1163 542 1169 313 1154 276 1099 148 1092 558 1089 444 1138 315 1194 307 1209 444 1151 550
img03997.jpg 1092 912 1051 726 1122 542 1172 542 1194 729 1275 886 1145 540 1152 311 1136 272 1078 147 1074 551 1074 436 1128 310 1175 304 1194 438 1139 547
img03998.jpg 1079 911 1037 724 1107 540 1151 541 1163 730 1260 866 1129 537 1136 309 1118 269 1058 148 1057 543 1060 429 1119 304 1158 300 1179 433 1127 545
img03999.jpg 1066 909 1024 722 1092 539 1134 540 1132 729 1197 868 1116 535 1121 307 1103 265 1042 149 1041 537 1047 422 1110 300 1143 297 1165 427 1116 543
img04000.jpg 1058 908 1014 720 1080 537 1119 539 1101 729 1197 868 1105 534 1108 305 1091 265 1027 149 1029 533 1035 419 1101 298 1129 294 1150 425 1106 542
img04001.jpg 1051 905 1006 718 1071 535 1106 537 1072 726 1172 843 1095 534 1096 303 1080 265 1013 148 1019 533 1026 417 1092 296 1116 291 1136 423 1096 540
img04002.jpg 1045 904 1000 716 1063 534 1096 535 1046 722 1115 859 1086 533 1086 300 1070 266 1002 145 1009 532 1020 417 1082 294 1104 289 1126 417 1089 540
img04003.jpg 1039 903 993 715 1054 532 1086 532 1021 715 1065 880 1078 532 1076 298 1060 264 990 144 1002 531 1015 417 1072 292 1092 287 1115 414 1082 540
img04004.jpg 1033 901 985 713 1046 531 1078 530 996 708 1065 883 1069 531 1066 295 1053 265 977 142 992 531 1013 418 1062 289 1081 284 1105 415 1075 537
img04005.jpg 1025 900 977 711 1035 530 1068 527 972 699 1066 887 1061 530 1056 293 1045 262 965 143 980 530 1013 418 1053 286 1069 282 1096 414 1066 539
img04006.jpg 1017 900 967 711 1025 530 1059 525 947 693 1033 901 1054 528 1046 292 1034 258 952 143 967 528 1012 419 1043 284 1059 281 1085 413 1055 540
img04007.jpg 1011 900 960 711 1016 530 1050 524 926 689 1035 882 1047 527 1036 291 1025 257 939 144 956 526 1011 420 1033 282 1048 281 1072 414 1045 538
img04008.jpg 1008 899 956 710 1011 529 1040 524 910 688 1015 877 1039 526 1025 291 1015 257 928 143 943 525 1010 421 1024 281 1038 281 1060 417 1036 540
img04009.jpg 1008 899 956 709 1009 529 1032 523 898 691 988 872 1030 525 1015 292 1004 257 919 142 931 524 1008 423 1014 282 1028 282 1050 418 1025 542
img04010.jpg 1012 899 958 708 1010 528 1022 525 894 701 953 869 1021 526 1004 293 991 257 909 138 918 522 1006 425 1004 283 1017 283 1037 419 1012 543
img04011.jpg 1019 903 963 707 1013 528 1012 529 895 711 912 891 1009 530 994 295 982 259 901 138 907 517 1004 427 995 284 1005 284 1025 421 1000 546
img04012.jpg 1023 904 965 707 1013 528 998 533 894 722 871 915 995 533 984 297 971 259 894 134 894 513 1001 429 986 286 993 286 1012 427 983 552
img04013.jpg 1026 905 963 708 1011 529 983 537 892 729 847 927 982 537 975 298 962 260 888 132 879 512 997 432 978 289 980 288 1000 429 965 554
img04014.jpg 1025 906 957 709 1003 530 965 542 885 740 834 938 969 540 966 300 952 259 882 131 852 498 974 429 971 291 967 290 984 431 945 558
img04015.jpg 1022 905 947 709 992 531 949 544 874 742 826 944 956 540 957 301 945 261 877 136 826 484 948 425 962 294 954 292 967 434 925 562
img04016.jpg 1012 896 935 708 978 531 935 542 861 743 823 945 947 537 949 301 935 262 874 133 799 471 920 421 953 295 943 293 954 435 906 560
img04017.jpg 998 887 922 706 964 529 926 538 853 740 822 945 939 533 940 300 927 264 870 132 772 457 891 415 945 295 932 293 943 435 882 553
img04018.jpg 980 876 908 703 948 526 917 534 844 739 821 945 929 528 931 298 919 265 863 131 745 437 861 406 936 294 922 293 932 434 860 544
img04019.jpg 960 865 893 700 932 524 910 530 840 735 821 946 919 524 922 296 909 264 857 131 732 428 847 401 927 292 912 291 921 432 838 532
img04020.jpg 936 858 877 698 914 522 904 527 835 735 822 946 909 520 914 295 900 264 848 124 719 417 834 394 920 291 904 289 913 429 816 514
img04021.jpg 914 858 859 698 895 522 896 527 836 730 823 946 896 519 906 292 892 263 840 119 705 404 820 387 912 289 897 285 905 426 794 498
img04022.jpg 894 859 842 698 877 522 887 528 833 727 823 945 884 518 899 290 885 258 833 121 692 392 807 381 905 288 890 281 895 421 775 476
img04023.jpg 882 867 829 701 861 523 879 527 832 727 823 944 874 517 892 289 878 255 826 121 681 384 795 375 897 287 884 278 884 416 753 455
img04024.jpg 874 872 820 703 848 522 872 527 830 727 823 941 864 517 886 288 873 254 820 117 671 376 784 371 889 286 880 276 876 410 736 434
img04025.jpg 868 872 811 704 837 521 865 527 828 724 821 939 855 518 880 288 868 251 818 116 661 372 774 367 880 285 878 275 865 405 717 412
img04026.jpg 870 873 808 706 829 518 859 526 825 727 821 938 848 517 874 287 865 250 815 115 651 372 763 366 870 284 875 276 851 401 700 391
img04027.jpg 872 875 806 710 823 516 854 524 823 730 820 937 842 516 867 287 860 247 813 108 642 375 753 366 858 283 874 275 837 397 687 377
img04028.jpg 875 873 805 709 817 513 850 523 819 730 822 938 837 515 860 286 856 246 812 106 632 379 741 367 845 283 874 274 822 392 675 365
img04029.jpg 872 873 801 710 812 511 847 522 815 728 818 938 833 513 854 285 852 245 812 102 622 384 730 369 832 283 874 272 808 388 659 357
img04030.jpg 872 874 800 711 809 510 844 520 817 728 817 939 829 511 848 283 844 245 810 98 614 390 720 371 820 282 874 269 796 384 647 357
img04031.jpg 867 873 796 710 806 509 842 518 816 727 813 942 826 510 844 282 837 240 810 97 606 395 711 372 809 281 872 266 786 380 636 359
img04032.jpg 874 870 798 710 802 509 839 517 818 727 812 941 824 509 840 280 832 240 808 97 600 397 703 372 800 280 871 265 781 376 625 359
img04033.jpg 873 869 796 709 799 511 837 516 820 725 810 942 821 509 837 280 827 239 804 96 595 398 697 371 794 280 867 264 774 373 617 359
img04034.jpg 874 869 796 709 796 512 833 516 823 726 813 940 818 510 833 279 823 239 800 99 591 398 692 370 789 279 863 265 767 373 613 359
img04035.jpg 876 869 796 710 793 512 831 517 821 726 815 938 817 510 830 278 821 239 795 99 587 396 687 368 785 278 858 266 766 370 609 360
img04036.jpg 876 870 794 712 790 513 829 518 821 726 818 935 815 510 827 277 818 241 791 100 584 394 683 367 781 277 855 268 765 369 608 359
img04037.jpg 866 871 788 711 788 513 827 519 818 724 818 936 813 510 823 276 814 242 785 100 580 395 678 366 776 276 851 269 762 370 609 360
img04038.jpg 860 872 784 710 786 512 826 519 816 722 816 934 812 510 820 275 813 242 783 97 577 395 673 365 771 276 849 270 763 368 608 361
img04039.jpg 857 872 781 711 784 513 826 518 816 723 816 934 810 511 816 275 809 243 780 98 574 394 669 364 768 276 846 270 764 366 609 359
img04040.jpg 854 873 779 712 781 513 826 519 815 726 818 934 808 511 813 276 808 241 779 99 571 392 666 362 766 276 845 270 766 363 614 357
img04041.jpg 852 875 777 713 779 514 825 519 812 725 816 934 807 512 811 276 806 240 776 98 571 387 665 359 767 275 843 269 763 362 611 355
img04042.jpg 851 876 776 714 778 516 825 520 812 726 816 932 806 511 811 276 803 238 776 98 573 381 666 355 771 275 843 269 763 357 607 358
img04043.jpg 850 878 775 716 778 518 824 520 814 729 818 930 805 511 810 276 801 237 776 100 576 373 669 349 776 273 841 268 763 359 604 357
img04044.jpg 849 879 774 716 777 518 822 520 811 725 818 932 804 511 811 276 802 236 775 100 579 365 672 344 782 271 839 268 762 359 602 359
img04045.jpg 849 879 775 716 778 518 819 520 813 721 817 929 803 509 811 275 800 237 774 101 583 358 675 339 788 270 837 268 758 363 596 360
img04046.jpg 850 878 776 715 779 516 817 520 814 721 818 930 802 508 811 275 802 236 774 100 586 355 678 337 791 270 836 269 758 366 593 360
img04047.jpg 850 877 776 714 779 515 814 519 813 722 820 931 802 508 812 275 804 237 772 102 589 350 680 333 793 270 833 268 756 370 592 358
img04048.jpg 850 876 776 713 779 514 812 519 810 720 820 934 802 508 813 275 804 239 775 103 591 347 682 332 795 271 832 268 755 373 593 360
img04049.jpg 851 876 777 713 780 514 809 519 810 720 820 935 802 509 814 275 803 240 774 101 593 345 684 331 797 272 830 268 758 377 593 360
img04050.jpg 850 876 777 712 780 514 808 519 809 725 819 936 802 510 814 276 802 240 776 101 594 343 686 331 798 273 828 268 759 378 598 359
img04051.jpg 850 877 776 713 780 515 807 520 809 725 819 938 802 513 816 277 802 240 779 104 596 337 688 329 802 273 825 268 765 383 609 360
img04052.jpg 850 879 777 715 780 516 807 521 809 723 819 939 802 515 816 277 802 241 779 102 597 336 689 329 805 273 822 269 772 388 623 358
img04053.jpg 851 879 778 715 781 516 806 521 808 724 818 937 802 516 817 278 802 239 776 98 598 334 691 329 806 273 820 270 782 390 638 354
img04054.jpg 851 880 778 715 781 516 807 521 810 726 817 935 801 516 817 278 800 239 775 101 598 333 691 329 806 273 819 270 787 394 655 349
img04055.jpg 851 880 779 716 782 517 807 519 808 722 817 934 800 517 816 277 801 240 776 102 597 333 690 330 804 272 818 271 795 398 669 346
img04056.jpg 852 879 780 715 784 516 808 518 805 722 818 933 799 516 815 276 802 240 772 99 596 334 689 331 802 272 818 271 799 401 681 342
img04057.jpg 853 878 781 713 785 514 808 517 805 725 818 932 799 514 814 275 801 238 772 101 596 334 688 332 801 272 818 271 805 403 690 340
img04058.jpg 852 877 780 713 784 513 809 517 806 726 819 931 799 513 813 275 802 241 772 101 596 331 688 330 801 271 819 271 806 404 693 340
img04059.jpg 852 877 780 712 784 513 810 517 806 725 819 934 801 513 813 275 803 239 772 98 597 327 690 329 803 270 820 272 809 405 695 344
img04060.jpg 851 878 779 713 783 513 811 519 808 726 821 936 803 513 812 276 804 238 770 96 599 323 692 328 805 270 822 272 811 404 696 346
img04061.jpg 850 878 779 713 783 513 813 521 806 727 820 936 805 513 813 277 803 238 773 96 602 320 694 327 808 271 823 274 813 403 695 349
img04062.jpg 850 878 779 712 783 513 815 522 808 725 818 938 807 512 813 278 805 238 774 96 604 317 696 327 811 272 824 276 811 404 693 349
img04063.jpg 852 878 781 712 785 513 817 522 808 726 818 940 808 511 815 278 805 235 775 101 607 317 699 328 813 274 825 277 811 405 695 349
img04064.jpg 854 877 783 711 787 511 817 521 806 725 819 937 808 509 816 278 806 236 776 106 608 316 700 329 815 274 824 278 812 404 693 348
img04065.jpg 856 875 786 709 790 509 818 519 805 729 818 938 807 507 818 278 805 236 776 108 610 317 702 331 816 275 823 278 812 406 694 347
img04066.jpg 857 874 787 708 791 509 817 516 807 728 819 938 806 506 819 278 807 236 775 114 611 315 703 331 816 274 821 278 813 405 695 344
img04067.jpg 857 874 787 708 791 508 816 515 804 725 820 937 805 506 819 279 804 233 776 116 611 313 703 330 816 273 820 279 814 405 697 344
img04068.jpg 856 875 786 708 790 509 814 515 806 723 819 938 804 506 820 279 806 234 777 112 612 310 704 329 817 273 819 279 816 407 697 346
img04069.jpg 853 877 784 710 788 511 813 515 806 725 819 939 803 507 820 279 806 232 781 109 613 306 704 327 818 273 819 279 813 407 699 346
img04070.jpg 850 880 781 713 786 513 812 517 807 724 820 938 803 508 820 280 807 233 780 108 614 301 705 325 819 272 820 278 813 408 698 345
img04071.jpg 848 882 779 715 784 515 810 520 807 725 821 937 802 509 821 281 807 233 784 102 616 297 706 324 821 273 821 277 810 408 699 348
img04072.jpg 847 885 778 718 782 518 809 522 809 729 819 936 801 509 823 281 809 235 785 99 619 294 707 324 823 274 821 276 809 407 700 350
img04073.jpg 844 887 776 720 780 520 809 524 808 731 818 936 800 510 824 282 808 234 787 96 620 291 708 323 824 274 821 276 808 405 701 350
img04074.jpg 842 888 774 720 778 520 808 525 808 729 818 939 798 510 824 283 808 234 784 95 621 288 708 322 824 274 822 276 808 407 703 349
img04075.jpg 841 887 773 720 777 520 809 525 808 731 815 942 796 509 824 283 808 233 784 93 622 286 708 322 824 275 822 276 805 407 702 352
img04076.jpg 840 888 772 720 776 520 809 525 806 728 813 940 795 509 823 283 806 236 786 92 622 284 707 322 823 275 822 276 803 407 697 349
img04077.jpg 838 886 771 718 775 518 808 524 806 726 816 942 795 509 823 284 806 235 785 91 621 282 707 321 823 274 822 275 799 407 689 343
img04078.jpg 839 884 772 715 776 515 808 522 804 725 818 942 796 506 821 283 808 236 784 93 621 282 706 322 821 274 821 274 794 406 686 343
img04079.jpg 839 882 772 714 776 513 806 520 804 725 817 939 797 506 820 283 810 238 787 95 621 281 705 322 820 273 820 272 790 405 678 339
img04080.jpg 839 881 772 713 777 512 805 519 801 720 818 935 799 506 819 282 811 239 788 97 621 279 705 321 819 272 819 271 788 403 674 334
img04081.jpg 839 881 772 712 777 512 803 519 802 723 819 940 800 506 819 281 816 238 786 98 621 278 705 321 819 272 818 271 786 404 673 332
img04082.jpg 839 881 773 712 778 512 802 519 801 726 818 938 802 506 819 280 818 241 784 99 622 277 705 322 819 272 817 270 784 403 672 337
img04083.jpg 841 883 775 715 780 514 801 519 803 726 817 938 802 509 819 280 817 242 784 97 623 278 706 323 819 272 817 271 784 404 668 335
img04084.jpg 844 885 778 716 783 516 800 519 803 727 817 940 802 510 820 280 817 240 783 98 625 279 707 325 820 273 817 271 783 403 667 336
img04085.jpg 846 887 780 718 785 517 800 519 804 731 817 944 801 511 820 280 817 241 784 98 626 280 708 326 820 273 816 271 784 403 668 337
img04086.jpg 849 888 784 719 789 518 799 519 803 730 817 941 798 513 820 280 817 240 784 98 627 281 709 328 820 273 814 271 780 402 668 339
img04087.jpg 851 889 786 719 791 519 798 519 805 730 818 944 796 515 820 279 818 240 785 98 628 282 709 329 820 273 812 272 779 404 670 335
img04088.jpg 851 889 786 719 791 519 798 519 803 731 819 944 795 517 820 278 819 239 787 98 629 281 709 329 820 273 810 272 777 403 672 334
img04089.jpg 851 890 786 720 791 519 797 519 803 728 819 944 794 518 820 276 819 241 787 96 629 280 709 329 820 273 807 273 774 404 672 332
img04090.jpg 849 890 785 720 790 519 797 519 803 729 820 945 795 519 819 275 820 241 790 94 630 278 709 329 819 273 805 273 771 405 672 330
img04091.jpg 848 890 783 720 788 519 797 520 803 730 819 947 796 519 820 275 819 241 793 93 631 276 709 329 819 273 805 272 767 405 672 326
img04092.jpg 845 890 781 720 786 519 797 521 803 730 820 948 798 519 821 275 816 239 793 94 631 273 708 328 819 273 806 272 764 404 671 325
img04093.jpg 843 889 779 719 785 518 797 521 805 731 818 946 801 517 822 276 815 240 795 94 631 271 707 327 818 272 809 271 762 402 672 323
img04094.jpg 839 889 776 718 781 517 797 522 807 733 817 943 803 516 824 277 817 239 797 93 633 267 706 325 818 272 813 271 757 399 670 319
img04095.jpg 836 888 772 718 778 516 797 522 805 733 815 941 807 514 826 278 815 237 796 93 634 263 706 324 818 273 817 271 752 398 668 318
img04096.jpg 832 888 769 717 774 516 796 522 805 735 815 940 809 514 828 278 815 235 795 94 637 259 707 322 819 273 820 272 751 397 667 316
img04097.jpg 831 888 768 717 774 516 797 521 804 734 814 941 811 513 830 279 817 235 797 92 641 256 709 321 822 273 821 273 749 398 664 313
img04098.jpg 835 887 772 716 778 515 798 520 801 732 815 944 812 514 832 279 818 234 801 91 646 255 713 322 826 274 821 273 747 398 661 309
img04099.jpg 841 886 779 715 784 514 799 519 799 731 816 945 812 515 833 278 816 232 803 90 650 256 717 323 829 274 820 272 745 398 663 307
img04100.jpg 848 885 786 713 791 512 799 517 800 730 817 946 810 515 833 278 817 234 803 89 653 258 720 324 831 273 818 271 746 396 665 305
img04101.jpg 856 883 794 712 799 510 800 516 800 724 817 944 807 516 834 277 817 235 807 87 654 260 722 326 832 271 817 270 747 395 666 302
img04102.jpg 857 884 796 712 801 511 800 517 800 722 816 942 804 516 833 277 820 237 810 87 654 261 722 327 831 271 816 270 747 393 667 303
img04103.jpg 853 886 791 714 797 513 800 518 800 723 817 940 802 516 833 276 820 236 810 87 654 258 720 325 829 270 816 270 747 393 669 301
img04104.jpg 847 889 786 717 792 516 800 520 799 724 816 938 801 517 832 276 822 240 812 91 653 255 717 324 826 270 816 272 749 394 667 302
img04105.jpg 841 892 780 720 786 518 800 521 800 723 814 938 802 517 831 275 824 240 814 91 654 250 716 322 826 269 817 272 751 396 665 303
img04106.jpg 838 895 777 722 783 521 801 524 800 727 813 939 803 518 830 276 827 242 813 93 655 248 715 321 826 270 818 273 750 397 664 304
img04107.jpg 838 895 777 722 783 521 803 525 799 730 813 939 805 518 830 276 823 240 813 94 658 246 717 321 827 270 819 273 750 399 663 303
img04108.jpg 840 894 780 721 786 519 804 527 800 731 813 937 807 517 830 275 823 240 813 94 661 246 718 322 829 271 819 273 750 397 663 304
img04109.jpg 843 892 783 720 789 518 805 526 803 732 813 940 807 516 831 275 823 238 813 93 664 246 721 322 831 270 821 272 753 396 665 305
img04110.jpg 846 891 786 718 792 516 805 526 802 734 815 940 806 515 831 275 825 238 815 93 667 247 722 324 832 271 821 271 754 396 666 305
img04111.jpg 842 891 783 717 789 516 806 526 802 733 816 939 806 514 832 275 826 237 816 91 669 244 722 323 832 272 822 270 758 396 666 308
img04112.jpg 839 891 780 717 786 515 805 524 802 732 815 939 803 512 832 275 829 240 815 90 671 241 722 322 832 272 822 270 764 396 670 314
img04113.jpg 837 891 778 718 784 516 804 522 802 731 816 941 802 511 833 275 829 238 812 92 674 239 723 320 833 271 822 269 768 398 673 320
img04114.jpg 837 891 778 718 785 516 804 520 802 728 816 940 800 508 833 275 830 237 813 90 676 237 723 320 834 271 821 269 772 399 682 331
img04115.jpg 839 891 781 717 787 515 803 519 803 725 816 939 801 507 833 275 826 235 813 92 678 236 725 319 835 270 820 269 779 400 695 345
img04116.jpg 844 890 785 716 792 514 803 517 802 725 816 938 801 507 833 275 826 236 812 92 679 238 726 321 835 269 819 270 786 400 706 357
img04117.jpg 848 889 790 715 797 513 803 516 803 724 817 938 801 506 833 275 827 234 813 90 680 240 727 323 835 269 818 272 790 402 714 365
img04118.jpg 852 888 794 713 801 511 804 517 802 727 816 938 802 506 833 275 829 233 816 89 680 243 727 326 834 270 819 273 799 404 719 375
img04119.jpg 852 887 794 713 801 510 806 517 802 729 816 940 803 508 834 275 829 234 819 90 680 244 726 327 833 271 821 274 809 406 719 379
img04120.jpg 847 887 790 712 797 510 807 518 804 731 814 940 802 509 834 275 831 235 821 90 679 242 724 327 830 272 824 275 814 407 714 381
img04121.jpg 843 887 785 712 792 510 809 520 805 732 815 939 801 509 833 275 829 236 822 90 680 240 722 325 829 271 829 275 822 408 711 384
img04122.jpg 837 887 780 712 787 510 811 521 806 732 816 941 801 510 833 276 826 234 823 91 679 237 719 324 826 271 833 276 830 408 710 391
img04123.jpg 830 888 773 713 780 511 813 523 807 728 818 941 800 511 832 275 824 235 828 90 677 230 714 317 824 270 837 275 838 406 708 399
img04124.jpg 826 889 770 714 777 512 815 524 804 730 818 938 800 512 829 275 825 233 828 91 676 221 710 312 821 268 839 275 842 407 710 407
img04125.jpg 824 891 768 715 775 513 816 525 802 729 819 938 800 513 827 275 826 233 830 91 676 210 709 303 819 267 841 276 847 410 715 420
img04126.jpg 823 893 766 718 773 515 816 526 802 728 819 939 800 515 826 275 826 230 833 89 676 198 708 296 816 266 841 277 851 412 725 437
img04127.jpg 822 896 766 720 773 517 817 526 803 731 821 937 800 517 825 276 828 231 838 88 675 182 704 283 814 266 839 278 856 415 731 453
img04128.jpg 823 897 767 721 775 519 816 527 804 733 818 935 800 519 825 276 829 231 839 88 676 170 701 274 813 266 839 279 857 419 738 471
img04129.jpg 823 900 767 724 774 521 814 528 805 730 818 934 798 523 826 277 829 230 843 89 676 160 700 263 812 266 838 280 857 423 746 489
img04130.jpg 822 903 766 727 774 524 812 529 807 731 818 937 797 526 826 278 828 229 845 88 675 152 695 254 812 267 837 279 856 425 752 503
img04131.jpg 819 906 764 730 772 527 810 532 806 731 816 939 794 529 827 279 830 230 847 90 675 144 691 242 813 267 837 279 851 428 755 516
img04132.jpg 816 908 761 732 768 529 806 535 806 730 813 939 791 532 827 279 830 230 850 92 676 140 692 236 815 268 837 278 847 430 762 527
img04133.jpg 812 912 757 736 765 533 802 539 803 733 813 937 788 536 826 279 827 230 850 93 677 136 693 228 817 268 835 277 840 431 770 535
img04134.jpg 808 915 754 738 761 535 799 542 805 733 815 939 787 537 826 280 825 232 852 90 679 133 696 223 818 268 834 277 835 431 774 545
img04135.jpg 805 916 751 739 759 536 797 544 803 737 817 937 785 538 826 279 823 232 854 90 681 130 698 220 819 269 832 277 833 432 779 551
img04136.jpg 804 917 750 740 757 537 795 544 806 740 816 935 784 538 825 278 823 235 853 90 682 129 700 219 820 270 830 277 833 430 783 555
img04137.jpg 802 916 749 739 756 535 795 543 806 740 820 936 784 537 825 278 823 236 850 91 685 128 700 220 820 270 828 277 830 429 786 557
img04138.jpg 802 913 749 736 756 532 796 541 807 739 820 940 783 536 825 277 827 235 850 91 686 128 698 220 820 270 828 277 830 426 786 561
img04139.jpg 803 912 750 735 758 531 797 541 806 740 820 940 782 536 825 277 826 234 850 94 686 127 695 218 820 271 827 277 833 425 786 559
img04140.jpg 804 911 751 734 759 531 796 541 806 740 819 940 782 537 824 277 828 237 848 97 686 127 691 216 820 271 827 277 832 422 785 562
img04141.jpg 805 913 752 736 760 532 795 542 805 741 821 941 782 539 824 277 827 235 850 96 689 126 688 214 820 270 827 277 831 423 784 561
img04142.jpg 806 917 754 739 762 536 794 544 804 739 820 940 781 541 824 276 827 234 850 99 689 126 687 212 820 270 826 276 830 423 781 561
img04143.jpg 807 923 755 745 763 541 792 546 805 743 821 941 781 544 824 276 828 237 847 99 693 126 687 213 820 269 826 276 828 423 779 558
img04144.jpg 807 926 755 748 763 545 790 548 803 744 819 942 781 547 824 276 829 237 845 96 695 123 687 213 820 268 825 276 825 426 777 560
img04145.jpg 808 928 756 750 764 547 788 549 805 741 821 942 781 548 823 277 827 234 844 94 697 121 687 212 820 268 824 277 824 426 775 556
img04146.jpg 809 928 757 750 765 546 787 549 803 739 820 942 781 548 823 277 826 234 839 96 698 122 686 213 819 267 824 277 823 424 774 555
img04147.jpg 811 927 759 748 768 545 787 549 801 740 817 942 781 547 822 278 827 233 841 94 698 124 686 214 819 266 824 278 824 422 774 554
img04148.jpg 812 923 761 745 769 541 786 548 801 736 817 942 780 545 821 277 824 232 844 93 695 123 686 213 818 267 824 277 824 421 774 554
img04149.jpg 813 921 763 743 771 539 786 546 804 734 820 939 780 541 821 277 824 234 844 94 695 124 686 214 818 268 824 277 824 419 771 551
img04150.jpg 814 920 764 741 772 537 788 544 802 735 818 941 781 539 821 276 825 236 845 93 695 129 685 216 818 268 824 276 825 419 768 552
img04151.jpg 816 919 766 740 774 536 788 543 801 734 818 943 782 537 821 275 824 237 844 92 692 128 686 216 818 269 825 275 824 420 768 552
img04152.jpg 817 918 767 739 775 535 789 541 802 732 819 942 783 536 820 275 822 237 842 93 691 129 685 216 817 269 825 275 822 421 766 552
img04153.jpg 818 916 769 737 777 533 792 539 801 730 817 941 786 535 820 275 820 236 840 96 691 132 685 218 817 269 825 275 824 421 765 554
img04154.jpg 820 916 770 736 779 532 793 538 799 731 815 942 789 536 819 275 818 236 837 95 691 135 684 219 817 269 825 275 821 421 766 555
img04155.jpg 823 914 774 735 783 531 794 537 797 732 817 942 791 536 819 276 817 233 836 95 688 135 685 223 818 270 824 276 820 424 768 555
img04156.jpg 826 914 777 735 786 531 796 536 796 734 816 942 793 537 820 276 819 231 838 96 689 138 686 228 820 271 823 276 822 423 767 556
img04157.jpg 828 915 780 735 788 531 797 537 794 738 815 944 793 538 821 276 822 233 841 95 689 139 688 233 822 273 822 276 822 424 766 559
img04158.jpg 834 916 785 736 794 532 797 539 793 742 816 945 795 538 823 276 822 232 842 91 688 141 689 239 824 274 820 275 819 426 769 556
img04159.jpg 841 915 793 735 802 531 797 540 793 741 816 947 796 538 824 276 822 232 842 92 684 145 690 246 825 274 818 275 819 426 769 556
img04160.jpg 845 916 797 736 806 531 796 543 794 738 813 946 796 539 825 276 823 234 843 95 682 148 690 249 825 274 817 274 819 426 767 558
img04161.jpg 851 915 803 735 812 530 794 545 798 738 813 945 796 539 825 277 823 237 843 93 677 151 688 254 824 274 817 274 819 427 769 558
img04162.jpg 858 914 810 733 819 529 794 545 799 734 813 945 799 538 825 277 819 232 843 92 672 155 687 258 823 273 817 274 819 427 769 557
img04163.jpg 860 914 813 733 822 529 791 546 799 732 813 941 799 538 825 277 823 237 839 94 669 157 686 260 822 273 817 274 819 426 766 559
img04164.jpg 858 915 811 734 820 530 789 546 798 730 815 939 799 537 824 277 825 235 841 96 668 155 685 259 820 271 818 275 822 428 768 561
img04165.jpg 856 915 809 734 819 529 789 545 797 731 817 938 801 535 824 278 823 234 840 93 668 153 685 258 820 270 818 277 820 427 770 561
img04166.jpg 851 915 804 734 813 530 789 542 795 730 818 937 801 534 822 278 822 232 838 95 670 149 685 254 820 269 819 278 818 426 768 563
img04167.jpg 842 916 796 735 805 530 789 541 795 731 818 937 798 533 821 278 822 233 835 101 673 143 686 250 819 268 819 278 818 426 768 562
img04168.jpg 832 916 786 735 795 530 789 540 797 734 820 936 795 533 820 278 820 232 836 99 678 138 686 245 819 267 819 278 820 425 770 561
img04169.jpg 823 916 778 735 787 530 790 538 799 737 819 937 791 534 820 277 819 231 835 102 682 134 688 242 819 268 818 277 819 425 769 559
img04170.jpg 816 918 770 737 780 532 791 537 802 737 819 938 788 535 819 276 819 230 835 106 686 131 689 240 819 268 818 276 819 422 770 558
img04171.jpg 811 920 765 739 775 534 792 537 803 738 819 939 785 536 819 276 819 232 835 110 686 129 690 239 819 270 817 276 819 424 771 555
img04172.jpg 810 921 765 740 774 535 792 537 804 739 820 937 784 537 820 276 820 233 836 104 685 130 690 239 819 270 817 277 820 422 772 556
img04173.jpg 814 921 769 739 779 534 792 537 804 738 820 941 784 538 820 276 820 233 835 109 682 133 689 240 818 270 817 278 820 420 772 557
img04174.jpg 822 920 777 739 787 533 792 538 801 738 821 938 785 539 820 277 821 234 837 102 678 134 689 240 818 269 817 278 821 418 772 557
img04175.jpg 832 918 788 736 798 531 791 537 800 740 819 939 786 538 820 278 819 236 836 98 675 134 687 241 817 269 818 279 823 419 770 556
img04176.jpg 846 916 802 734 812 528 790 538 797 740 817 937 788 538 819 278 820 235 833 101 672 136 685 243 816 269 819 279 823 418 768 558
img04177.jpg 858 914 815 732 824 526 789 538 795 740 816 937 790 536 818 278 819 234 832 106 673 136 684 245 815 269 819 278 822 420 766 557
img04178.jpg 867 913 824 731 834 525 790 537 794 739 814 936 794 535 817 277 817 234 831 106 675 137 684 244 815 270 821 276 824 420 765 557
img04179.jpg 872 913 829 730 839 525 791 536 795 738 812 937 797 534 816 277 818 235 828 108 677 138 684 242 815 271 822 275 821 420 763 557
img04180.jpg 873 913 830 731 840 525 793 536 795 738 812 935 800 534 816 276 818 235 828 106 679 140 685 239 815 270 824 274 818 423 764 558
img04181.jpg 867 914 825 731 835 526 796 535 795 738 812 938 803 533 816 275 819 235 832 100 683 142 685 237 814 269 825 274 818 422 766 557
img04182.jpg 861 914 819 731 829 526 800 533 794 737 814 939 807 532 818 275 821 234 834 96 685 142 685 234 814 268 826 274 821 423 768 555
img04183.jpg 853 914 810 731 821 526 804 531 793 735 816 938 812 530 819 276 823 235 836 92 689 139 686 232 815 266 825 276 820 425 770 555
img04184.jpg 848 914 806 730 816 525 808 529 795 735 818 937 816 529 821 276 821 232 838 93 691 138 687 233 815 264 824 276 821 425 772 555
img04185.jpg 841 913 799 730 809 524 810 527 797 735 820 940 817 528 822 276 824 232 840 93 694 138 688 234 816 263 823 276 824 423 774 553
img04186.jpg 837 912 796 729 806 523 812 524 797 730 824 938 819 527 822 276 824 232 840 90 696 137 690 235 817 263 822 276 824 423 774 552
img04187.jpg 831 911 790 728 801 522 812 523 798 731 821 939 817 527 822 275 824 235 841 89 698 136 691 237 818 264 821 275 824 423 775 552
img04188.jpg 828 910 787 726 798 521 810 523 801 732 817 941 813 529 821 274 824 233 841 87 696 141 691 241 818 265 820 274 824 421 774 550
img04189.jpg 821 910 780 726 791 521 805 523 800 732 816 945 807 531 820 274 823 234 840 84 696 143 692 243 818 266 821 274 823 420 773 550
img04190.jpg 817 911 777 727 787 521 802 525 800 731 816 944 802 532 820 274 823 234 840 84 695 143 692 244 818 266 822 274 823 419 773 552
img04191.jpg 813 913 773 729 783 523 797 529 802 735 815 944 797 534 820 274 822 234 839 85 694 143 692 243 817 267 823 274 822 420 772 553
img04192.jpg 814 915 774 731 785 525 795 531 804 734 817 945 794 535 820 274 821 232 837 86 691 144 691 244 817 267 825 274 821 420 771 552
img04193.jpg 814 917 774 733 785 527 793 533 803 734 820 944 792 535 820 274 820 231 836 89 690 142 692 242 817 267 827 274 820 421 771 553
img04194.jpg 818 917 778 733 789 527 796 533 803 733 820 941 793 533 821 274 820 229 836 95 688 142 693 242 817 267 828 274 823 424 771 554
img04195.jpg 822 917 783 732 794 526 797 532 803 734 820 941 796 531 821 274 820 229 836 94 685 143 693 243 816 268 829 274 823 426 768 550
img04196.jpg 828 916 789 731 800 525 801 531 803 734 819 940 799 530 822 275 823 229 836 94 680 145 692 244 816 269 829 275 826 425 763 543
img04197.jpg 828 915 789 730 800 524 804 529 803 731 819 936 801 528 823 275 822 232 835 94 678 148 695 250 815 268 829 275 829 424 757 538
img04198.jpg 828 915 790 730 801 524 807 528 804 730 820 935 803 528 823 275 824 232 833 93 676 151 698 256 814 267 829 275 834 424 747 525
img04199.jpg 825 915 787 730 798 523 809 528 805 730 822 934 804 528 823 275 825 232 835 88 673 157 696 263 813 267 829 275 835 420 737 507
img04200.jpg 818 914 780 729 791 523 810 528 806 730 823 934 803 526 823 275 826 234 833 90 671 168 694 272 812 265 829 275 840 415 726 489
img04201.jpg 810 913 772 728 784 521 811 527 808 730 825 932 802 523 822 275 825 233 832 92 671 182 694 284 811 264 830 275 842 412 714 470
img04202.jpg 805 911 768 726 779 520 810 526 807 733 824 935 800 520 822 275 824 230 827 91 668 195 692 291 812 263 830 274 842 408 705 447
img04203.jpg 799 909 762 724 773 517 808 524 805 731 822 935 798 516 823 275 822 231 826 92 666 213 690 299 814 264 831 275 837 404 698 426
img04204.jpg 796 907 759 722 770 515 807 522 806 730 820 937 796 513 824 275 824 233 820 92 665 229 693 306 818 264 832 276 831 402 689 406
img04205.jpg 794 906 757 720 769 514 806 520 804 727 818 935 795 511 827 274 825 233 818 93 664 243 697 311 822 266 832 276 822 403 685 383
img04206.jpg 794 905 758 719 769 512 804 519 804 726 814 937 793 509 828 274 825 233 814 91 661 243 701 312 826 268 831 277 815 403 685 370
img04207.jpg 794 903 758 717 769 510 804 517 805 725 815 934 791 508 830 274 828 237 811 92 659 243 704 312 830 269 831 278 808 405 683 358
img04208.jpg 795 902 759 716 771 509 804 517 806 724 813 936 791 506 831 275 830 237 810 92 653 241 707 312 833 270 830 277 803 405 682 348
img04209.jpg 797 901 761 715 773 508 804 516 805 720 815 936 791 505 831 275 829 236 808 94 647 241 709 314 833 270 829 276 802 404 681 340
img04210.jpg 798 900 763 713 775 506 804 516 805 719 815 938 791 504 831 276 829 236 805 91 639 240 709 314 833 270 828 276 801 405 680 341
img04211.jpg 798 900 763 713 775 506 805 516 804 716 817 937 793 504 831 277 828 234 804 96 631 253 708 316 831 270 827 275 801 405 677 338
img04212.jpg 798 901 764 714 775 507 807 517 804 714 818 939 796 504 831 278 825 232 801 98 624 267 707 320 828 271 827 275 801 403 674 339
img04213.jpg 799 902 764 715 776 508 808 517 804 714 821 937 798 505 830 279 825 235 798 97 618 282 705 323 825 272 829 276 804 404 676 347
img04214.jpg 799 903 765 716 777 509 811 517 805 718 822 936 800 506 829 280 825 237 795 99 614 296 703 325 822 272 830 276 809 405 681 355
img04215.jpg 801 903 767 716 779 509 814 517 806 720 823 937 803 506 827 280 823 237 793 101 613 312 702 329 820 273 831 276 813 405 685 362
img04216.jpg 803 904 769 717 781 510 817 517 807 721 823 936 804 505 826 280 823 238 789 98 613 326 702 332 818 273 832 275 817 405 691 371
img04217.jpg 806 904 772 717 784 510 819 517 807 722 824 937 805 505 825 281 824 241 790 97 614 336 703 333 817 273 833 274 824 404 698 377
img04218.jpg 808 904 774 717 787 510 820 517 806 724 823 935 805 505 825 281 823 238 786 99 613 345 700 335 817 272 833 272 830 405 704 384
img04219.jpg 810 905 777 717 789 510 821 517 807 726 821 935 805 505 824 280 821 240 783 96 613 350 699 336 817 271 832 272 835 404 704 387
img04220.jpg 809 906 777 718 789 511 821 518 808 724 821 934 805 506 824 279 818 242 781 96 611 354 700 338 817 270 832 271 838 402 706 391
img04221.jpg 811 906 778 719 791 511 821 518 810 724 821 933 804 508 824 279 814 245 777 97 608 356 700 341 816 269 832 271 844 404 706 393
img04222.jpg 811 908 779 720 791 512 821 519 811 724 821 932 805 510 823 279 811 244 774 99 606 358 703 341 815 268 831 270 848 405 707 398
img04223.jpg 811 908 779 721 792 513 822 520 811 724 821 932 805 510 822 279 807 243 774 98 609 360 706 344 813 268 831 271 851 404 707 397
img04224.jpg 812 909 780 721 793 514 823 521 810 725 823 933 806 511 821 279 806 243 773 98 612 364 709 348 811 269 830 270 850 405 709 401
img04225.jpg 813 910 781 722 794 514 824 521 811 723 821 932 807 511 819 280 807 243 770 98 612 365 709 348 809 270 830 269 851 405 710 402
img04226.jpg 812 911 781 723 794 515 824 522 808 722 822 936 807 511 818 280 808 242 771 96 615 365 713 348 808 272 829 269 849 405 710 402
img04227.jpg 813 910 782 722 794 514 824 522 808 722 821 936 807 510 818 281 808 243 771 94 615 366 710 352 807 273 828 269 849 406 709 403
img04228.jpg 813 911 783 722 795 515 824 523 810 721 821 939 807 510 819 281 810 244 766 94 613 364 712 353 807 274 827 269 848 408 708 404
img04229.jpg 814 911 783 722 796 514 823 523 810 719 820 937 808 510 820 281 810 241 762 95 613 363 712 353 808 274 826 269 847 407 711 407
img04230.jpg 815 911 784 722 797 514 823 523 811 722 821 940 809 510 820 281 808 239 760 96 618 362 713 355 808 274 826 270 848 406 713 409
img04231.jpg 816 910 786 721 799 513 824 522 812 719 819 939 812 510 821 280 809 239 758 100 619 361 711 358 810 274 826 271 849 405 714 412
img04232.jpg 816 910 787 721 800 513 826 521 814 721 818 938 815 511 821 279 811 239 753 103 624 361 712 358 812 274 826 273 848 402 716 412
img04233.jpg 817 909 788 720 801 512 829 518 814 721 818 937 819 510 821 278 811 241 753 103 625 363 716 359 813 275 827 274 848 400 716 414
img04234.jpg 819 908 790 719 803 511 833 516 817 721 817 939 823 510 821 278 810 243 753 105 625 361 719 361 815 276 827 276 847 401 713 415
img04235.jpg 821 907 792 717 805 509 838 514 815 718 818 939 827 509 821 278 812 241 755 107 625 361 721 361 816 276 826 277 845 404 711 415
img04236.jpg 824 905 796 716 809 507 842 513 816 719 819 939 832 506 821 278 813 239 753 109 623 362 726 362 818 275 824 277 843 402 710 416
img04237.jpg 829 903 801 714 814 506 844 512 815 715 819 940 835 503 821 279 812 238 752 112 623 363 731 362 819 273 820 278 839 403 706 417
img04238.jpg 832 903 804 714 817 506 845 513 815 710 818 938 837 501 821 280 809 234 756 112 627 363 732 361 822 271 816 278 835 406 703 416
img04239.jpg 834 903 806 713 819 505 843 513 814 708 818 939 839 498 822 281 811 233 758 114 627 365 735 361 825 269 811 278 834 408 703 414
img04240.jpg 835 903 807 714 821 505 840 514 818 710 815 938 839 498 822 283 811 233 759 110 630 365 738 362 827 268 806 279 831 405 702 415
img04241.jpg 835 906 808 716 821 507 834 515 821 711 814 936 837 500 823 283 811 234 758 108 635 371 744 365 829 267 801 280 828 409 701 417
img04242.jpg 836 907 809 717 822 509 828 515 826 714 816 937 836 502 823 282 809 234 759 104 640 378 751 370 830 267 797 279 826 411 702 416
img04243.jpg 840 908 813 718 826 509 823 516 827 719 817 939 835 505 823 280 810 237 757 107 650 391 761 375 833 267 793 279 820 410 699 412
img04244.jpg 849 906 820 718 834 510 819 517 830 720 816 940 836 509 823 278 810 237 753 104 667 407 776 383 835 267 789 278 813 407 695 406
img04245.jpg 864 905 831 719 845 510 816 519 830 723 816 943 838 511 823 276 809 239 756 106 686 426 793 390 840 266 785 276 809 409 698 404
img04246.jpg 881 905 844 718 858 509 816 520 827 726 814 945 841 511 824 274 810 240 761 107 710 443 810 395 846 266 782 274 804 407 703 401
img04247.jpg 901 907 858 720 870 509 817 520 824 727 814 947 845 510 826 274 814 242 767 109 734 456 827 399 854 266 778 272 797 406 707 399
img04248.jpg 918 909 871 721 880 509 818 520 825 730 812 949 849 508 830 274 818 243 775 110 760 468 845 402 864 267 776 270 789 407 708 403
img04249.jpg 929 913 880 719 890 510 821 520 823 735 813 950 853 507 835 275 823 245 787 117 785 477 863 406 876 268 775 269 781 408 711 411
img04250.jpg 937 919 887 721 896 511 825 519 824 737 814 949 856 506 841 276 831 247 795 118 808 484 881 410 890 270 774 268 768 409 709 416
img04251.jpg 939 922 892 724 901 513 828 521 823 740 816 949 859 508 846 277 836 247 810 118 831 490 899 413 907 273 774 268 760 409 708 426
img04252.jpg 937 927 894 724 907 514 830 522 822 743 816 946 863 512 851 278 845 246 825 118 854 496 917 418 924 276 775 269 750 416 704 442
img04253.jpg 930 931 895 724 911 516 831 525 820 743 817 944 866 516 857 279 855 246 842 123 876 501 935 422 941 279 776 270 745 418 709 459
img04254.jpg 928 938 899 731 915 520 832 528 820 744 817 944 869 521 865 281 865 245 859 117 899 504 953 425 958 281 779 272 741 419 721 473
img04255.jpg 921 942 902 734 921 523 833 530 817 743 817 945 875 525 874 282 875 245 879 121 923 508 971 427 972 282 783 274 745 417 737 484
img04256.jpg 921 945 909 735 927 527 835 531 816 742 816 945 880 529 884 284 889 246 895 125 947 511 989 429 985 283 788 275 748 416 750 497
img04257.jpg 920 945 914 737 934 530 839 532 817 737 817 945 886 532 895 286 900 246 911 126 973 514 1007 431 996 284 796 277 754 412 767 503
img04258.jpg 923 948 923 742 942 533 845 533 823 732 819 945 893 534 905 287 913 245 926 125 996 519 1020 433 1005 284 804 277 766 408 781 508
img04259.jpg 922 949 932 741 950 535 853 532 826 731 823 942 900 535 914 288 925 245 945 129 1017 524 1035 431 1013 284 813 278 776 407 792 516
img04260.jpg 924 948 943 742 957 537 860 532 839 729 829 935 905 536 923 288 937 245 962 131 1031 526 1046 429 1022 285 824 278 786 405 799 523
img04261.jpg 920 950 951 741 962 538 868 533 858 728 839 931 911 536 931 287 945 246 977 133 1045 532 1051 426 1029 284 836 278 800 407 810 525
img04262.jpg 919 952 962 740 966 538 875 533 880 727 852 925 916 536 939 287 953 246 996 139 1053 538 1053 426 1037 285 848 278 811 394 821 523
img04263.jpg 917 949 970 736 969 539 882 533 901 730 867 922 921 536 947 286 960 247 1016 141 1060 543 1060 424 1044 285 861 277 820 383 832 519
img04264.jpg 920 949 977 734 972 538 890 533 924 724 883 918 927 536 956 285 968 248 1030 142 1068 549 1062 427 1052 285 875 276 832 372 843 512
img04265.jpg 913 948 977 731 975 538 899 534 942 725 901 920 934 536 964 284 977 250 1047 143 1075 554 1062 431 1058 287 889 275 843 362 851 507
img04266.jpg 911 945 978 730 979 538 908 535 956 725 917 921 942 537 972 284 988 250 1064 144 1083 558 1067 434 1064 288 904 274 852 351 861 500
img04267.jpg 910 942 980 729 984 538 917 536 966 728 931 923 950 537 982 283 998 253 1078 141 1091 560 1072 435 1069 289 919 273 865 351 871 498
img04268.jpg 911 941 983 729 990 539 927 536 976 729 943 922 958 538 991 284 1010 255 1090 143 1100 561 1077 436 1074 291 934 272 877 352 881 497
img04269.jpg 910 939 986 729 996 541 935 536 985 733 955 924 967 540 1002 285 1018 256 1104 145 1107 560 1082 436 1080 292 948 273 889 354 891 496
img04270.jpg 921 939 995 728 1004 542 944 536 993 735 965 924 975 540 1013 287 1028 258 1113 146 1116 562 1088 437 1086 292 962 274 901 356 900 496
img04271.jpg 930 938 1004 728 1013 542 952 534 1002 736 976 923 983 539 1023 290 1038 262 1119 147 1123 563 1095 435 1092 293 974 276 911 360 909 497
img04272.jpg 940 937 1013 727 1022 541 961 532 1010 736 986 921 992 536 1033 292 1049 262 1127 148 1130 561 1102 435 1101 294 986 278 920 363 918 498
img04273.jpg 949 933 1022 724 1030 537 970 530 1019 737 996 920 1000 533 1042 293 1056 265 1134 148 1140 560 1109 434 1109 294 996 279 929 366 927 498
img04274.jpg 959 928 1031 719 1039 533 978 526 1027 736 1006 917 1007 528 1050 294 1067 265 1141 149 1150 561 1116 433 1119 294 1005 278 938 368 935 498
img04275.jpg 968 922 1040 713 1048 527 986 521 1035 733 1016 912 1014 523 1058 293 1074 263 1148 150 1160 560 1125 430 1129 294 1014 278 945 370 943 497
img04276.jpg 977 916 1048 708 1056 522 993 516 1042 731 1024 908 1020 519 1067 291 1083 262 1158 150 1169 557 1135 429 1138 293 1023 276 952 370 950 495
img04277.jpg 987 911 1057 703 1065 517 1001 513 1049 730 1032 905 1026 515 1075 289 1090 262 1164 151 1180 556 1147 426 1148 291 1030 274 959 371 957 493
img04278.jpg 998 908 1068 701 1076 515 1008 510 1055 730 1039 906 1034 513 1083 287 1098 261 1171 154 1190 554 1157 423 1158 289 1037 273 965 372 964 492
img04279.jpg 1011 906 1080 700 1088 514 1016 508 1062 728 1045 906 1043 513 1092 285 1108 260 1176 153 1201 552 1171 421 1168 287 1043 273 972 375 972 492
img04280.jpg 1024 907 1093 701 1101 516 1027 510 1067 729 1051 911 1055 516 1101 283 1117 259 1180 154 1214 547 1186 418 1179 285 1048 273 979 380 983 494
img04281.jpg 1040 910 1108 704 1115 519 1039 513 1075 728 1056 915 1069 518 1110 283 1126 258 1185 154 1229 542 1199 414 1191 284 1052 274 987 386 995 497
img04282.jpg 1056 914 1124 709 1130 523 1053 516 1082 728 1059 919 1085 522 1122 284 1135 257 1191 155 1245 540 1211 414 1204 284 1056 277 995 394 1008 502
img04283.jpg 1072 917 1139 713 1146 527 1068 519 1088 727 1060 918 1102 524 1134 286 1147 254 1194 153 1262 537 1228 411 1218 285 1062 280 1005 402 1023 507
img04284.jpg 1089 921 1155 717 1162 532 1083 522 1094 730 1063 918 1119 526 1147 290 1156 258 1198 157 1279 533 1246 410 1232 287 1068 283 1017 410 1038 511
img04285.jpg 1105 923 1172 719 1178 534 1099 523 1102 730 1062 915 1136 526 1160 294 1169 260 1203 157 1297 535 1264 411 1246 289 1078 286 1030 414 1051 516
img04286.jpg 1122 924 1188 721 1194 536 1114 525 1108 735 1064 914 1152 526 1174 299 1181 267 1207 160 1316 536 1285 415 1261 292 1088 289 1043 419 1061 520
img04287.jpg 1140 924 1205 721 1211 536 1130 525 1118 734 1064 913 1170 524 1188 303 1196 270 1210 161 1333 538 1308 418 1277 295 1100 293 1056 420 1069 523
img04288.jpg 1159 923 1224 720 1229 536 1146 526 1125 734 1066 910 1187 523 1202 306 1209 275 1214 163 1351 539 1329 422 1293 299 1113 296 1069 422 1075 528
img04289.jpg 1177 921 1242 719 1247 534 1162 526 1131 731 1066 906 1204 520 1217 308 1222 275 1219 164 1366 541 1349 425 1309 302 1127 298 1086 422 1080 532
img04290.jpg 1198 918 1261 716 1267 531 1179 524 1142 727 1069 902 1223 517 1232 309 1235 279 1224 168 1377 542 1368 426 1325 304 1142 299 1102 426 1088 534
img04291.jpg 1217 914 1280 713 1286 528 1196 520 1149 719 1130 899 1241 514 1246 309 1245 278 1229 170 1387 540 1384 425 1339 306 1157 299 1121 424 1099 535
img04292.jpg 1236 909 1299 708 1304 523 1213 516 1158 712 1193 898 1259 510 1260 308 1258 279 1233 171 1393 537 1395 419 1350 305 1173 298 1142 427 1111 537
img04293.jpg 1254 902 1316 702 1321 517 1230 510 1169 703 1254 898 1277 506 1273 306 1268 278 1237 173 1397 536 1405 414 1360 303 1187 295 1163 426 1129 537
img04294.jpg 1270 895 1332 696 1337 511 1247 504 1182 697 1316 901 1294 502 1285 304 1280 278 1243 172 1399 534 1411 411 1367 300 1200 293 1184 423 1150 534
img04295.jpg 1284 890 1345 690 1350 506 1261 501 1191 692 1378 905 1308 500 1296 301 1289 275 1245 172 1409 530 1418 407 1373 296 1213 291 1202 416 1171 531
img04296.jpg 1297 883 1358 684 1362 500 1275 498 1203 689 1378 907 1323 497 1305 298 1298 277 1250 171 1414 530 1424 405 1377 293 1224 289 1218 414 1192 531
img04297.jpg 1310 878 1370 679 1374 495 1289 496 1215 686 1376 907 1335 495 1312 296 1306 275 1251 174 1417 530 1427 405 1381 290 1234 288 1234 408 1214 526
img04298.jpg 1320 874 1379 676 1383 492 1301 496 1225 686 1375 907 1346 494 1319 294 1313 274 1255 175 1425 529 1433 405 1383 288 1244 287 1250 405 1232 524
img04299.jpg 1328 871 1387 673 1391 490 1312 495 1233 685 1374 905 1355 492 1325 292 1320 273 1254 177 1436 528 1439 403 1386 287 1254 287 1262 405 1245 527
img04300.jpg 1336 868 1394 671 1398 487 1322 496 1243 682 1373 899 1364 490 1330 290 1326 274 1257 178 1439 526 1441 403 1388 285 1264 287 1274 407 1257 528
img04301.jpg 1341 869 1399 672 1402 489 1332 498 1254 683 1375 895 1370 491 1336 290 1332 270 1256 182 1443 525 1443 402 1389 283 1274 288 1288 409 1271 530
img04302.jpg 1345 870 1403 674 1406 491 1341 501 1267 685 1381 892 1377 493 1341 289 1334 269 1255 182 1451 524 1447 401 1390 283 1284 289 1301 411 1280 532
img04303.jpg 1351 874 1408 678 1411 495 1350 504 1280 690 1389 890 1384 496 1345 289 1337 272 1255 184 1452 521 1447 399 1390 280 1295 290 1310 416 1289 534
img04304.jpg 1356 878 1412 683 1416 500 1359 508 1298 696 1406 887 1391 500 1349 290 1341 271 1257 185 1451 519 1445 397 1388 279 1305 291 1319 417 1301 534
img04305.jpg 1361 883 1417 688 1420 505 1370 512 1314 704 1421 891 1399 504 1354 292 1343 269 1256 186 1450 518 1444 397 1387 279 1314 293 1330 417 1311 534
img04306.jpg 1368 885 1423 691 1426 508 1379 515 1333 710 1432 895 1406 506 1358 293 1346 272 1258 186 1451 518 1443 398 1386 279 1324 294 1340 419 1318 536
img04307.jpg 1373 887 1427 693 1430 510 1388 516 1350 712 1441 903 1413 508 1363 294 1351 275 1260 187 1450 519 1441 400 1385 281 1334 293 1348 421 1330 536
img04308.jpg 1377 887 1432 694 1434 511 1399 517 1364 715 1445 907 1420 508 1368 296 1355 274 1262 187 1450 523 1441 404 1385 285 1343 294 1358 421 1337 538
img04309.jpg 1383 886 1437 694 1440 511 1408 517 1377 719 1445 913 1428 508 1372 298 1359 279 1263 190 1451 528 1442 409 1387 289 1352 294 1371 422 1347 538
img04310.jpg 1388 887 1444 693 1446 510 1417 516 1386 722 1443 916 1435 509 1378 299 1365 283 1267 191 1454 531 1444 414 1389 293 1361 293 1383 426 1353 543
img04311.jpg 1389 888 1449 693 1452 511 1427 515 1391 723 1439 919 1443 509 1383 302 1370 284 1271 191 1455 535 1444 418 1390 297 1370 293 1394 428 1364 546
img04312.jpg 1390 890 1455 694 1457 511 1435 515 1397 726 1439 918 1449 509 1387 304 1377 283 1276 191 1456 538 1445 422 1392 300 1377 295 1403 430 1371 549
img04313.jpg 1392 891 1457 696 1459 513 1440 516 1404 727 1440 923 1451 510 1391 306 1381 284 1277 191 1453 540 1443 424 1392 302 1384 296 1413 431 1380 550
img04314.jpg 1391 893 1456 698 1457 516 1445 517 1405 726 1438 925 1452 511 1394 307 1382 283 1280 190 1446 542 1439 427 1392 303 1391 296 1420 434 1388 553
img04315.jpg 1388 894 1452 701 1454 519 1449 518 1411 728 1438 926 1451 512 1396 308 1382 283 1281 190 1436 544 1433 429 1391 304 1397 295 1426 434 1397 553
img04316.jpg 1390 893 1448 704 1449 522 1452 520 1417 727 1440 926 1449 515 1398 307 1381 284 1280 191 1425 545 1426 431 1392 303 1401 295 1432 434 1402 553
img04317.jpg 1390 893 1443 707 1444 525 1455 522 1423 726 1441 926 1448 518 1400 306 1381 286 1280 190 1414 546 1420 432 1392 303 1405 294 1438 435 1408 554
img04318.jpg 1390 893 1440 710 1441 528 1461 523 1428 729 1440 926 1450 520 1403 304 1381 286 1283 188 1405 546 1415 433 1394 303 1408 294 1440 435 1414 557
img04319.jpg 1391 890 1439 712 1439 531 1465 525 1438 731 1440 926 1453 523 1404 304 1382 287 1282 189 1397 545 1411 433 1396 302 1409 294 1440 437 1417 557
img04320.jpg 1394 886 1438 716 1439 534 1468 527 1444 729 1441 925 1455 527 1406 303 1382 287 1281 192 1390 545 1408 434 1398 301 1410 296 1441 438 1420 560
img04321.jpg 1395 884 1438 719 1439 537 1471 529 1451 730 1442 925 1458 529 1408 303 1383 289 1282 193 1384 544 1405 434 1400 302 1410 298 1442 439 1425 561
img04322.jpg 1398 882 1441 721 1442 540 1472 532 1455 733 1442 926 1460 532 1409 304 1383 287 1280 195 1382 544 1404 435 1402 302 1411 300 1442 440 1428 563
img04323.jpg 1402 881 1445 724 1445 542 1471 535 1458 731 1443 925 1459 536 1410 306 1384 287 1277 198 1379 544 1403 435 1404 302 1410 302 1443 444 1428 565
img04324.jpg 1403 881 1448 726 1448 545 1468 538 1459 732 1444 925 1458 540 1410 308 1385 289 1278 200 1377 544 1401 437 1405 304 1410 304 1444 446 1430 567
img04325.jpg 1404 881 1449 729 1449 548 1467 540 1459 734 1445 928 1456 543 1409 310 1386 289 1280 200 1372 545 1398 438 1405 305 1411 305 1445 449 1430 570
img04326.jpg 1406 880 1450 730 1450 549 1466 543 1457 737 1444 930 1453 548 1407 313 1385 290 1279 201 1368 546 1394 440 1403 307 1410 307 1444 452 1429 573
img04327.jpg 1405 881 1446 733 1445 552 1464 546 1454 740 1443 932 1450 552 1403 316 1381 291 1278 203 1362 547 1387 442 1400 309 1409 309 1443 456 1428 578
img04328.jpg 1403 880 1442 736 1441 555 1463 548 1453 742 1444 933 1447 556 1399 319 1379 295 1273 204 1356 549 1382 445 1396 312 1407 312 1441 459 1426 580
img04329.jpg 1401 882 1439 736 1438 556 1462 549 1452 743 1442 935 1446 557 1395 321 1375 296 1269 205 1352 552 1375 449 1390 315 1405 315 1439 464 1425 582
img04330.jpg 1403 883 1438 736 1437 556 1464 549 1452 743 1441 933 1447 557 1390 324 1370 300 1262 212 1347 555 1370 454 1384 318 1401 318 1438 467 1420 584
img04331.jpg 1401 887 1439 736 1438 555 1467 547 1450 740 1442 931 1450 554 1385 329 1365 304 1257 216 1345 558 1362 456 1378 323 1397 322 1436 472 1418 587
img04332.jpg 1401 887 1445 734 1444 554 1472 544 1448 737 1442 930 1457 550 1380 334 1362 311 1251 226 1342 563 1356 460 1371 329 1393 327 1433 478 1412 590
img04333.jpg 1400 891 1452 732 1450 552 1480 542 1444 736 1441 928 1464 546 1374 342 1356 317 1245 236 1338 569 1347 466 1363 338 1389 333 1429 487 1406 595
img04334.jpg 1399 892 1459 731 1457 551 1488 541 1440 735 1440 927 1473 544 1369 351 1350 326 1240 248 1333 575 1341 470 1357 347 1385 339 1426 491 1399 605
img04335.jpg 1397 894 1466 732 1465 552 1495 544 1434 735 1440 928 1482 544 1365 362 1345 336 1236 260 1328 585 1333 476 1349 359 1382 347 1420 502 1394 614
img04336.jpg 1397 890 1473 734 1471 554 1502 549 1428 737 1440 927 1489 548 1361 373 1340 344 1229 276 1320 597 1332 489 1342 372 1380 357 1414 515 1383 629
img04337.jpg 1397 889 1476 739 1474 559 1507 556 1423 736 1440 926 1495 553 1357 385 1335 359 1224 290 1312 611 1326 503 1336 386 1378 368 1409 529 1374 642
img04338.jpg 1398 887 1479 745 1477 565 1510 564 1418 733 1437 926 1499 560 1354 398 1331 374 1221 310 1303 627 1323 517 1331 402 1375 383 1401 542 1367 660
img04339.jpg 1402 887 1482 753 1480 573 1512 574 1411 732 1438 926 1502 569 1351 412 1329 391 1217 333 1296 642 1318 533 1324 419 1372 400 1392 562 1356 679
img04340.jpg 1406 891 1486 762 1483 582 1514 583 1402 734 1436 924 1504 579 1348 428 1324 408 1214 354 1290 659 1314 549 1318 437 1370 417 1383 581 1346 701
img04341.jpg 1409 900 1488 772 1486 593 1515 595 1394 737 1435 924 1505 589 1345 443 1321 426 1212 375 1282 677 1306 566 1313 456 1367 435 1373 599 1337 718
img04342.jpg 1412 912 1490 783 1487 604 1514 607 1385 742 1433 925 1505 601 1342 460 1319 443 1212 397 1276 694 1301 582 1308 473 1364 453 1364 618 1329 739
img04343.jpg 1415 924 1493 795 1490 616 1512 621 1377 748 1434 925 1505 615 1340 475 1317 457 1212 414 1269 711 1297 596 1303 490 1362 468 1356 636 1319 758
img04344.jpg 1419 933 1497 803 1494 624 1509 635 1369 752 1433 926 1505 628 1336 491 1313 472 1212 428 1262 727 1291 610 1298 506 1362 481 1350 651 1311 774
img04345.jpg 1420 942 1499 812 1496 633 1505 651 1365 758 1435 928 1504 643 1333 505 1310 486 1212 440 1255 743 1286 623 1294 521 1360 493 1342 668 1303 788
img04346.jpg 1421 951 1499 820 1496 641 1502 665 1362 765 1432 927 1503 658 1329 519 1308 499 1213 452 1249 756 1282 635 1289 536 1360 505 1336 682 1296 802
img04347.jpg 1423 957 1502 825 1498 647 1500 681 1360 776 1433 928 1502 674 1325 531 1306 512 1212 465 1244 768 1278 646 1285 550 1358 517 1329 697 1290 813
img04348.jpg 1422 959 1501 827 1497 648 1499 696 1359 788 1433 929 1501 688 1321 544 1302 526 1209 480 1240 780 1275 659 1282 563 1356 531 1324 710 1284 824
img04349.jpg 1416 967 1495 834 1491 655 1499 708 1358 800 1433 930 1498 702 1317 555 1300 538 1207 491 1237 791 1272 673 1279 575 1352 545 1320 725 1278 837
img04350.jpg 1414 971 1493 838 1489 659 1499 716 1357 808 1431 928 1496 711 1315 565 1298 552 1205 505 1232 801 1267 684 1275 585 1349 557 1320 736 1276 849
img04351.jpg 1416 969 1495 835 1490 657 1498 723 1355 816 1429 931 1493 719 1314 575 1295 564 1201 517 1228 810 1265 692 1273 596 1345 570 1319 748 1275 862
img04352.jpg 1415 971 1494 837 1490 658 1497 728 1353 821 1427 934 1489 724 1313 583 1291 573 1196 526 1224 819 1263 700 1271 605 1342 580 1320 757 1273 875
img04353.jpg 1419 974 1498 838 1493 660 1496 728 1350 822 1424 934 1486 725 1312 591 1289 581 1194 534 1224 825 1260 706 1269 614 1342 587 1323 764 1276 884
img04354.jpg 1425 972 1504 836 1499 658 1493 730 1347 824 1420 935 1483 725 1312 598 1288 588 1193 542 1221 830 1257 710 1268 622 1341 593 1325 770 1280 891
img04355.jpg 1430 973 1508 837 1504 659 1491 736 1344 830 1418 942 1481 728 1311 604 1288 594 1192 547 1220 834 1257 715 1268 629 1341 598 1324 775 1279 896
img04356.jpg 1432 979 1511 842 1506 664 1490 740 1341 835 1417 947 1479 730 1309 611 1288 601 1191 553 1221 838 1256 718 1268 635 1341 603 1324 780 1279 900
img04357.jpg 1434 985 1513 847 1508 670 1487 745 1338 840 1414 954 1477 735 1308 616 1290 605 1193 558 1220 840 1254 722 1269 640 1342 607 1323 783 1276 903
img04358.jpg 1434 993 1513 855 1508 677 1485 754 1334 850 1412 963 1476 743 1307 621 1292 608 1194 561 1218 845 1255 726 1269 645 1341 611 1319 787 1271 906
img04359.jpg 1434 1002 1513 863 1508 685 1484 761 1332 857 1410 972 1477 745 1307 625 1291 613 1192 566 1217 848 1255 728 1268 648 1341 614 1316 790 1266 908
img04360.jpg 1434 1009 1513 870 1508 693 1482 763 1329 860 1409 975 1477 747 1308 626 1290 615 1191 568 1215 849 1255 730 1268 650 1341 616 1316 792 1265 910
img04361.jpg 1434 1015 1513 874 1507 697 1481 763 1327 860 1408 976 1478 745 1309 626 1292 616 1192 568 1213 851 1253 732 1267 652 1341 617 1316 793 1266 911
img04362.jpg 1434 1017 1513 876 1507 699 1481 758 1326 855 1408 972 1479 738 1310 625 1291 616 1191 568 1213 852 1252 732 1265 652 1340 618 1321 794 1275 913
img04363.jpg 1432 1017 1512 875 1506 698 1481 749 1325 847 1408 964 1479 728 1310 624 1290 616 1190 568 1212 852 1251 730 1265 652 1339 618 1328 795 1287 916
img04364.jpg 1431 1016 1511 874 1504 697 1481 743 1323 841 1408 959 1478 722 1310 624 1291 614 1190 566 1211 852 1250 730 1264 652 1338 619 1332 796 1295 918
img04365.jpg 1431 1014 1510 872 1504 695 1480 739 1321 838 1407 956 1477 715 1310 624 1292 613 1190 565 1210 851 1250 728 1263 652 1337 620 1335 797 1300 920
img04366.jpg 1430 1012 1509 869 1503 692 1480 740 1320 839 1406 958 1475 709 1310 624 1290 613 1188 565 1209 850 1251 726 1263 651 1337 620 1335 798 1301 921
img04367.jpg 1429 1010 1509 866 1502 689 1479 746 1318 845 1406 965 1473 705 1309 623 1290 612 1187 564 1205 849 1252 724 1263 650 1337 619 1331 796 1294 918
img04368.jpg 1431 1006 1510 862 1504 685 1480 751 1317 851 1407 972 1471 701 1308 622 1289 610 1186 562 1205 848 1253 722 1263 647 1338 616 1327 793 1286 914
img04369.jpg 1432 1002 1511 857 1505 680 1481 752 1317 852 1408 973 1471 699 1307 619 1287 608 1183 560 1207 845 1253 719 1263 643 1339 612 1325 789 1283 909
img04370.jpg 1434 997 1513 852 1506 675 1484 749 1319 849 1411 971 1472 698 1306 616 1285 604 1181 555 1208 841 1254 717 1264 638 1339 608 1326 784 1285 905
img04371.jpg 1436 993 1515 847 1508 670 1487 741 1321 842 1414 964 1475 699 1306 612 1285 598 1180 549 1209 835 1254 714 1264 632 1339 601 1330 778 1291 898
img04372.jpg 1437 989 1516 842 1509 666 1490 728 1323 830 1417 953 1478 701 1307 607 1284 592 1179 544 1213 830 1254 709 1264 625 1339 594 1336 771 1302 893
img04373.jpg 1435 987 1515 839 1507 663 1493 718 1325 820 1420 944 1481 706 1308 599 1284 588 1178 539 1215 823 1255 704 1265 617 1339 588 1341 765 1310 888
img04374.jpg 1432 986 1512 838 1504 662 1496 710 1327 812 1424 938 1484 707 1309 591 1285 579 1178 530 1218 814 1257 697 1266 609 1340 580 1344 757 1314 880
img04375.jpg 1426 989 1506 840 1498 664 1496 702 1326 805 1426 933 1486 706 1310 582 1285 572 1178 522 1219 806 1259 687 1268 600 1341 570 1344 747 1313 870
img04376.jpg 1417 991 1496 842 1488 666 1496 696 1325 800 1429 932 1487 700 1311 571 1287 559 1180 510 1220 796 1261 677 1270 591 1342 559 1341 736 1309 858
img04377.jpg 1409 995 1488 845 1480 669 1493 693 1325 796 1429 932 1486 695 1311 559 1291 547 1183 497 1220 785 1265 666 1273 581 1343 547 1335 723 1298 844
img04378.jpg 1403 997 1482 846 1474 671 1488 687 1323 789 1431 932 1486 686 1312 545 1295 533 1186 484 1219 772 1266 656 1275 570 1344 532 1328 708 1286 827
img04379.jpg 1400 995 1480 844 1472 668 1483 680 1324 781 1431 930 1485 675 1313 531 1297 521 1187 471 1221 759 1268 642 1278 557 1344 518 1322 693 1275 810
img04380.jpg 1401 989 1481 837 1472 662 1480 671 1328 772 1430 929 1484 664 1315 516 1299 506 1189 457 1223 746 1269 631 1280 544 1344 504 1318 678 1269 794
img04381.jpg 1406 980 1486 828 1477 652 1478 659 1332 762 1431 928 1484 653 1316 501 1298 493 1188 444 1224 732 1271 617 1281 530 1343 490 1316 664 1265 780
img04382.jpg 1409 968 1488 814 1479 639 1478 645 1338 754 1432 928 1484 639 1318 487 1299 480 1188 430 1230 719 1273 607 1282 515 1343 475 1316 650 1267 764
img04383.jpg 1411 953 1490 799 1481 624 1480 630 1346 749 1430 924 1484 624 1319 474 1298 465 1189 415 1235 705 1277 592 1284 500 1342 463 1318 635 1273 752
img04384.jpg 1409 939 1489 785 1480 610 1483 615 1356 743 1429 920 1483 609 1320 462 1301 449 1189 402 1239 692 1279 580 1286 485 1340 451 1322 620 1278 739
img04385.jpg 1406 926 1485 771 1476 596 1484 601 1364 740 1430 920 1481 595 1321 450 1301 436 1189 388 1242 679 1282 567 1288 471 1339 439 1324 603 1282 724
img04386.jpg 1402 914 1482 758 1472 583 1486 590 1372 737 1430 918 1479 583 1323 438 1303 422 1189 371 1250 666 1286 554 1291 456 1338 428 1326 587 1286 709
img04387.jpg 1398 904 1480 745 1471 571 1487 578 1381 735 1432 918 1479 571 1325 426 1303 409 1188 355 1255 652 1288 541 1295 441 1337 417 1329 572 1291 695
img04388.jpg 1395 897 1479 733 1470 559 1488 568 1390 733 1434 922 1480 560 1328 413 1305 395 1187 340 1259 643 1290 530 1300 426 1337 406 1332 558 1295 682
img04389.jpg 1394 894 1482 721 1473 547 1489 557 1396 732 1437 927 1481 551 1331 399 1307 382 1190 322 1263 634 1293 517 1304 412 1339 393 1334 544 1293 663
img04390.jpg 1394 892 1486 711 1476 537 1489 548 1405 730 1438 928 1483 542 1335 386 1312 370 1194 307 1265 622 1295 504 1310 397 1341 380 1336 533 1290 645
img04391.jpg 1395 891 1488 700 1478 526 1489 538 1414 728 1439 930 1485 533 1338 374 1314 358 1198 294 1268 612 1298 492 1317 382 1344 367 1339 521 1287 629
img04392.jpg 1396 890 1489 695 1478 521 1489 531 1418 724 1438 927 1486 527 1341 364 1320 347 1202 282 1270 603 1301 481 1323 369 1349 354 1342 511 1281 615
img04393.jpg 1398 891 1488 693 1477 519 1487 527 1423 722 1440 927 1484 523 1345 356 1325 338 1206 267 1273 590 1305 471 1328 358 1354 343 1347 502 1277 597
img04394.jpg 1398 888 1483 696 1472 522 1483 526 1430 720 1441 925 1481 523 1347 349 1330 333 1213 255 1277 579 1309 463 1335 348 1359 333 1352 493 1279 589
img04395.jpg 1399 888 1477 699 1466 525 1480 527 1434 719 1442 925 1476 523 1350 344 1333 323 1219 243 1284 572 1315 459 1341 340 1363 326 1359 484 1281 581
img04396.jpg 1400 888 1469 705 1458 531 1474 530 1437 720 1443 923 1468 528 1353 339 1339 318 1226 237 1289 565 1319 455 1347 333 1367 320 1365 477 1295 578
img04397.jpg 1401 887 1461 708 1450 535 1467 534 1442 722 1444 925 1461 531 1356 334 1340 311 1233 227 1292 559 1323 452 1354 327 1370 315 1372 471 1308 575
img04398.jpg 1402 888 1454 710 1443 537 1461 535 1445 723 1442 926 1454 533 1359 331 1344 306 1240 222 1297 554 1327 450 1361 321 1373 313 1378 463 1320 576
img04399.jpg 1405 887 1450 710 1438 537 1455 536 1445 721 1443 928 1449 534 1363 327 1349 300 1244 215 1300 550 1334 449 1367 316 1375 311 1384 461 1335 575
img04400.jpg 1405 887 1447 710 1435 537 1450 537 1446 722 1443 928 1445 535 1368 323 1352 295 1249 210 1301 545 1339 449 1370 312 1378 310 1390 460 1346 575
img04401.jpg 1405 885 1446 710 1435 537 1447 538 1446 721 1443 929 1443 534 1373 320 1358 293 1255 202 1301 542 1341 446 1372 309 1382 308 1399 457 1346 569
img04402.jpg 1406 887 1446 711 1434 538 1446 537 1445 721 1441 931 1442 532 1377 317 1362 290 1262 196 1300 539 1345 445 1373 308 1385 307 1405 454 1347 565
img04403.jpg 1403 885 1445 711 1433 539 1445 537 1444 720 1442 929 1441 532 1381 315 1365 287 1267 193 1297 533 1348 445 1373 308 1388 305 1412 453 1347 560
img04404.jpg 1401 886 1443 713 1431 540 1444 537 1444 722 1442 929 1440 532 1384 313 1366 285 1273 189 1296 527 1347 443 1373 308 1392 303 1418 448 1349 553
img04405.jpg 1401 888 1440 714 1428 542 1444 537 1443 722 1441 928 1438 531 1386 312 1369 282 1279 183 1296 524 1346 443 1373 309 1396 301 1424 445 1351 547
img04406.jpg 1400 888 1436 715 1424 543 1444 536 1442 720 1441 929 1436 530 1388 311 1368 279 1281 180 1295 519 1348 441 1372 310 1400 300 1429 444 1354 543
img04407.jpg 1398 889 1432 715 1419 542 1444 536 1442 718 1442 926 1433 531 1390 311 1369 279 1285 176 1296 515 1349 439 1370 311 1404 299 1433 442 1355 538
img04408.jpg 1399 889 1430 714 1415 542 1444 535 1441 718 1443 926 1431 529 1392 310 1370 278 1291 170 1297 510 1350 435 1366 314 1408 298 1437 438 1355 534
img04409.jpg 1401 887 1427 713 1411 540 1445 533 1441 717 1442 925 1430 528 1394 310 1371 279 1298 166 1298 507 1351 434 1361 318 1412 298 1439 437 1354 531
img04410.jpg 1402 886 1425 710 1408 538 1446 530 1440 717 1440 927 1429 527 1395 310 1372 280 1304 164 1297 502 1351 431 1356 320 1415 298 1440 434 1351 529
img04411.jpg 1403 887 1424 709 1406 536 1447 529 1439 718 1439 926 1429 526 1395 310 1376 280 1313 159 1297 497 1349 431 1351 322 1417 298 1439 431 1349 528
img04412.jpg 1404 889 1422 708 1404 534 1448 527 1437 720 1440 928 1430 524 1395 310 1380 277 1319 156 1298 494 1346 431 1348 323 1419 297 1440 431 1346 524
img04413.jpg 1407 889 1418 710 1403 532 1447 525 1434 720 1440 928 1430 523 1395 309 1382 275 1322 153 1297 493 1346 432 1347 323 1421 297 1440 432 1346 520
img04414.jpg 1407 891 1416 709 1400 533 1445 525 1431 721 1440 928 1429 522 1395 309 1383 271 1325 149 1294 490 1346 429 1347 322 1423 296 1444 429 1346 517
img04415.jpg 1407 890 1416 710 1397 533 1443 525 1431 720 1440 927 1427 522 1396 308 1386 269 1328 146 1294 488 1346 427 1347 320 1425 294 1444 430 1346 515
img04416.jpg 1407 889 1416 712 1394 534 1441 525 1431 718 1440 926 1425 523 1396 308 1385 269 1330 146 1293 486 1345 427 1348 320 1427 294 1446 430 1348 513
img04417.jpg 1406 888 1416 711 1391 535 1439 525 1431 717 1437 925 1422 525 1397 308 1384 270 1332 142 1291 484 1344 425 1349 321 1429 294 1447 431 1350 509
img04418.jpg 1403 889 1416 708 1388 537 1437 526 1431 717 1438 924 1420 526 1397 308 1384 270 1335 141 1291 482 1341 423 1350 322 1431 294 1447 432 1350 507
img04419.jpg 1401 889 1416 707 1386 538 1436 526 1432 717 1438 923 1417 526 1397 308 1385 269 1338 141 1291 482 1338 423 1351 322 1432 293 1444 435 1350 504
img04420.jpg 1400 889 1413 706 1384 538 1435 526 1428 719 1438 924 1416 527 1396 308 1384 271 1340 139 1287 482 1337 422 1350 322 1432 293 1444 435 1350 501
img04421.jpg 1401 886 1411 706 1383 538 1434 527 1426 718 1439 924 1414 527 1395 308 1385 270 1344 137 1284 481 1338 421 1349 321 1433 293 1442 434 1347 500
img04422.jpg 1400 883 1406 707 1382 537 1434 528 1425 717 1441 924 1413 527 1395 306 1384 267 1347 138 1284 481 1337 421 1349 318 1434 292 1441 434 1346 500
img04423.jpg 1400 883 1403 708 1380 537 1433 529 1425 715 1441 924 1412 528 1395 305 1385 267 1350 139 1281 480 1337 420 1347 316 1436 291 1441 433 1347 498
img04424.jpg 1401 884 1401 709 1379 537 1432 530 1426 715 1441 925 1411 530 1395 304 1385 265 1354 137 1282 478 1338 418 1346 314 1438 292 1441 431 1344 499
img04425.jpg 1399 885 1402 710 1378 536 1431 530 1427 716 1443 923 1409 531 1395 303 1387 262 1358 137 1283 475 1336 419 1346 311 1440 292 1443 431 1346 500
img04426.jpg 1396 888 1402 710 1376 536 1431 529 1427 716 1443 923 1407 532 1394 303 1387 262 1362 137 1283 475 1333 416 1346 309 1442 292 1446 431 1346 500
img04427.jpg 1397 889 1403 708 1375 537 1431 528 1428 715 1443 921 1406 532 1393 303 1387 262 1365 137 1281 474 1334 415 1344 307 1443 292 1446 431 1343 502
img04428.jpg 1398 887 1404 708 1374 536 1432 526 1426 714 1441 921 1405 532 1392 303 1388 261 1369 135 1282 473 1332 414 1343 306 1445 293 1444 430 1341 502
img04429.jpg 1396 887 1402 707 1374 535 1432 526 1427 713 1439 921 1404 532 1391 302 1390 262 1371 134 1281 473 1330 415 1340 306 1446 293 1446 430 1343 501
img04430.jpg 1396 886 1402 705 1374 535 1433 526 1426 711 1439 923 1403 532 1390 302 1390 263 1374 134 1279 475 1331 411 1338 306 1446 293 1448 429 1343 500
img04431.jpg 1398 888 1401 705 1374 535 1433 527 1429 714 1438 925 1403 532 1391 302 1389 262 1377 133 1279 476 1331 412 1335 307 1447 293 1447 430 1343 500
img04432.jpg 1398 886 1401 706 1374 536 1432 529 1428 715 1437 923 1401 533 1391 302 1392 262 1379 133 1278 476 1327 412 1333 307 1447 294 1449 430 1345 497
img04433.jpg 1395 889 1398 704 1373 537 1432 530 1429 717 1438 923 1401 534 1390 303 1392 261 1383 132 1278 473 1328 412 1332 307 1448 295 1451 430 1349 498
img04434.jpg 1397 889 1400 707 1372 538 1432 531 1428 716 1440 920 1401 533 1390 303 1394 260 1384 133 1276 474 1325 412 1332 306 1449 297 1452 430 1350 499
img04435.jpg 1398 890 1398 709 1371 538 1431 530 1426 715 1441 919 1400 533 1389 303 1391 261 1385 135 1276 474 1322 414 1332 305 1451 299 1454 430 1351 499
img04436.jpg 1397 890 1397 710 1372 541 1430 531 1422 713 1444 918 1400 534 1388 304 1394 262 1384 136 1274 474 1321 413 1333 304 1454 301 1457 429 1353 496
img04437.jpg 1396 891 1399 710 1373 541 1429 531 1421 713 1443 922 1400 533 1388 304 1393 263 1387 135 1275 472 1321 413 1333 304 1455 301 1456 432 1353 497
img04438.jpg 1400 889 1403 711 1374 540 1428 531 1421 711 1443 920 1399 534 1388 304 1393 266 1387 135 1272 475 1318 412 1333 304 1456 302 1456 434 1350 500
img04439.jpg 1401 886 1401 712 1375 541 1427 531 1420 712 1441 923 1399 535 1389 304 1392 267 1389 136 1270 475 1320 413 1332 304 1456 302 1454 434 1351 497
img04440.jpg 1400 886 1402 711 1376 541 1428 532 1424 714 1439 923 1399 536 1391 304 1393 264 1387 135 1270 474 1319 412 1332 304 1455 302 1452 436 1350 498
img04441.jpg 1400 885 1403 708 1376 539 1429 532 1427 714 1440 924 1399 535 1392 305 1391 262 1385 134 1269 473 1321 409 1331 305 1452 301 1449 436 1348 500
img04442.jpg 1401 884 1401 706 1376 538 1431 531 1429 716 1441 924 1400 533 1393 305 1392 264 1380 138 1269 473 1321 409 1332 305 1450 301 1447 436 1346 501
img04443.jpg 1400 886 1400 705 1376 539 1433 530 1428 714 1440 926 1401 532 1394 306 1391 263 1373 140 1268 472 1324 408 1333 307 1448 302 1446 435 1345 500
img04444.jpg 1399 887 1402 703 1376 538 1436 529 1430 715 1442 924 1402 531 1393 307 1390 267 1362 144 1270 472 1323 405 1334 309 1445 302 1445 436 1341 503
img04445.jpg 1401 885 1401 703 1377 537 1438 526 1428 713 1444 925 1405 528 1392 309 1388 271 1354 148 1271 475 1324 407 1336 312 1443 303 1444 435 1339 503
img04446.jpg 1400 887 1400 704 1378 537 1441 524 1428 713 1443 924 1407 527 1391 310 1388 276 1344 153 1273 477 1323 410 1337 315 1441 305 1440 437 1338 502
img04447.jpg 1401 889 1401 706 1381 538 1445 523 1429 712 1444 923 1410 528 1389 312 1385 281 1333 157 1271 479 1323 411 1337 318 1438 306 1441 436 1339 504
img04448.jpg 1399 889 1399 707 1383 538 1448 523 1430 713 1445 923 1413 529 1387 313 1384 287 1322 164 1272 482 1322 414 1337 321 1434 308 1442 438 1337 506
img04449.jpg 1398 891 1401 709 1386 540 1451 523 1431 715 1443 924 1416 530 1385 315 1380 290 1311 169 1271 484 1322 418 1335 323 1431 310 1438 442 1335 509
img04450.jpg 1398 893 1404 708 1389 541 1453 524 1434 717 1443 923 1419 532 1383 317 1377 294 1298 176 1271 487 1322 418 1333 326 1426 311 1434 445 1332 515
img04451.jpg 1399 892 1408 710 1392 543 1455 524 1438 719 1441 925 1422 534 1381 319 1372 297 1286 184 1270 492 1321 420 1332 328 1421 314 1432 450 1330 522
img04452.jpg 1398 893 1410 708 1397 542 1457 522 1442 720 1439 925 1425 532 1378 323 1366 300 1275 189 1272 497 1319 423 1333 330 1415 317 1427 456 1328 529
img04453.jpg 1400 891 1414 707 1402 541 1459 518 1446 721 1437 926 1430 530 1374 326 1362 302 1264 198 1270 504 1319 426 1335 331 1408 320 1423 461 1325 536
img04454.jpg 1400 892 1415 707 1409 537 1463 511 1448 718 1438 927 1436 524 1370 330 1357 306 1255 205 1269 509 1319 431 1338 332 1400 324 1420 463 1322 541
img04455.jpg 1402 892 1416 704 1418 533 1469 505 1450 713 1439 926 1444 517 1366 335 1351 312 1246 212 1268 516 1319 437 1342 333 1393 329 1416 468 1320 548
img04456.jpg 1401 894 1417 703 1427 527 1475 500 1450 710 1440 925 1452 510 1362 340 1347 315 1238 219 1266 523 1322 444 1343 335 1386 333 1415 470 1316 554
img04457.jpg 1403 894 1420 707 1435 523 1481 499 1447 711 1440 925 1460 505 1358 345 1343 318 1230 230 1264 531 1323 449 1342 338 1379 338 1412 474 1312 559
img04458.jpg 1401 896 1421 711 1443 521 1485 500 1447 713 1441 924 1467 504 1354 350 1338 326 1221 237 1264 536 1324 457 1339 343 1373 343 1407 477 1310 568
img04459.jpg 1399 895 1422 713 1446 522 1487 506 1447 718 1442 924 1471 508 1351 354 1334 331 1214 248 1263 544 1322 462 1334 349 1369 349 1402 485 1308 579
img04460.jpg 1399 895 1424 717 1449 526 1487 517 1446 724 1442 927 1473 516 1348 359 1329 338 1209 260 1261 553 1321 470 1328 355 1365 354 1398 490 1306 588
img04461.jpg 1399 895 1422 720 1449 531 1488 525 1445 728 1442 929 1475 522 1346 364 1323 346 1199 272 1261 563 1317 476 1322 363 1362 359 1395 497 1303 600
img04462.jpg 1396 897 1418 718 1448 536 1490 533 1443 729 1442 927 1476 529 1342 370 1319 354 1190 285 1261 574 1313 484 1317 373 1359 364 1389 507 1302 613
img04463.jpg 1396 898 1415 717 1447 543 1492 540 1439 731 1444 927 1478 535 1337 378 1314 363 1184 299 1260 586 1311 491 1311 384 1357 369 1384 518 1301 623
img04464.jpg 1396 896 1412 716 1448 548 1496 544 1432 729 1442 927 1481 539 1333 386 1309 373 1178 314 1260 599 1306 502 1306 396 1355 375 1380 531 1299 633
img04465.jpg 1395 894 1404 714 1451 552 1499 547 1427 727 1439 924 1484 542 1328 396 1305 382 1172 330 1257 612 1302 512 1301 412 1352 382 1376 543 1295 647
img04466.jpg 1397 894 1399 713 1455 557 1503 552 1422 728 1439 923 1486 548 1324 406 1300 392 1171 346 1256 621 1300 524 1296 426 1350 389 1370 559 1293 658
img04467.jpg 1398 893 1394 714 1460 561 1506 558 1416 728 1438 927 1488 553 1321 417 1297 406 1172 362 1254 631 1297 536 1292 441 1348 398 1366 570 1290 670
img04468.jpg 1392 893 1387 713 1470 565 1508 565 1409 728 1437 924 1490 560 1319 427 1294 416 1171 377 1252 644 1292 549 1288 454 1346 407 1361 582 1287 684
img04469.jpg 1381 896 1379 714 1480 570 1508 574 1403 728 1435 921 1493 568 1318 438 1294 427 1171 390 1249 655 1290 558 1286 467 1344 418 1358 594 1285 700
img04470.jpg 1368 900 1372 717 1489 576 1507 583 1396 731 1434 918 1495 577 1317 449 1293 439 1171 402 1250 666 1287 568 1284 478 1341 429 1351 608 1282 714
img04471.jpg 1346 901 1365 719 1497 583 1504 593 1388 733 1434 914 1496 586 1316 460 1295 452 1172 415 1249 682 1283 580 1282 489 1339 439 1347 619 1278 729
img04472.jpg 1324 901 1358 722 1508 592 1501 603 1381 736 1435 914 1498 597 1315 472 1293 462 1171 425 1247 695 1281 591 1281 500 1337 450 1343 630 1268 734
img04473.jpg 1306 900 1351 724 1510 603 1499 614 1374 740 1436 918 1498 608 1313 485 1293 474 1171 437 1245 709 1279 601 1279 511 1335 461 1340 641 1266 745
img04474.jpg 1291 901 1345 728 1510 614 1496 625 1367 744 1435 919 1498 620 1310 498 1292 487 1170 449 1243 722 1276 613 1276 523 1334 472 1334 653 1263 758
img04475.jpg 1277 902 1338 732 1509 626 1496 638 1358 748 1435 923 1498 633 1307 511 1292 498 1171 460 1238 734 1272 624 1273 533 1334 483 1329 666 1261 768
img04476.jpg 1265 903 1334 737 1509 638 1495 651 1351 752 1438 930 1498 645 1305 522 1289 507 1168 469 1234 745 1269 635 1271 543 1333 494 1324 680 1258 780
img04477.jpg 1344 894 1371 743 1505 651 1495 663 1345 758 1437 930 1497 657 1303 533 1287 517 1167 478 1229 758 1265 646 1269 554 1333 506 1319 694 1261 801
img04478.jpg 1337 899 1367 750 1507 660 1494 675 1339 765 1434 932 1496 669 1301 542 1286 526 1166 486 1226 767 1264 654 1267 563 1333 517 1314 708 1256 815
img04479.jpg 1325 895 1360 750 1506 667 1494 686 1334 772 1434 940 1495 680 1300 550 1283 533 1164 493 1222 776 1262 661 1265 572 1332 527 1313 719 1253 826
img04480.jpg 1326 902 1358 757 1503 670 1492 696 1334 778 1437 947 1493 691 1299 556 1280 540 1160 500 1219 784 1261 669 1263 580 1332 536 1311 728 1251 837
img04481.jpg 1334 910 1358 763 1500 668 1491 705 1332 784 1434 952 1492 701 1299 563 1280 549 1161 508 1217 792 1257 675 1261 588 1332 543 1310 735 1249 846
img04482.jpg 1255 931 1315 768 1491 664 1489 714 1329 789 1431 959 1489 710 1299 569 1278 556 1159 515 1216 798 1255 680 1260 595 1332 551 1309 742 1247 855
img04483.jpg 1254 935 1308 772 1479 664 1487 718 1329 792 1433 962 1486 715 1299 575 1276 564 1158 523 1213 805 1252 691 1259 602 1332 558 1310 749 1250 862
img04484.jpg 1256 945 1303 778 1473 660 1485 724 1327 798 1435 967 1483 720 1299 582 1277 571 1159 529 1213 810 1249 698 1258 609 1332 564 1311 756 1252 869
img04485.jpg 1347 913 1350 777 1468 664 1482 729 1324 804 1435 973 1480 725 1298 588 1279 579 1161 537 1211 817 1247 704 1258 616 1332 572 1311 763 1254 877
img04486.jpg 1330 911 1338 777 1461 669 1479 733 1322 808 1437 976 1477 728 1298 594 1279 585 1162 542 1207 823 1246 709 1258 622 1332 579 1312 770 1256 885
img04487.jpg 1332 914 1339 781 1467 670 1476 735 1318 801 1425 974 1474 730 1297 599 1281 590 1164 547 1206 829 1244 716 1258 627 1331 586 1313 777 1259 892
img04488.jpg 1322 909 1334 779 1474 670 1474 745 1308 794 1401 976 1472 736 1296 604 1281 594 1165 551 1204 833 1242 717 1258 632 1331 591 1310 782 1255 897
img04489.jpg 1338 920 1343 789 1478 673 1472 754 1298 789 1378 978 1470 740 1295 608 1279 599 1163 556 1202 837 1242 719 1257 635 1331 596 1307 787 1251 901
img04490.jpg 1234 948 1283 789 1478 664 1466 755 1294 789 1377 978 1464 736 1293 612 1276 602 1160 558 1201 840 1240 722 1256 638 1329 602 1306 792 1253 906
img04491.jpg 1237 951 1280 791 1476 657 1462 754 1284 783 1364 976 1457 732 1291 616 1274 604 1159 560 1201 843 1241 724 1256 642 1327 606 1307 796 1256 912
img04492.jpg 1218 942 1266 784 1466 655 1458 754 1280 788 1369 979 1451 727 1290 619 1268 609 1153 564 1198 845 1241 725 1254 644 1325 610 1307 800 1258 916
img04493.jpg 1223 945 1266 785 1456 654 1453 746 1280 791 1384 977 1444 723 1289 623 1268 611 1153 566 1195 848 1240 728 1253 646 1323 613 1311 803 1267 921
img04494.jpg 1206 934 1254 776 1446 651 1450 734 1281 792 1402 972 1438 714 1287 625 1269 612 1155 567 1193 849 1240 729 1253 647 1321 615 1319 806 1284 926
img04495.jpg 1204 935 1254 779 1447 659 1455 732 1280 785 1396 969 1441 715 1287 627 1268 614 1154 569 1194 850 1240 730 1252 648 1322 615 1325 806 1293 927
img04496.jpg 1200 932 1253 778 1452 664 1459 731 1281 786 1403 969 1445 716 1287 628 1267 616 1153 570 1195 848 1239 731 1251 647 1324 614 1329 805 1300 926
img04497.jpg 1195 929 1253 778 1461 669 1463 728 1281 784 1407 967 1449 716 1286 627 1271 613 1158 567 1196 845 1239 731 1251 646 1326 613 1335 803 1309 925
img04498.jpg 1186 926 1250 778 1470 674 1466 727 1282 784 1410 967 1453 715 1286 626 1270 612 1157 565 1196 843 1238 731 1251 646 1327 612 1338 802 1314 924
img04499.jpg 1179 922 1248 778 1478 679 1470 730 1282 784 1410 969 1459 719 1286 624 1272 610 1159 563 1199 841 1238 731 1251 646 1329 610 1337 800 1314 922
img04500.jpg 1177 919 1248 776 1482 679 1469 731 1279 784 1410 970 1458 723 1286 622 1273 608 1161 560 1199 840 1236 731 1252 646 1329 609 1336 799 1312 921
img04501.jpg 1174 917 1246 775 1484 681 1468 732 1277 781 1407 969 1458 727 1286 620 1270 610 1157 563 1200 840 1234 731 1252 645 1329 609 1335 799 1312 920
img04502.jpg 1178 916 1247 774 1483 674 1467 734 1276 780 1407 969 1458 731 1287 620 1270 610 1158 562 1201 840 1233 730 1252 645 1329 608 1333 798 1310 919
img04503.jpg 1182 914 1248 772 1483 667 1467 739 1275 778 1401 971 1458 733 1288 619 1271 611 1160 562 1201 840 1234 727 1253 643 1328 608 1330 798 1307 919
img04504.jpg 1188 914 1248 771 1483 658 1467 744 1274 775 1395 974 1458 735 1289 616 1270 611 1159 562 1197 841 1235 726 1253 641 1328 607 1326 797 1302 918
img04505.jpg 1216 927 1262 780 1483 650 1467 744 1277 770 1399 971 1460 729 1290 614 1272 606 1161 557 1195 838 1237 721 1253 638 1327 606 1326 795 1303 916
img04506.jpg 1244 936 1277 787 1482 641 1467 743 1285 777 1419 969 1460 722 1291 610 1275 600 1164 551 1192 834 1237 716 1253 634 1326 603 1325 792 1303 913
img04507.jpg 1269 945 1291 796 1481 640 1467 741 1288 773 1425 965 1461 713 1292 603 1276 593 1166 544 1193 831 1238 711 1253 629 1324 599 1324 788 1304 908
img04508.jpg 1296 957 1306 806 1477 641 1468 733 1291 768 1435 958 1462 708 1292 595 1277 584 1168 534 1196 823 1238 705 1253 621 1326 589 1325 779 1305 899
img04509.jpg 1316 964 1318 812 1473 645 1468 724 1301 775 1445 950 1463 701 1294 586 1277 577 1167 527 1199 813 1240 697 1254 612 1328 578 1325 767 1306 887
img04510.jpg 1315 960 1319 809 1466 652 1467 720 1306 783 1446 945 1462 700 1295 576 1276 567 1167 516 1204 805 1241 689 1255 602 1330 566 1321 754 1298 873
img04511.jpg 1317 954 1321 803 1459 658 1467 710 1310 780 1435 940 1462 694 1298 564 1282 553 1173 502 1209 796 1244 679 1257 591 1332 552 1320 740 1296 859
img04512.jpg 1322 947 1323 798 1453 656 1468 700 1321 787 1434 936 1462 688 1300 551 1283 542 1175 491 1215 783 1248 669 1258 578 1335 537 1319 724 1293 842
img04513.jpg 1332 941 1328 793 1452 647 1467 687 1332 795 1433 934 1462 675 1302 537 1285 528 1177 477 1221 772 1254 657 1261 565 1335 522 1318 710 1294 827
img04514.jpg 1350 933 1336 786 1453 629 1467 668 1338 789 1433 934 1463 658 1304 524 1288 514 1180 462 1229 759 1258 645 1264 550 1336 508 1320 698 1299 812
img04515.jpg 1366 923 1343 779 1457 602 1468 643 1345 783 1434 933 1465 633 1305 510 1291 500 1184 448 1240 743 1266 631 1268 536 1336 493 1327 682 1310 797
img04516.jpg 1379 913 1350 775 1459 581 1470 622 1352 775 1432 931 1467 613 1306 495 1291 487 1184 434 1248 728 1272 615 1271 520 1337 478 1333 664 1321 779
img04517.jpg 1389 905 1352 770 1460 565 1473 598 1352 767 1434 932 1469 590 1309 481 1292 471 1184 418 1255 715 1278 600 1274 506 1337 462 1340 647 1320 754
img04518.jpg 1392 897 1356 767 1458 554 1476 576 1356 767 1433 931 1471 571 1311 466 1292 456 1182 404 1264 699 1282 583 1277 490 1338 447 1349 629 1331 739
img04519.jpg 1393 889 1356 760 1452 555 1477 563 1359 763 1433 929 1471 560 1314 450 1293 439 1179 383 1274 685 1288 568 1280 473 1339 430 1356 607 1343 721
img04520.jpg 1394 887 1359 755 1440 566 1475 558 1362 758 1431 929 1468 557 1317 434 1295 421 1180 365 1281 671 1292 555 1283 457 1340 415 1364 590 1354 702
img04521.jpg 1394 887 1359 746 1435 571 1470 556 1364 757 1432 928 1463 557 1319 419 1297 403 1180 343 1293 655 1299 541 1286 440 1342 400 1372 573 1365 687
img04522.jpg 1394 887 1364 739 1428 578 1462 562 1372 755 1430 926 1456 565 1322 403 1300 387 1186 320 1304 638 1303 527 1291 422 1344 385 1381 557 1387 680
img04523.jpg 1395 888 1367 730 1420 587 1451 572 1379 744 1433 924 1448 575 1326 389 1304 371 1192 296 1313 620 1309 514 1297 405 1346 371 1387 540 1396 660
img04524.jpg 1395 889 1372 729 1416 588 1441 579 1387 741 1433 923 1441 583 1329 376 1308 357 1201 278 1320 607 1317 502 1304 388 1349 359 1395 522 1401 641
img04525.jpg 1395 887 1381 728 1417 584 1434 582 1392 737 1433 922 1436 586 1333 364 1313 346 1207 257 1328 593 1325 490 1312 371 1352 347 1401 505 1407 628
img04526.jpg 1399 886 1393 728 1411 581 1430 581 1399 734 1435 922 1431 585 1339 353 1319 332 1218 237 1331 579 1330 479 1321 355 1355 336 1408 487 1411 612
img04527.jpg 1400 886 1403 728 1407 574 1429 577 1406 731 1436 925 1427 581 1343 343 1326 322 1228 224 1335 568 1337 469 1330 341 1360 327 1412 473 1415 598
img04528.jpg 1400 886 1412 728 1405 564 1429 568 1412 731 1435 924 1423 571 1347 335 1332 312 1237 211 1341 561 1341 460 1341 329 1367 319 1418 460 1418 585
img04529.jpg 1403 889 1423 724 1399 555 1430 559 1418 729 1437 924 1418 561 1352 327 1338 301 1249 197 1343 550 1343 451 1352 317 1373 312 1423 451 1423 575
img04530.jpg 1397 889 1427 725 1397 546 1427 546 1427 725 1441 918 1412 546 1352 323 1337 294 1248 189 1352 546 1344 446 1367 308 1382 308 1427 442 1427 561
