ResultRaw1 ResultRaw2 ResultRaw3 ResultRaw4 ResultRaw5 ResultRaw6 ResultRaw7 ResultRaw8 ResultRaw9 ResultRaw10 ResultRaw11 ResultRaw12 ResultRaw13 ResultRaw14 ResultRaw15 ResultRaw16 ResultRaw17 ResultRaw18 ResultRaw19 ResultRaw20 ResultRaw21 ResultRaw22 ResultRaw23 ResultRaw24 ResultRaw25 ResultRaw26 ResultRaw27 ResultRaw28 ResultRaw29 ResultRaw30 ResultRaw31 ResultRaw32 ResultRaw33
img07891.jpg 1533 931 1479 717 1461 503 1497 521 1479 735 1551 967 1479 503 1479 236 1461 183 1408 58 1461 521 1461 379 1461 236 1515 218 1515 379 1497 521
img07892.jpg 1550 939 1488 727 1460 508 1494 518 1476 733 1547 969 1477 508 1485 230 1464 185 1411 56 1458 515 1458 381 1463 234 1512 219 1517 380 1494 527
img07893.jpg 1552 938 1489 727 1461 511 1493 518 1465 734 1545 965 1477 511 1487 231 1461 187 1409 54 1464 518 1461 383 1464 234 1510 219 1521 376 1493 525
img07894.jpg 1561 940 1494 730 1461 513 1491 518 1456 733 1543 962 1477 513 1489 231 1463 188 1411 53 1462 518 1464 384 1465 234 1509 220 1522 376 1494 525
img07895.jpg 1564 941 1497 732 1463 515 1489 519 1444 732 1538 959 1479 515 1489 232 1462 188 1409 52 1461 520 1468 385 1466 234 1509 221 1524 377 1493 526
img07896.jpg 1567 940 1498 731 1463 516 1488 518 1429 728 1536 953 1481 516 1489 233 1460 191 1408 52 1460 520 1472 384 1466 235 1509 223 1526 374 1495 523
img07897.jpg 1576 938 1503 730 1463 515 1487 516 1411 725 1533 942 1483 515 1488 234 1461 190 1407 55 1458 522 1473 385 1466 235 1509 224 1526 376 1496 522
img07898.jpg 1570 940 1501 731 1464 514 1487 514 1394 715 1527 927 1484 514 1488 234 1462 193 1408 57 1451 523 1471 386 1465 234 1510 226 1527 377 1497 524
img07899.jpg 1564 940 1499 730 1464 512 1487 510 1376 704 1516 912 1485 512 1488 233 1460 193 1406 57 1452 521 1467 384 1464 233 1510 227 1528 379 1498 525
img07900.jpg 1561 943 1498 733 1465 510 1489 507 1356 692 1509 891 1487 509 1486 232 1461 195 1405 59 1453 520 1464 383 1462 232 1510 227 1530 379 1501 524
img07901.jpg 1561 946 1499 736 1467 510 1489 505 1341 679 1509 898 1487 507 1484 231 1460 191 1406 59 1459 518 1461 381 1461 231 1509 226 1531 381 1502 525
img07902.jpg 1562 949 1501 738 1468 510 1489 503 1330 666 1512 911 1486 506 1482 231 1459 189 1405 57 1464 512 1460 378 1460 231 1508 225 1534 380 1505 529
img07903.jpg 1565 952 1504 741 1469 510 1489 501 1337 671 1517 928 1486 504 1480 231 1459 190 1402 60 1468 508 1459 375 1459 231 1507 224 1535 383 1506 528
img07904.jpg 1570 954 1507 744 1469 509 1487 502 1368 685 1529 944 1485 504 1478 231 1459 191 1399 62 1470 506 1460 373 1458 231 1507 222 1535 381 1507 529
img07905.jpg 1569 950 1506 740 1468 508 1484 503 1401 703 1539 968 1483 504 1476 231 1458 190 1400 61 1467 504 1459 371 1457 232 1507 222 1532 379 1510 531
img07906.jpg 1567 949 1503 739 1465 506 1481 504 1394 697 1540 966 1480 504 1475 232 1459 190 1397 63 1463 503 1457 369 1455 233 1507 222 1530 378 1511 531
img07907.jpg 1562 949 1500 739 1462 505 1477 505 1388 691 1539 964 1477 505 1473 233 1455 190 1397 64 1459 504 1455 368 1453 235 1506 222 1526 380 1510 528
img07908.jpg 1553 950 1494 739 1459 505 1474 507 1366 674 1496 938 1474 507 1472 234 1454 189 1395 63 1456 503 1454 369 1450 237 1504 223 1524 379 1511 527
img07909.jpg 1545 950 1489 739 1456 504 1471 507 1322 651 1448 914 1470 507 1470 235 1451 189 1397 64 1455 505 1452 370 1448 239 1502 226 1524 381 1512 527
img07910.jpg 1538 952 1484 740 1454 505 1468 508 1280 628 1398 892 1467 508 1468 237 1449 192 1395 66 1457 506 1451 371 1446 240 1501 227 1525 386 1509 525
img07911.jpg 1534 954 1483 742 1454 506 1467 508 1280 631 1347 875 1465 508 1466 238 1448 196 1393 65 1460 507 1451 372 1445 240 1499 229 1524 387 1508 528
img07912.jpg 1527 951 1479 738 1454 506 1465 508 1279 634 1293 857 1463 508 1464 239 1447 199 1393 67 1461 509 1449 372 1443 240 1498 231 1524 385 1508 530
img07913.jpg 1525 948 1478 735 1453 507 1464 507 1281 636 1278 866 1462 507 1463 240 1445 201 1390 67 1460 509 1446 372 1441 241 1497 233 1520 386 1504 533
img07914.jpg 1524 948 1477 735 1453 507 1462 507 1282 638 1268 873 1461 507 1461 242 1444 201 1386 67 1460 509 1444 372 1439 242 1495 234 1516 388 1500 532
img07915.jpg 1526 948 1474 734 1451 508 1460 508 1285 641 1258 880 1459 508 1459 243 1444 202 1381 69 1453 511 1441 372 1438 242 1493 235 1514 388 1497 534
img07916.jpg 1524 949 1470 732 1448 508 1457 510 1287 643 1249 883 1458 509 1457 245 1440 202 1380 68 1441 514 1438 374 1435 244 1489 236 1510 389 1493 532
img07917.jpg 1524 956 1465 736 1444 508 1454 512 1289 648 1244 890 1456 509 1455 247 1438 203 1377 71 1426 514 1437 375 1434 245 1486 237 1506 390 1489 533
img07918.jpg 1525 962 1461 740 1439 507 1451 513 1290 652 1238 895 1453 510 1453 249 1437 203 1375 70 1407 520 1435 378 1431 246 1482 237 1505 392 1485 532
img07919.jpg 1530 964 1458 742 1433 505 1449 514 1291 659 1235 899 1451 509 1451 250 1433 203 1370 71 1388 522 1434 379 1427 246 1478 237 1503 391 1482 534
img07920.jpg 1535 961 1458 741 1426 505 1447 514 1292 665 1293 910 1448 510 1448 250 1427 202 1368 71 1374 522 1434 380 1424 246 1473 237 1496 392 1475 533
img07921.jpg 1539 960 1457 742 1420 505 1444 514 1292 670 1290 917 1445 510 1445 249 1426 203 1364 73 1364 522 1433 380 1422 244 1468 237 1491 395 1470 536
img07922.jpg 1541 957 1455 740 1415 506 1440 513 1294 676 1286 924 1440 512 1442 249 1421 203 1359 70 1359 523 1432 381 1419 244 1462 238 1485 400 1465 536
img07923.jpg 1541 953 1452 738 1409 509 1434 515 1294 684 1287 933 1434 514 1437 250 1415 203 1358 72 1358 520 1433 380 1416 244 1455 239 1479 399 1462 536
img07924.jpg 1537 951 1446 736 1406 513 1426 516 1296 692 1285 943 1426 517 1431 251 1409 205 1355 71 1355 522 1432 383 1414 245 1447 241 1473 398 1456 538
img07925.jpg 1531 954 1441 739 1401 516 1415 518 1296 702 1225 948 1417 520 1423 253 1404 206 1353 71 1350 527 1422 384 1411 247 1440 243 1468 399 1451 543
img07926.jpg 1526 952 1437 740 1397 519 1405 522 1296 713 1228 959 1409 523 1415 256 1396 209 1347 72 1354 535 1416 388 1406 250 1432 247 1460 401 1447 545
img07927.jpg 1525 950 1435 742 1392 524 1395 526 1292 721 1234 971 1401 527 1406 258 1389 211 1340 72 1358 544 1408 392 1399 253 1423 249 1451 405 1438 547
img07928.jpg 1527 948 1432 744 1386 528 1385 529 1291 730 1238 981 1393 531 1396 259 1379 211 1333 74 1360 551 1399 397 1391 255 1411 252 1442 409 1428 550
img07929.jpg 1526 948 1430 748 1380 532 1374 532 1287 738 1244 988 1384 535 1385 261 1369 215 1322 72 1363 556 1387 399 1381 256 1398 254 1430 416 1419 555
img07930.jpg 1527 947 1422 749 1372 536 1362 535 1285 742 1245 991 1375 538 1372 260 1357 217 1310 73 1367 558 1383 403 1368 256 1385 256 1418 416 1411 557
img07931.jpg 1525 948 1416 748 1363 540 1350 537 1281 744 1245 995 1364 540 1359 260 1343 218 1299 73 1358 554 1372 404 1355 255 1370 257 1405 414 1401 559
img07932.jpg 1525 948 1406 748 1354 541 1338 538 1275 748 1246 996 1352 540 1344 258 1325 218 1289 73 1349 550 1361 405 1341 254 1355 257 1391 411 1391 559
img07933.jpg 1519 945 1394 747 1342 541 1328 537 1270 747 1248 997 1340 539 1329 258 1314 221 1273 71 1338 546 1348 406 1324 253 1341 256 1376 415 1380 561
img07934.jpg 1513 940 1379 744 1330 540 1318 537 1266 748 1244 998 1328 537 1314 256 1299 215 1263 74 1324 545 1337 407 1307 253 1327 254 1364 411 1368 559
img07935.jpg 1504 934 1368 743 1316 541 1309 537 1259 750 1248 999 1316 537 1300 262 1285 213 1248 72 1312 544 1330 410 1291 259 1316 260 1350 411 1353 559
img07936.jpg 1494 924 1348 742 1302 542 1302 538 1251 752 1251 999 1305 536 1288 268 1269 210 1237 71 1308 552 1316 418 1276 266 1305 265 1341 413 1337 560
img07937.jpg 1478 910 1330 738 1288 541 1293 537 1250 757 1250 1002 1292 534 1275 274 1269 244 1236 105 1299 559 1303 426 1262 272 1294 270 1331 416 1322 567
img07938.jpg 1461 892 1310 735 1273 541 1283 537 1247 759 1247 1002 1279 533 1264 278 1254 238 1226 101 1287 564 1291 434 1251 277 1283 276 1319 411 1307 568
img07939.jpg 1439 877 1290 734 1260 540 1274 536 1241 758 1244 1001 1267 533 1253 283 1241 236 1214 98 1275 564 1278 442 1241 282 1272 283 1307 411 1289 567
img07940.jpg 1415 862 1267 731 1248 536 1265 533 1239 755 1241 1002 1256 531 1242 273 1231 233 1204 95 1261 561 1262 444 1231 273 1259 275 1297 412 1276 564
img07941.jpg 1389 853 1246 728 1236 532 1257 530 1237 754 1240 1000 1245 529 1231 264 1222 232 1192 94 1240 548 1252 438 1220 265 1246 268 1285 407 1264 563
img07942.jpg 1362 850 1224 729 1225 531 1250 530 1237 749 1239 995 1237 530 1221 256 1203 197 1169 57 1224 535 1242 430 1212 256 1234 261 1271 405 1256 557
img07943.jpg 1335 853 1202 730 1215 531 1244 530 1236 749 1239 993 1231 532 1211 249 1195 198 1158 59 1215 526 1235 421 1203 248 1223 254 1260 404 1245 559
img07944.jpg 1307 855 1180 730 1205 531 1237 531 1236 749 1243 993 1224 533 1202 241 1187 197 1149 58 1207 520 1227 411 1195 240 1214 246 1250 407 1237 560
img07945.jpg 1279 857 1158 730 1195 532 1230 532 1233 753 1243 993 1217 534 1195 241 1181 199 1142 60 1198 520 1217 405 1188 238 1205 246 1240 404 1226 565
img07946.jpg 1252 858 1136 731 1185 533 1223 533 1232 751 1242 992 1210 536 1188 241 1174 200 1132 62 1188 524 1209 403 1181 238 1197 247 1229 403 1215 565
img07947.jpg 1225 857 1115 730 1176 534 1214 534 1226 753 1243 994 1201 537 1181 241 1164 199 1124 63 1178 526 1199 403 1173 237 1189 247 1222 396 1205 566
img07948.jpg 1196 862 1095 728 1167 535 1206 535 1220 757 1244 993 1191 537 1174 242 1154 200 1116 63 1168 529 1189 403 1166 237 1181 248 1213 396 1195 564
img07949.jpg 1167 874 1074 726 1158 536 1198 535 1216 762 1244 993 1180 537 1166 245 1145 204 1107 64 1156 532 1178 405 1158 237 1173 250 1205 390 1184 565
img07950.jpg 1137 893 1058 726 1149 538 1187 536 1212 762 1244 996 1170 538 1158 248 1137 205 1094 64 1147 533 1167 407 1149 238 1165 252 1197 393 1176 563
img07951.jpg 1105 913 1047 727 1138 540 1177 537 1204 768 1240 996 1159 540 1149 251 1128 206 1084 61 1138 530 1157 409 1141 240 1156 254 1190 391 1168 565
img07952.jpg 1078 938 1038 732 1126 542 1166 539 1201 772 1241 999 1148 542 1140 255 1121 209 1073 63 1127 533 1146 414 1133 243 1146 256 1179 402 1157 567
img07953.jpg 1049 955 1036 737 1114 545 1153 540 1198 770 1242 998 1137 545 1131 258 1113 212 1062 65 1113 537 1135 418 1123 247 1135 258 1172 406 1150 572
img07954.jpg 1025 968 1035 746 1101 548 1140 544 1189 768 1241 1000 1126 548 1120 259 1105 216 1050 69 1098 543 1125 420 1113 250 1124 259 1160 415 1142 573
img07955.jpg 1004 980 1032 758 1087 553 1128 548 1179 769 1242 996 1113 552 1110 261 1091 218 1040 75 1077 550 1111 425 1102 254 1114 261 1146 420 1132 578
img07956.jpg 992 986 1027 769 1075 558 1113 552 1169 769 1242 995 1099 557 1098 264 1078 221 1030 78 1063 558 1097 431 1091 257 1103 262 1133 429 1122 583
img07957.jpg 976 991 1020 774 1061 563 1098 555 1157 770 1241 991 1085 560 1086 265 1068 223 1020 80 1050 563 1088 430 1078 259 1093 263 1120 429 1112 583
img07958.jpg 974 999 1012 781 1049 566 1084 559 1140 770 1239 993 1072 561 1075 267 1056 225 1008 82 1038 566 1077 433 1066 260 1081 263 1104 430 1100 583
img07959.jpg 965 1002 1002 784 1036 568 1069 560 1122 769 1233 989 1059 562 1064 268 1046 221 999 83 1022 566 1063 434 1055 260 1070 263 1089 427 1086 582
img07960.jpg 961 1001 992 782 1024 567 1054 560 1104 772 1228 986 1045 561 1052 267 1036 221 985 82 1016 562 1049 433 1042 260 1057 261 1079 425 1071 579
img07961.jpg 978 1004 995 780 1013 565 1042 559 1070 773 1173 987 1033 559 1040 267 1023 217 973 82 1003 557 1037 428 1030 259 1045 261 1066 423 1056 573
img07962.jpg 990 1000 996 776 1004 562 1031 558 1038 772 1119 991 1022 558 1028 267 1010 215 961 81 990 552 1024 424 1019 259 1033 260 1056 423 1038 571
img07963.jpg 986 997 990 773 996 559 1020 556 1011 776 1107 982 1012 556 1015 267 997 212 947 81 979 546 1011 420 1008 259 1021 260 1047 417 1022 570
img07964.jpg 988 994 988 768 990 555 1010 556 988 779 1056 986 1003 553 1003 267 984 211 938 79 971 543 1000 419 998 259 1009 260 1038 415 1005 568
img07965.jpg 984 989 984 764 987 551 1001 554 963 778 1036 979 997 551 992 268 973 210 926 78 960 540 992 416 989 259 998 261 1027 408 988 566
img07966.jpg 955 985 968 760 983 547 992 553 954 778 1066 968 990 547 982 266 965 212 914 79 952 539 984 415 979 259 987 259 1018 403 972 561
img07967.jpg 930 985 953 760 978 544 984 550 939 775 1087 958 985 542 973 265 953 212 906 79 941 532 976 415 970 259 976 257 1011 400 954 555
img07968.jpg 914 983 943 758 974 540 977 547 925 773 1043 970 980 538 965 262 947 211 900 79 928 525 968 415 961 257 967 256 1004 401 936 544
img07969.jpg 911 983 939 759 970 537 973 542 911 773 1049 961 974 534 958 261 940 210 890 76 917 518 962 415 952 256 958 254 996 398 919 533
img07970.jpg 902 984 932 760 966 534 968 539 901 771 1024 971 969 530 952 259 933 211 884 74 897 503 952 410 943 256 952 253 992 400 902 523
img07971.jpg 904 984 931 759 961 532 963 537 893 770 997 983 963 527 946 258 928 210 879 71 874 492 943 408 935 255 946 252 987 402 883 513
img07972.jpg 909 982 931 757 956 532 958 535 893 771 973 994 956 526 940 258 924 207 872 72 853 487 933 405 929 256 941 253 980 399 865 500
img07973.jpg 916 983 932 757 951 531 953 535 894 771 973 995 949 524 936 260 918 210 865 71 837 485 926 405 924 257 937 253 973 402 848 489
img07974.jpg 914 983 927 757 943 532 946 536 895 771 965 1004 941 523 931 261 913 212 860 72 820 481 920 402 919 257 933 254 969 406 831 479
img07975.jpg 928 982 930 756 935 532 940 535 898 774 958 1012 933 523 926 263 908 208 858 73 806 478 915 404 916 257 928 254 958 407 816 464
img07976.jpg 932 981 928 755 927 531 934 534 899 773 953 1017 926 522 921 264 902 209 856 73 789 470 909 403 914 256 925 256 952 410 802 453
img07977.jpg 931 982 924 756 920 529 927 533 899 774 953 1018 920 520 918 265 899 209 852 72 771 460 902 403 910 255 920 256 942 410 787 443
img07978.jpg 939 984 925 757 915 527 920 532 900 771 950 1022 916 520 914 265 896 209 850 72 750 446 893 400 907 254 916 257 929 409 775 434
img07979.jpg 946 983 927 757 912 525 916 529 900 767 947 1026 914 518 911 266 893 209 850 73 730 432 883 399 903 254 913 256 915 407 764 425
img07980.jpg 944 983 925 757 910 521 911 528 901 765 944 1026 913 517 909 265 890 211 848 74 719 428 879 399 901 252 909 257 901 404 751 422
img07981.jpg 944 985 924 759 908 518 906 526 903 765 943 1027 911 515 906 265 889 210 845 76 711 425 875 398 898 251 906 256 886 400 741 417
img07982.jpg 946 985 925 759 907 516 903 525 903 761 939 1026 909 514 903 263 886 212 845 74 711 430 874 396 897 250 903 255 876 400 735 418
img07983.jpg 941 984 922 757 906 513 900 524 903 762 943 1025 907 512 901 263 886 211 845 74 716 429 873 394 896 248 901 254 869 396 725 416
img07984.jpg 933 983 916 757 903 511 897 525 904 763 946 1025 903 511 898 262 884 211 845 76 719 432 869 392 896 247 898 253 862 397 720 420
img07985.jpg 925 985 911 758 900 511 894 524 906 762 953 1023 899 511 896 262 883 210 842 76 717 432 864 391 895 247 897 253 858 397 715 423
img07986.jpg 918 985 905 758 896 511 891 525 908 765 960 1025 896 511 894 262 882 208 843 73 721 433 861 388 894 246 896 253 853 397 709 426
img07987.jpg 913 983 901 756 893 511 888 525 910 768 969 1027 893 511 892 263 882 209 841 75 721 429 858 388 892 247 895 253 847 396 707 428
img07988.jpg 910 980 898 753 889 512 886 526 908 770 965 1029 889 512 890 263 877 206 840 77 717 432 855 387 891 247 894 254 843 397 707 431
img07989.jpg 910 977 896 749 887 511 884 526 907 770 966 1029 888 511 888 262 876 205 837 75 718 433 854 386 890 247 894 254 843 398 705 432
img07990.jpg 911 972 896 745 886 511 883 527 904 773 961 1032 888 511 887 261 873 207 837 75 721 434 854 384 889 247 893 254 840 399 705 433
img07991.jpg 913 969 896 742 884 510 882 526 903 772 960 1031 886 510 887 259 873 207 835 76 715 434 851 383 888 246 892 255 840 398 706 434
img07992.jpg 912 969 896 742 884 511 883 527 900 769 953 1030 887 511 887 258 870 206 834 75 711 437 849 383 887 246 891 255 840 398 705 434
img07993.jpg 911 970 894 743 882 511 883 525 900 768 952 1029 886 511 887 257 869 209 833 74 703 439 846 382 884 246 891 255 842 398 704 434
img07994.jpg 911 971 893 744 881 512 882 524 900 769 952 1029 885 512 887 256 869 210 832 73 697 440 845 381 882 246 890 255 842 396 704 436
img07995.jpg 910 973 893 746 880 513 882 522 900 768 952 1029 885 513 886 256 869 210 832 72 693 440 841 383 881 247 889 256 844 394 703 436
img07996.jpg 909 975 892 747 879 514 882 522 898 769 950 1030 884 514 886 255 868 209 834 71 697 441 844 385 880 248 888 255 843 397 702 437
img07997.jpg 909 975 891 748 878 514 880 522 899 768 952 1029 882 514 885 254 868 209 834 71 699 438 846 386 880 248 887 256 846 395 700 438
img07998.jpg 908 975 890 748 878 514 878 524 900 768 957 1028 881 514 885 254 870 208 833 71 702 434 844 390 881 248 887 256 845 397 699 439
img07999.jpg 907 975 889 748 876 513 878 526 900 769 958 1029 880 513 885 254 868 208 834 72 704 431 841 394 882 249 886 256 846 398 701 437
img08000.jpg 904 975 886 748 873 512 877 528 902 770 962 1029 878 512 886 254 869 207 833 72 704 429 840 396 883 249 887 257 845 400 704 436
img08001.jpg 903 975 884 748 871 512 877 529 901 767 960 1027 877 512 886 255 868 207 832 74 703 425 835 398 884 248 888 257 847 400 705 436
img08002.jpg 901 976 882 749 869 513 877 531 902 771 962 1030 876 513 886 256 869 208 830 76 704 421 831 400 884 248 888 258 848 401 710 434
img08003.jpg 899 978 880 751 867 514 878 533 900 770 957 1030 876 515 885 258 866 209 830 75 713 420 835 398 884 248 888 259 848 401 714 429
img08004.jpg 899 980 880 753 867 516 878 534 900 770 957 1030 875 517 884 259 868 211 831 75 722 424 839 398 884 248 887 259 849 402 716 427
img08005.jpg 901 982 882 755 868 517 878 535 899 769 955 1029 876 519 883 260 867 211 832 73 726 425 840 399 883 249 886 259 851 402 720 421
img08006.jpg 904 983 884 756 870 518 878 536 898 770 954 1031 876 520 882 261 866 211 831 74 727 426 841 400 882 249 887 259 853 402 723 415
img08007.jpg 907 984 886 756 872 518 877 536 896 769 950 1030 876 521 880 262 864 211 832 73 727 427 842 400 882 249 887 259 854 405 723 409
img08008.jpg 909 986 889 759 874 518 877 536 899 770 955 1030 876 521 880 262 864 212 832 76 721 427 841 403 881 249 888 259 854 407 725 404
img08009.jpg 913 984 891 756 875 518 877 535 896 769 950 1030 876 520 880 261 865 210 830 74 714 420 839 402 880 249 890 259 856 407 727 398
img08010.jpg 922 980 895 753 875 517 879 535 898 767 953 1028 876 518 880 261 866 211 830 74 712 414 841 400 881 250 891 259 856 408 727 395
img08011.jpg 923 980 895 753 874 517 880 534 901 766 957 1027 876 517 882 261 869 214 830 75 708 408 842 398 881 250 891 258 856 408 727 391
img08012.jpg 925 977 895 751 872 517 881 533 904 764 962 1025 875 517 885 261 872 214 830 75 705 401 843 397 881 251 892 257 856 405 727 389
img08013.jpg 928 974 895 748 870 518 882 532 901 764 955 1026 876 518 887 260 875 215 830 75 703 393 844 395 882 252 892 256 859 405 726 389
img08014.jpg 929 975 895 749 868 518 884 531 901 765 953 1027 877 518 889 260 876 215 831 76 700 385 845 393 883 253 893 255 860 405 724 389
img08015.jpg 927 977 894 750 868 519 884 530 900 766 950 1028 878 520 889 260 875 215 831 80 701 385 850 395 882 254 894 254 862 404 724 388
img08016.jpg 930 977 896 751 869 520 885 530 899 767 948 1026 879 522 888 259 876 215 831 79 698 382 850 397 882 254 896 255 863 405 728 389
img08017.jpg 932 980 898 754 870 521 884 529 898 771 946 1027 880 523 887 259 877 213 831 80 699 381 854 399 883 254 898 256 864 405 732 388
img08018.jpg 934 978 899 752 872 521 885 530 899 771 948 1019 880 524 886 259 876 212 833 79 699 380 858 400 883 253 899 256 863 403 734 387
img08019.jpg 936 976 901 750 874 523 885 530 901 773 951 1010 880 524 886 259 874 212 834 79 700 379 860 402 884 253 900 257 861 402 734 385
img08020.jpg 938 975 902 748 874 522 886 528 902 774 951 1003 880 522 886 259 876 213 836 77 699 373 858 402 885 251 902 257 859 402 735 386
img08021.jpg 938 974 903 748 875 521 886 527 903 773 951 997 881 521 887 259 874 212 839 76 701 371 861 400 887 250 902 256 858 400 734 384
img08022.jpg 938 970 903 743 877 521 886 526 903 771 950 989 881 521 888 258 872 213 841 73 701 368 860 399 888 249 903 255 857 402 732 383
img08023.jpg 935 971 903 744 879 521 886 526 906 772 950 995 883 521 890 258 874 211 843 73 703 363 860 397 890 249 902 254 859 402 733 383
img08024.jpg 931 973 902 745 882 521 886 526 905 770 950 1003 884 521 891 257 877 208 845 72 708 361 862 393 892 249 902 253 861 405 734 383
img08025.jpg 924 975 901 746 888 522 885 528 904 769 950 1008 885 524 893 256 879 208 847 73 717 363 863 393 893 248 901 253 863 408 734 379
img08026.jpg 920 974 900 746 890 523 885 529 907 768 949 1014 887 524 893 255 880 206 848 72 727 367 864 393 894 248 900 252 864 409 733 376
img08027.jpg 915 976 898 747 891 523 886 530 908 770 948 1021 888 524 893 255 882 205 849 73 736 371 865 389 893 247 900 251 866 407 733 374
img08028.jpg 916 978 900 749 892 521 887 530 907 769 949 1015 889 523 895 254 881 204 848 73 744 379 863 391 893 247 900 251 864 408 733 369
img08029.jpg 918 979 901 750 892 520 888 530 907 769 948 1007 890 522 896 253 881 205 846 75 748 381 864 389 893 246 900 251 862 406 735 367
img08030.jpg 922 980 901 751 889 519 891 529 911 770 949 1006 889 521 896 253 881 203 845 72 745 377 864 385 893 247 901 251 862 405 738 366
img08031.jpg 925 980 901 751 887 520 891 528 908 770 949 1005 889 521 897 254 882 204 846 74 741 375 866 385 893 248 902 252 860 404 740 365
img08032.jpg 930 979 903 751 886 521 891 528 907 770 951 1004 888 522 897 256 884 204 848 75 737 369 868 386 894 248 903 252 858 404 742 365
img08033.jpg 931 980 903 752 885 523 891 527 907 768 948 1009 888 524 896 258 887 204 848 74 734 360 871 386 894 248 904 252 861 405 745 366
img08034.jpg 933 982 904 754 885 524 891 526 908 767 947 1015 889 524 895 261 885 207 849 73 731 356 872 390 894 248 904 252 862 405 745 363
img08035.jpg 935 981 906 753 887 525 891 526 906 766 948 1013 890 525 895 261 884 208 849 76 731 350 874 391 894 248 905 252 861 403 746 361
img08036.jpg 932 979 905 750 889 525 893 525 905 767 948 1015 891 525 895 262 883 209 848 73 732 343 877 390 895 247 905 251 864 406 748 357
img08037.jpg 931 980 905 752 890 524 895 524 905 765 948 1015 891 524 896 261 883 208 847 72 737 341 879 391 895 247 905 251 863 407 749 354
img08038.jpg 929 980 904 751 890 524 896 524 904 767 950 1015 891 524 898 260 882 208 849 71 739 340 882 390 897 248 904 250 859 406 751 354
img08039.jpg 930 980 904 751 888 523 897 523 904 768 953 1015 891 523 901 259 885 205 852 71 739 338 882 390 898 248 904 250 859 407 754 351
img08040.jpg 931 978 903 750 886 522 896 522 903 767 952 1017 890 522 903 259 887 206 854 69 741 341 881 391 899 248 905 249 858 408 757 349
img08041.jpg 937 982 905 754 883 521 895 521 905 768 954 1017 890 521 904 259 889 207 856 70 744 340 880 391 899 248 905 249 856 408 759 349
img08042.jpg 940 983 906 755 881 521 894 521 906 768 954 1018 890 521 904 260 890 209 858 71 743 342 878 391 899 248 906 249 858 408 761 347
img08043.jpg 945 982 907 755 879 522 893 522 907 768 955 1018 891 522 904 260 891 211 859 70 743 341 876 391 898 247 907 249 859 407 763 343
img08044.jpg 948 979 908 753 878 523 892 523 908 769 957 1017 892 523 903 260 889 213 860 68 747 342 877 391 897 247 908 249 860 407 763 343
img08045.jpg 950 982 909 755 878 524 892 526 909 771 957 1017 892 526 903 259 889 211 860 68 749 342 877 392 896 247 909 250 860 405 763 344
img08046.jpg 952 980 909 754 877 525 893 529 909 770 958 1018 893 529 903 257 890 208 860 68 751 340 877 393 895 248 909 250 860 404 762 342
img08047.jpg 953 981 910 755 878 525 893 530 910 771 959 1018 893 530 905 256 890 206 861 68 754 335 877 392 894 249 910 251 861 403 762 340
img08048.jpg 952 983 910 756 878 524 893 532 910 772 960 1020 893 530 906 255 890 204 861 68 758 330 877 391 894 250 911 251 861 402 761 339
img08049.jpg 951 984 910 757 879 523 894 532 910 774 959 1022 893 529 908 255 893 204 860 68 760 328 877 392 894 251 912 251 860 399 761 336
img08050.jpg 950 981 910 754 880 522 894 533 910 773 956 1017 893 527 908 257 893 206 864 68 759 325 877 391 895 251 913 251 861 401 762 331
img08051.jpg 951 984 911 756 882 520 895 533 908 772 954 1016 893 523 907 258 895 209 865 71 757 318 877 390 896 251 913 251 862 400 763 331
img08052.jpg 946 985 909 758 883 519 896 534 910 770 953 1017 893 520 906 260 896 211 870 71 757 314 876 391 898 252 913 252 867 397 763 331
img08053.jpg 946 982 910 754 885 520 898 534 911 768 951 1016 893 519 905 261 897 214 873 71 756 295 871 387 901 252 912 252 874 397 764 333
img08054.jpg 944 982 910 754 887 522 898 535 910 768 951 1016 893 520 904 261 896 213 879 71 757 288 864 377 902 251 911 253 880 399 769 340
img08055.jpg 941 987 910 758 889 524 899 535 911 765 953 1019 893 520 904 260 897 211 883 70 761 275 854 367 901 251 910 255 890 398 773 349
img08056.jpg 937 986 907 757 889 528 900 536 912 764 952 1021 892 523 905 260 895 209 887 66 764 267 845 358 900 251 909 257 898 399 780 363
img08057.jpg 940 986 908 758 888 530 899 536 910 767 953 1020 892 525 906 259 892 208 892 69 765 255 834 347 896 251 909 259 909 401 792 379
img08058.jpg 938 985 906 756 886 532 899 536 907 766 954 1020 891 528 905 260 890 208 897 69 768 258 827 337 892 252 909 261 918 402 800 402
img08059.jpg 937 983 903 754 883 533 899 538 909 764 952 1020 891 530 903 260 891 210 902 69 768 242 820 330 888 255 909 263 930 401 812 426
img08060.jpg 942 984 904 756 879 531 898 536 909 766 952 1020 890 531 902 260 890 211 905 69 771 232 816 323 885 256 909 265 938 400 822 455
img08061.jpg 947 983 905 756 876 530 897 535 909 766 953 1019 891 533 899 260 891 211 909 68 774 215 810 314 884 256 910 264 945 401 836 482
img08062.jpg 951 982 907 755 874 528 897 533 910 762 951 1017 890 533 898 258 893 209 911 65 776 198 807 299 884 255 911 262 945 405 850 512
img08063.jpg 954 985 907 759 871 526 896 531 912 763 949 1017 890 533 897 255 896 202 912 67 779 180 805 289 886 251 912 260 941 409 868 532
img08064.jpg 959 988 909 762 869 525 896 530 912 763 949 1017 889 533 897 250 896 196 913 69 783 167 803 275 889 245 913 256 937 415 883 548
img08065.jpg 957 988 906 762 867 528 896 532 912 762 949 1019 888 535 898 247 895 192 916 72 785 150 799 260 891 241 914 252 933 420 899 557
img08066.jpg 955 989 905 763 867 529 897 533 912 764 949 1021 887 536 899 243 895 186 919 73 787 142 797 250 893 238 914 250 929 421 907 563
img08067.jpg 953 991 904 764 867 532 897 536 913 767 950 1023 887 537 900 241 895 188 920 74 789 137 797 243 894 237 915 249 928 419 916 561
img08068.jpg 952 992 904 766 868 534 898 538 914 769 951 1025 887 537 902 240 896 189 924 73 791 132 796 239 894 236 916 248 932 418 922 562
img08069.jpg 950 994 903 767 868 536 898 541 914 771 952 1027 887 538 903 240 896 189 927 74 792 126 795 240 894 238 917 248 935 417 922 560
img08070.jpg 948 993 902 766 868 536 898 542 914 772 952 1028 887 537 904 239 897 188 925 73 792 128 793 243 894 238 918 248 938 413 923 562
img08071.jpg 946 995 900 767 867 538 897 544 913 773 951 1030 888 538 905 238 897 189 926 74 793 129 791 246 894 237 918 248 941 411 924 560
img08072.jpg 943 996 898 769 866 540 896 546 913 775 950 1031 888 540 906 238 896 185 929 74 792 132 787 251 895 237 918 248 942 411 921 561
img08073.jpg 940 997 896 770 865 541 895 548 912 777 950 1033 888 541 906 239 896 187 929 75 789 137 784 255 895 237 918 249 942 410 919 561
img08074.jpg 939 999 896 771 866 543 895 551 912 780 950 1036 889 542 907 242 900 193 928 75 786 141 781 257 895 238 918 249 941 409 918 561
img08075.jpg 939 996 896 768 868 544 896 552 909 780 944 1036 889 542 907 246 901 199 931 74 786 147 783 261 896 239 917 249 939 411 917 559
img08076.jpg 939 994 897 766 870 543 897 553 911 780 945 1036 890 541 908 251 902 204 932 73 782 151 786 265 896 241 918 251 938 411 917 560
img08077.jpg 939 991 898 763 872 541 898 551 912 778 946 1034 891 538 908 255 905 207 932 73 782 153 783 270 897 242 918 251 937 408 914 562
img08078.jpg 938 988 898 759 873 539 899 548 912 777 945 1034 891 536 910 256 903 211 932 73 784 156 781 276 898 242 919 251 935 403 914 563
img08079.jpg 936 985 896 756 872 536 900 543 911 774 942 1030 890 534 910 256 900 207 933 74 785 162 779 281 899 242 921 252 933 401 913 564
img08080.jpg 933 986 894 757 870 536 901 540 914 773 946 1029 890 534 911 255 900 201 933 74 784 165 776 284 899 241 922 252 933 402 912 564
img08081.jpg 931 986 892 757 868 536 900 538 912 772 943 1028 889 535 911 251 899 199 933 77 787 169 771 285 899 239 923 251 933 405 911 564
img08082.jpg 929 988 890 759 865 538 900 537 910 772 940 1028 888 537 911 249 898 197 935 77 785 171 772 287 899 238 924 250 935 410 912 564
img08083.jpg 928 991 889 762 865 540 900 537 910 771 939 1027 889 538 911 247 899 190 936 76 782 173 773 287 900 238 924 249 936 416 912 562
img08084.jpg 929 993 889 764 865 542 900 539 910 773 939 1029 890 539 911 247 900 194 937 75 782 172 775 287 900 238 925 249 937 418 910 563
img08085.jpg 929 994 890 765 866 544 899 541 909 775 938 1031 891 540 911 247 902 196 936 76 781 168 776 287 901 238 926 248 939 415 910 564
img08086.jpg 931 995 891 766 867 544 899 543 909 777 938 1033 892 541 911 248 902 194 934 76 777 163 777 286 901 239 926 249 939 415 909 564
img08087.jpg 933 995 893 766 869 545 898 546 908 780 938 1035 892 542 911 249 901 195 933 77 776 160 776 282 902 238 927 250 938 417 911 566
img08088.jpg 935 996 894 767 870 545 898 549 908 782 938 1038 893 545 911 250 902 197 931 77 774 157 777 279 901 238 928 251 938 416 912 568
img08089.jpg 936 998 895 769 871 547 898 551 908 785 938 1040 893 547 911 250 901 192 929 76 773 152 775 276 901 238 927 252 938 417 914 568
img08090.jpg 936 999 896 770 871 548 898 553 909 786 938 1042 893 550 911 250 900 192 927 74 771 150 773 273 901 238 927 252 937 419 915 569
img08091.jpg 937 1001 896 772 872 550 898 555 909 788 939 1043 893 552 911 250 901 192 928 73 770 148 773 270 901 238 928 251 938 420 916 568
img08092.jpg 936 1002 895 773 871 551 899 555 910 788 940 1043 893 553 911 250 901 192 926 71 769 146 773 265 900 238 928 250 938 420 914 568
img08093.jpg 934 1002 894 773 869 551 899 556 911 788 941 1043 893 553 911 250 900 193 925 72 770 142 775 263 900 238 929 249 939 420 915 568
img08094.jpg 934 1001 893 772 868 550 899 555 911 788 941 1043 893 552 911 250 899 192 924 72 770 140 777 260 899 238 930 248 938 421 916 568
img08095.jpg 934 1001 893 772 868 550 899 555 911 787 941 1042 893 552 911 249 899 192 921 72 770 140 777 258 899 237 930 247 938 421 916 568
img08096.jpg 933 1000 892 770 867 548 898 554 910 786 941 1041 892 551 911 249 898 192 921 72 769 141 779 256 899 237 930 247 938 420 916 567
img08097.jpg 934 999 892 769 868 547 898 553 911 785 941 1040 892 549 910 249 899 193 921 73 769 142 779 257 899 236 929 248 938 419 916 566
img08098.jpg 935 999 894 769 869 547 899 553 911 784 942 1039 891 549 910 248 900 194 920 74 769 145 776 258 900 236 928 248 937 416 915 566
img08099.jpg 936 999 894 769 870 547 899 553 911 784 942 1039 890 548 909 248 902 195 921 73 768 149 773 259 902 236 927 248 938 416 914 565
img08100.jpg 937 998 895 769 870 547 898 552 911 784 942 1038 890 548 908 248 902 194 924 73 768 150 773 263 903 237 927 248 939 416 914 565
img08101.jpg 937 999 895 769 871 547 899 552 912 783 943 1037 889 547 908 248 903 194 922 73 772 153 772 267 904 237 926 248 939 417 915 565
img08102.jpg 938 999 896 770 872 548 898 552 911 783 943 1037 889 547 908 247 902 194 919 73 774 158 769 271 905 237 926 247 939 419 914 567
img08103.jpg 939 999 897 769 872 547 897 550 911 781 942 1035 888 546 908 245 903 193 918 73 775 162 771 275 906 236 925 247 937 422 913 564
img08104.jpg 939 998 897 769 872 547 897 549 911 779 943 1033 887 545 909 244 902 193 916 74 777 165 770 280 906 236 925 247 935 423 912 564
img08105.jpg 940 998 897 768 872 546 897 547 910 778 942 1031 887 544 909 242 900 194 915 73 780 165 771 280 907 235 925 247 936 423 912 565
img08106.jpg 939 997 897 768 872 546 896 546 910 777 942 1030 886 543 908 241 901 192 916 74 780 165 770 279 907 234 925 248 937 424 913 566
img08107.jpg 939 997 896 768 871 546 896 546 910 776 942 1029 886 543 907 240 902 191 917 75 781 162 771 278 906 233 927 249 938 423 914 564
img08108.jpg 938 997 895 767 870 545 896 545 910 775 942 1029 887 542 907 240 901 190 918 76 782 161 770 277 905 234 927 249 940 422 916 565
img08109.jpg 937 998 894 768 869 546 896 546 911 776 943 1029 887 543 906 241 901 191 918 77 784 160 772 276 905 234 928 249 942 420 918 566
img08110.jpg 937 998 894 768 869 546 897 545 912 775 944 1028 889 542 906 241 903 194 918 77 784 162 771 276 904 235 928 249 940 418 918 567
img08111.jpg 937 998 893 768 868 546 897 545 912 774 945 1027 889 542 905 243 903 194 920 78 782 162 772 275 903 236 927 248 940 416 918 567
img08112.jpg 936 998 893 768 868 546 898 544 913 773 946 1026 889 542 905 244 903 195 919 77 782 161 772 276 903 236 926 247 939 415 917 570
img08113.jpg 936 999 892 769 868 547 898 545 914 774 947 1027 889 542 904 245 902 196 919 76 781 157 773 275 903 236 926 247 938 415 916 570
img08114.jpg 935 999 892 769 867 547 898 545 914 774 947 1027 889 542 903 245 903 194 917 76 781 153 775 273 902 235 925 246 936 416 915 570
img08115.jpg 935 999 891 769 866 547 898 547 914 776 947 1028 888 543 902 245 902 191 918 76 780 149 778 272 901 234 925 247 936 419 915 570
img08116.jpg 934 999 890 770 865 547 899 548 915 777 948 1029 887 544 901 245 900 190 917 73 783 146 778 270 901 233 924 247 935 420 917 570
img08117.jpg 934 1000 890 770 865 548 899 549 915 778 949 1030 889 546 900 244 900 189 919 73 784 146 782 267 900 232 924 247 935 419 919 570
img08118.jpg 934 999 890 769 865 547 899 549 915 777 949 1029 889 546 900 243 900 188 919 72 787 147 784 265 900 231 924 248 936 419 922 571
img08119.jpg 934 999 890 769 865 547 899 549 916 777 949 1030 890 547 901 243 899 186 922 71 787 147 784 262 900 231 924 248 936 417 924 572
img08120.jpg 935 999 890 769 865 547 899 549 916 777 950 1029 891 548 902 243 899 185 922 71 788 146 785 260 899 232 924 248 937 417 925 571
img08121.jpg 936 999 891 769 866 547 899 549 916 777 950 1029 891 548 904 243 899 186 922 71 787 144 787 258 899 233 924 248 937 415 925 572
img08122.jpg 936 999 892 769 866 547 898 550 915 778 949 1029 890 548 905 243 898 186 921 72 786 144 786 258 899 234 924 248 936 415 923 572
img08123.jpg 937 1000 892 770 867 547 897 552 914 779 949 1031 890 548 906 243 898 186 923 72 786 142 786 258 899 235 924 248 935 415 923 571
img08124.jpg 939 1000 894 770 868 548 896 553 914 780 948 1032 889 547 907 243 898 189 923 73 785 142 785 260 899 235 924 248 935 416 921 569
img08125.jpg 940 1001 895 770 869 548 896 554 913 781 948 1033 888 546 906 243 899 190 921 74 783 146 783 262 900 235 924 247 936 415 919 569
img08126.jpg 940 1001 895 771 870 549 895 555 913 782 948 1033 887 544 906 243 900 190 920 77 782 151 780 266 901 235 925 247 937 417 917 566
img08127.jpg 941 1001 895 771 870 548 895 554 913 781 948 1032 886 543 905 243 900 190 919 76 783 154 778 269 902 235 925 247 938 417 917 565
img08128.jpg 940 1000 895 769 869 547 895 552 913 778 948 1029 885 540 904 242 899 192 918 76 783 160 776 272 902 235 924 247 938 417 916 564
img08129.jpg 940 998 895 768 869 545 894 548 913 775 948 1026 885 538 904 241 897 191 919 75 786 164 774 273 902 235 923 247 938 418 916 565
img08130.jpg 940 997 894 766 869 544 895 544 913 771 949 1021 886 537 904 241 895 189 921 73 788 165 771 274 901 235 922 247 938 419 916 567
img08131.jpg 940 995 894 764 869 542 895 540 914 766 949 1017 886 536 905 241 892 188 924 71 790 164 770 276 898 235 921 247 938 420 916 568
img08132.jpg 941 994 895 763 870 541 895 538 914 763 950 1014 887 536 905 241 893 190 925 72 789 165 769 276 895 236 921 248 938 420 918 566
img08133.jpg 942 994 896 764 870 541 895 537 914 763 950 1013 887 538 905 242 893 193 927 74 790 165 766 276 892 238 922 248 940 418 916 567
img08134.jpg 942 995 895 765 870 542 895 538 914 763 950 1014 886 539 904 242 893 191 926 77 789 165 765 276 889 239 922 249 939 415 915 567
img08135.jpg 941 996 895 766 869 543 894 538 914 763 950 1014 885 540 903 243 893 193 928 78 787 164 766 277 888 241 922 249 936 414 916 566
img08136.jpg 941 997 894 767 868 544 893 538 913 763 949 1013 884 541 901 243 894 194 930 79 785 168 766 276 888 241 921 249 935 414 917 566
img08137.jpg 939 997 892 766 866 544 892 538 912 763 949 1013 883 540 898 243 892 192 932 80 783 169 766 278 889 241 920 248 935 414 915 568
img08138.jpg 937 996 890 765 864 543 892 537 912 762 948 1011 882 539 897 243 890 188 935 81 781 170 766 279 889 241 918 248 935 414 915 568
img08139.jpg 936 995 889 765 863 542 891 535 912 760 948 1010 881 538 896 244 890 191 935 81 776 171 766 280 889 241 916 247 933 415 915 567
img08140.jpg 935 995 888 764 863 542 891 538 911 762 948 1012 881 538 895 247 889 192 932 81 774 174 766 282 890 241 914 248 934 415 914 567
img08141.jpg 935 995 888 765 862 542 890 539 910 764 945 1014 881 538 895 250 891 198 929 84 773 171 768 281 890 242 913 249 934 415 911 566
img08142.jpg 936 996 889 765 863 543 890 541 908 766 942 1016 882 539 896 253 890 203 925 84 766 168 771 280 889 243 912 252 934 415 909 565
img08143.jpg 936 996 889 765 863 543 889 542 908 768 942 1018 881 538 896 257 892 207 924 84 761 167 771 280 889 245 911 254 933 416 905 564
img08144.jpg 938 994 890 763 864 541 888 542 906 773 939 1022 882 536 896 261 891 212 923 82 760 166 773 278 890 248 910 257 936 413 900 564
img08145.jpg 939 990 891 760 865 537 888 540 904 775 935 1025 883 533 895 263 894 216 922 82 755 167 771 276 889 250 909 259 938 410 892 562
img08146.jpg 940 988 892 757 866 534 888 538 905 773 937 1023 884 531 893 266 892 219 920 78 751 171 774 278 888 253 909 263 940 407 883 555
img08147.jpg 943 984 895 754 869 531 888 537 908 775 941 1025 885 529 892 267 894 218 919 77 753 170 773 280 887 255 909 264 943 406 871 547
img08148.jpg 947 983 898 752 872 530 888 536 910 777 943 1026 886 529 890 268 892 222 916 75 754 170 775 283 886 257 909 265 943 404 858 532
img08149.jpg 948 985 900 754 874 531 889 536 913 776 947 1025 887 531 889 268 892 220 916 75 754 173 775 284 885 258 909 267 943 402 847 511
img08150.jpg 951 988 901 758 874 535 889 538 917 773 952 1025 886 533 889 267 888 218 917 76 754 175 778 289 884 258 909 265 942 402 835 484
img08151.jpg 950 989 901 758 875 538 890 539 917 775 956 1025 885 535 890 265 889 212 917 79 755 180 776 290 884 257 909 262 938 402 826 459
img08152.jpg 951 991 901 761 875 542 891 542 914 772 957 1025 884 539 891 264 886 213 918 80 756 188 776 290 884 256 908 260 932 399 816 432
img08153.jpg 948 995 899 764 874 546 892 544 913 771 955 1026 882 542 894 261 889 212 917 79 756 197 777 290 885 254 908 258 924 400 808 404
img08154.jpg 952 994 901 764 874 547 892 545 911 771 953 1026 880 543 896 260 890 211 911 78 757 206 779 294 888 252 909 256 915 403 795 379
img08155.jpg 950 991 900 760 875 545 892 544 907 770 952 1023 879 543 899 259 893 210 907 75 761 215 782 297 891 251 910 255 900 403 786 359
img08156.jpg 959 989 905 759 876 543 892 543 908 773 950 1023 878 542 901 258 894 210 901 71 764 225 786 303 893 250 911 255 888 401 776 335
img08157.jpg 956 986 905 756 877 538 891 541 908 773 949 1018 878 539 902 256 898 207 894 67 766 238 792 313 895 248 913 254 875 401 768 317
img08158.jpg 957 982 905 752 879 533 890 539 907 772 951 1018 879 536 903 255 900 207 889 67 767 249 797 319 896 247 914 253 862 398 763 303
img08159.jpg 953 983 905 751 881 530 891 538 906 771 954 1015 880 533 903 254 899 207 889 68 768 257 800 325 897 247 914 252 848 394 760 295
img08160.jpg 957 982 907 751 881 528 890 538 908 771 956 1016 881 531 903 252 898 208 884 65 768 260 806 335 896 248 914 250 840 392 758 287
img08161.jpg 955 983 906 752 880 527 890 537 907 769 955 1020 882 529 903 252 897 208 883 65 766 268 812 342 896 248 915 249 829 388 758 286
img08162.jpg 963 982 909 752 879 527 890 536 910 772 955 1022 883 528 903 252 896 207 883 67 764 271 818 346 895 248 914 249 821 385 756 286
img08163.jpg 970 983 912 754 878 528 889 536 912 774 953 1020 883 529 902 252 895 205 879 67 762 277 824 351 894 250 915 250 818 383 754 286
img08164.jpg 977 982 914 754 875 527 887 534 911 774 952 1022 883 529 901 252 894 203 874 64 758 286 829 357 892 251 915 251 820 386 752 284
img08165.jpg 981 984 916 757 874 526 886 532 909 777 950 1024 883 529 901 253 896 202 872 64 755 296 832 358 891 251 916 251 822 385 750 287
img08166.jpg 977 987 914 759 873 525 886 531 907 776 951 1020 883 529 902 253 894 202 871 65 754 299 834 360 889 252 915 252 827 386 747 289
img08167.jpg 974 990 912 761 873 523 887 531 906 774 949 1022 882 529 902 253 892 202 865 65 752 301 837 363 889 253 915 253 832 387 748 293
img08168.jpg 973 991 911 762 872 522 888 530 905 775 952 1021 882 528 903 254 891 203 864 65 753 299 842 367 890 252 915 253 834 388 750 300
img08169.jpg 965 989 908 760 872 521 891 531 904 773 951 1019 881 528 904 255 891 205 864 68 754 296 846 369 892 251 914 253 838 388 752 305
img08170.jpg 959 990 904 760 872 521 893 531 904 770 951 1015 881 526 903 256 888 206 861 73 753 298 851 372 893 250 914 253 841 388 752 309
img08171.jpg 959 987 903 757 871 523 895 532 903 770 950 1017 881 525 902 257 886 206 859 72 753 301 856 375 895 249 914 252 843 393 753 313
img08172.jpg 955 985 900 755 870 524 897 532 900 768 950 1010 881 525 901 258 884 208 857 72 751 304 859 380 897 248 914 251 844 397 752 318
img08173.jpg 951 986 898 755 869 525 897 532 898 765 947 1009 881 525 899 258 881 210 855 72 749 309 861 384 897 249 914 251 849 399 750 319
img08174.jpg 951 987 898 756 869 525 897 531 898 766 947 1009 881 524 898 258 881 209 852 71 749 315 863 389 897 249 913 251 848 400 749 324
img08175.jpg 950 983 897 752 869 525 897 529 897 766 946 1008 881 524 897 258 881 208 851 70 749 319 863 393 897 249 913 251 848 402 753 329
img08176.jpg 948 983 896 751 870 524 897 526 896 764 945 1009 880 524 897 258 880 210 847 70 749 324 863 396 897 250 911 252 851 403 756 334
img08177.jpg 948 984 897 752 871 523 896 525 897 766 946 1015 880 523 896 258 881 208 848 71 749 329 863 398 896 251 910 254 854 398 759 336
img08178.jpg 949 982 899 750 873 523 896 524 899 767 948 1015 880 523 896 259 879 206 847 73 749 336 866 399 896 252 908 254 857 398 762 340
img08179.jpg 947 981 898 749 875 523 895 523 902 765 947 1015 880 523 895 259 879 207 846 73 746 339 866 398 895 253 905 254 859 397 764 342
img08180.jpg 951 980 901 748 876 524 895 524 904 768 947 1018 880 524 894 260 878 208 841 73 748 341 868 398 894 255 904 254 865 396 762 343
img08181.jpg 950 979 901 747 877 526 895 526 907 770 947 1019 881 526 893 260 877 207 838 74 750 340 870 396 893 256 902 253 867 396 761 342
img08182.jpg 952 979 901 747 877 528 895 528 908 771 948 1017 882 528 892 260 875 208 835 75 750 342 871 394 891 257 902 252 868 398 761 344
img08183.jpg 952 982 901 750 876 528 896 530 907 770 948 1018 882 530 891 260 874 208 830 74 751 341 869 393 890 258 902 251 870 400 763 346
img08184.jpg 958 983 903 752 875 529 896 531 907 772 951 1017 883 531 890 260 873 209 826 74 754 344 870 393 888 257 902 250 869 401 762 347
img08185.jpg 958 985 903 754 874 529 896 532 906 770 953 1013 884 532 890 260 872 210 826 75 756 346 869 394 886 257 902 250 866 402 763 349
img08186.jpg 958 985 902 754 872 527 894 531 905 766 954 1003 883 530 889 260 872 209 826 76 757 350 868 394 885 256 901 249 862 402 761 353
img08187.jpg 962 986 904 756 871 525 893 529 906 768 956 1004 884 528 889 261 874 209 825 76 760 356 866 394 885 254 900 250 861 404 760 355
img08188.jpg 962 985 903 754 871 524 892 529 906 769 955 1002 884 527 890 261 874 211 826 76 764 369 867 396 884 253 899 251 861 404 755 352
img08189.jpg 959 984 902 753 871 522 890 528 905 768 953 1001 884 525 890 261 873 211 826 78 765 378 868 398 884 253 898 253 863 404 753 350
img08190.jpg 953 985 900 753 873 520 890 526 903 769 952 1004 884 522 890 261 871 210 823 78 762 388 869 399 884 253 897 254 865 403 746 348
img08191.jpg 956 987 903 755 876 520 889 525 903 771 952 1012 885 521 889 260 870 211 822 77 756 396 868 401 884 253 896 256 867 400 743 345
img08192.jpg 946 983 899 750 879 519 889 525 902 769 952 1012 885 521 889 260 867 212 820 78 749 399 870 402 883 253 895 257 867 396 737 342
img08193.jpg 940 982 898 747 883 519 888 524 901 767 953 1012 886 519 888 260 866 213 817 80 738 397 868 401 882 255 894 257 866 392 732 344
img08194.jpg 935 981 897 746 887 518 887 523 900 766 952 1011 887 517 887 260 865 213 816 79 727 395 867 401 881 256 892 258 865 391 728 346
img08195.jpg 930 981 896 745 889 518 887 524 902 767 953 1008 888 517 886 260 867 213 818 77 715 391 863 400 881 256 891 258 864 390 725 348
img08196.jpg 927 981 895 745 891 517 886 524 902 766 951 1002 889 516 885 261 867 213 819 77 703 384 860 397 881 256 889 258 861 390 721 352
img08197.jpg 929 984 896 748 890 518 887 525 899 766 943 998 888 517 884 261 867 213 819 76 691 375 857 394 881 256 889 259 858 388 715 356
img08198.jpg 930 986 895 750 887 518 887 526 902 768 941 994 887 517 883 260 867 211 821 76 682 370 856 390 882 255 888 261 855 385 711 360
img08199.jpg 932 987 895 751 885 519 888 527 905 770 941 996 887 519 882 261 866 213 819 77 673 371 857 386 883 254 888 263 851 381 705 366
img08200.jpg 930 988 894 752 885 521 888 529 904 768 941 1001 886 521 882 262 866 215 818 77 669 376 859 381 885 252 888 266 846 378 699 372
img08201.jpg 934 990 895 755 884 523 888 530 905 771 944 1009 886 523 883 262 866 216 817 76 666 383 861 378 886 251 888 267 840 373 693 377
img08202.jpg 933 990 896 755 886 523 888 530 906 771 948 1010 886 523 883 262 866 215 817 78 667 394 863 375 887 249 887 267 834 372 690 382
img08203.jpg 933 989 896 754 887 523 888 530 904 768 950 1009 887 523 884 262 868 215 820 77 669 402 862 372 888 247 887 266 827 373 685 388
img08204.jpg 932 989 896 753 888 523 888 529 901 768 950 1007 888 523 884 262 870 213 823 77 674 405 861 370 888 245 886 265 820 371 684 392
img08205.jpg 937 986 898 751 887 520 889 528 900 768 947 1005 889 520 885 260 869 213 823 78 677 408 857 370 886 244 885 263 817 371 683 395
img08206.jpg 934 983 896 747 886 519 891 527 899 768 945 1002 889 518 884 258 866 211 824 79 682 412 853 370 885 244 884 262 815 373 680 399
img08207.jpg 936 981 896 745 884 517 893 526 900 767 944 1004 889 515 883 257 864 211 823 78 690 414 849 370 883 244 883 263 817 374 681 403
img08208.jpg 938 979 895 744 881 517 896 525 900 769 942 1008 889 514 882 256 862 211 820 78 697 415 846 370 881 245 882 263 818 376 682 406
img08209.jpg 941 978 896 743 879 516 898 525 902 769 943 1009 889 512 881 256 860 210 818 76 699 418 844 371 878 246 881 263 818 378 681 411
img08210.jpg 944 977 897 743 878 517 898 526 904 770 946 1011 890 511 879 256 859 210 817 77 699 420 841 367 876 247 879 263 817 380 681 413
img08211.jpg 947 977 897 744 877 518 898 527 905 769 948 1012 890 511 878 257 860 212 812 78 697 422 842 363 875 247 878 263 818 382 682 415
img08212.jpg 949 977 897 743 875 518 896 529 906 771 951 1014 890 512 877 257 861 211 810 80 691 425 843 360 873 247 877 263 816 382 682 415
img08213.jpg 952 976 898 743 873 519 894 530 906 771 953 1016 890 513 876 258 861 214 807 82 684 430 842 358 872 248 876 263 816 381 681 418
img08214.jpg 954 976 897 744 870 520 891 531 906 771 955 1017 890 515 874 259 858 215 804 84 682 434 842 355 870 249 876 263 816 383 682 418
img08215.jpg 957 976 898 744 868 520 889 531 904 769 955 1016 889 517 873 260 855 214 801 83 685 434 846 357 868 251 877 263 816 382 682 422
img08216.jpg 959 975 898 744 867 522 888 531 903 767 953 1015 888 520 872 261 853 213 800 83 689 435 843 362 866 253 878 262 816 381 682 425
img08217.jpg 960 976 898 745 867 524 887 529 905 765 952 1014 887 522 871 260 851 215 800 82 689 435 841 367 865 255 879 261 815 381 682 428
img08218.jpg 962 977 899 746 867 526 886 528 905 764 947 1014 886 524 870 259 848 215 800 81 691 432 841 370 864 256 879 260 815 381 682 429
img08219.jpg 963 977 900 746 869 526 887 527 905 765 939 1015 887 525 870 259 848 213 800 79 694 427 842 371 864 256 879 259 815 382 681 430
img08220.jpg 961 977 900 745 870 527 888 526 907 765 936 1016 888 524 870 257 847 212 800 80 694 423 841 371 863 255 878 257 815 384 681 431
img08221.jpg 958 977 899 745 871 527 889 525 908 765 933 1015 889 523 869 256 846 212 799 81 690 424 844 370 862 254 878 256 815 383 682 429
img08222.jpg 954 977 898 744 874 527 891 525 906 765 930 1016 891 522 869 256 846 210 800 80 694 424 847 365 862 252 877 256 815 383 682 429
img08223.jpg 949 978 897 744 876 528 893 525 907 765 933 1015 891 522 869 257 846 209 799 80 698 424 847 362 862 251 876 257 815 382 682 429
img08224.jpg 948 979 897 745 877 528 894 525 907 764 939 1014 891 522 867 257 848 211 801 82 702 428 847 360 863 251 875 257 816 382 682 426
img08225.jpg 953 982 900 748 879 529 894 525 908 765 941 1008 890 523 867 259 848 213 801 81 702 433 849 361 865 251 874 259 814 382 682 427
img08226.jpg 953 983 901 749 881 529 895 525 907 766 943 1006 889 524 866 261 850 214 803 79 704 432 851 359 867 250 872 261 813 385 682 426
img08227.jpg 958 984 904 750 882 528 894 524 908 766 949 1005 889 524 866 262 850 215 802 78 704 432 853 360 869 250 870 262 812 384 681 426
img08228.jpg 962 986 907 752 883 526 894 523 907 768 951 1005 890 523 865 263 850 216 806 77 708 435 857 364 870 250 869 263 812 386 683 424
img08229.jpg 964 987 909 753 885 525 895 522 906 766 950 998 891 521 865 263 849 215 805 77 704 436 861 368 871 250 869 263 811 387 683 425
img08230.jpg 956 987 906 753 887 523 896 521 903 766 950 1003 893 519 865 262 849 213 805 77 703 439 862 372 870 250 869 263 817 386 685 421
img08231.jpg 955 989 906 754 889 521 898 520 901 766 947 1005 895 517 864 261 848 211 805 78 700 438 867 377 869 250 869 263 823 386 688 420
img08232.jpg 947 989 905 753 893 519 901 520 895 766 940 1005 897 516 865 260 849 209 807 79 693 435 868 384 868 251 869 263 831 389 695 416
img08233.jpg 941 990 903 753 897 519 904 522 890 766 939 1005 900 516 866 260 850 208 808 80 697 432 868 385 868 251 869 262 838 391 704 412
img08234.jpg 939 993 906 755 904 520 907 524 886 771 939 1010 904 519 868 260 852 212 809 78 709 431 870 388 869 251 868 262 846 392 716 407
img08235.jpg 944 992 912 754 910 522 909 527 882 773 938 1010 908 522 869 262 854 214 810 79 727 433 872 393 871 251 867 262 854 393 730 405
img08236.jpg 948 994 916 756 916 526 909 530 878 776 941 1010 912 526 871 263 855 215 813 77 747 438 873 398 875 252 866 261 865 394 745 407
img08237.jpg 948 998 920 759 923 529 910 532 876 776 947 1011 917 529 873 264 859 218 814 79 776 446 880 395 878 251 865 261 872 395 756 412
img08238.jpg 953 1000 926 761 930 531 909 534 875 778 947 1011 921 530 874 265 861 218 813 78 791 455 890 397 882 250 863 260 878 393 768 418
img08239.jpg 955 998 930 759 936 531 907 534 875 776 947 1011 924 529 875 265 864 217 816 82 807 465 900 393 887 250 860 259 881 393 781 428
img08240.jpg 956 1000 934 761 943 530 906 534 874 771 944 1013 927 528 876 265 864 215 818 86 823 470 913 390 892 249 856 257 881 397 790 443
img08241.jpg 954 1000 939 761 950 528 903 535 880 768 939 1014 928 528 878 264 866 217 821 92 837 477 931 387 900 249 850 256 877 400 797 459
img08242.jpg 961 999 945 760 955 526 900 536 887 769 932 1014 929 529 879 263 867 216 826 100 843 483 944 389 908 250 843 256 871 403 799 479
img08243.jpg 964 999 949 759 959 525 897 538 892 769 926 1016 929 531 882 263 869 215 832 108 844 486 952 392 918 253 836 256 863 405 799 504
img08244.jpg 962 999 953 762 963 527 895 541 899 772 919 1015 930 534 884 263 869 212 840 105 853 495 963 399 928 256 828 256 853 412 796 528
img08245.jpg 963 1000 956 767 965 528 893 544 907 777 916 1014 931 536 886 264 873 214 847 104 869 507 974 401 938 258 821 257 843 414 793 547
img08246.jpg 967 1001 960 772 970 529 893 545 911 781 917 1008 933 537 887 265 877 215 854 101 893 517 981 404 947 260 814 259 833 419 794 562
img08247.jpg 969 1000 965 775 976 530 894 545 915 785 918 1003 936 539 889 267 878 213 858 99 926 530 992 407 955 261 808 260 824 422 797 570
img08248.jpg 970 999 970 778 984 531 896 544 916 785 920 999 941 539 890 268 879 214 866 95 969 539 1007 407 962 261 803 261 818 428 801 574
img08249.jpg 973 998 973 778 992 531 900 542 916 785 926 998 946 537 892 268 883 214 869 96 1004 542 1017 402 969 260 799 262 815 430 805 579
img08250.jpg 977 997 977 774 999 532 903 541 920 788 933 1004 950 535 893 267 886 212 876 93 1031 541 1024 401 976 260 796 263 815 432 812 578
img08251.jpg 987 996 983 768 1004 533 906 540 921 788 937 1013 952 534 895 266 888 210 881 92 1052 539 1031 400 982 259 796 264 816 433 816 577
img08252.jpg 995 997 988 766 1006 533 907 540 922 785 939 1024 952 532 896 264 893 209 893 88 1067 539 1034 397 987 257 797 264 817 430 820 578
img08253.jpg 1004 994 996 767 1007 533 907 540 924 786 940 1034 951 531 899 262 901 208 901 84 1075 540 1039 399 994 256 801 264 822 428 825 579
img08254.jpg 1016 995 1009 769 1007 534 906 540 929 785 939 1042 949 531 902 261 906 210 913 84 1082 541 1042 405 999 254 806 264 827 428 834 577
img08255.jpg 1030 992 1026 767 1008 534 905 540 930 783 936 1039 949 531 906 261 914 210 924 85 1085 540 1045 408 1004 253 813 263 824 431 838 579
img08256.jpg 1040 991 1043 770 1010 534 905 540 930 783 934 1039 951 532 911 261 920 210 934 84 1091 541 1046 408 1009 252 820 263 814 422 845 579
img08257.jpg 1054 990 1061 768 1013 534 905 538 931 785 934 1035 953 531 918 261 928 210 945 84 1092 539 1051 412 1014 251 828 263 807 418 851 579
img08258.jpg 1072 994 1075 764 1017 533 908 538 934 784 934 1036 958 532 926 261 935 210 955 86 1096 537 1051 413 1018 250 837 263 805 411 874 576
img08259.jpg 1089 997 1092 760 1021 533 913 538 935 784 935 1038 963 532 935 261 942 208 965 85 1099 537 1054 410 1023 249 846 263 812 402 910 567
img08260.jpg 1111 1000 1103 762 1025 533 919 539 938 783 934 1038 970 533 944 262 948 210 976 82 1107 541 1059 414 1028 248 857 264 829 391 953 555
img08261.jpg 1131 1003 1117 763 1031 533 928 541 947 784 936 1038 977 535 954 263 957 213 992 84 1114 540 1061 418 1034 248 871 266 855 392 990 548
img08262.jpg 1152 1006 1131 767 1038 535 938 544 955 784 937 1041 987 537 963 264 969 218 1004 84 1124 545 1067 422 1040 248 886 267 883 393 1033 539
img08263.jpg 1170 1010 1146 771 1046 537 951 546 963 785 938 1035 997 540 974 266 980 221 1019 87 1131 550 1075 424 1046 249 903 268 907 393 1060 535
img08264.jpg 1190 1016 1155 774 1056 539 964 548 973 788 938 1034 1009 542 985 267 991 226 1034 87 1140 553 1083 425 1053 251 921 269 926 394 1079 539
img08265.jpg 1202 1018 1167 776 1067 541 979 547 985 791 939 1036 1021 543 997 268 1003 226 1046 87 1149 552 1092 425 1061 253 940 270 946 397 1097 544
img08266.jpg 1211 1022 1176 777 1080 543 995 547 995 791 942 1036 1035 542 1010 268 1019 222 1061 92 1159 557 1103 425 1069 255 958 269 971 400 1125 544
img08267.jpg 1217 1024 1186 781 1094 544 1012 545 1009 788 942 1042 1049 542 1024 267 1033 218 1078 89 1168 558 1113 423 1079 257 978 268 997 404 1154 544
img08268.jpg 1222 1025 1194 780 1107 544 1030 543 1030 787 943 1046 1064 539 1039 266 1047 216 1096 83 1180 559 1123 423 1090 256 998 267 1025 408 1187 543
img08269.jpg 1224 1026 1203 783 1120 542 1047 540 1055 783 947 1039 1080 537 1055 265 1065 214 1113 82 1197 561 1136 423 1101 255 1017 265 1047 410 1208 546
img08270.jpg 1226 1028 1209 787 1132 539 1063 536 1082 779 958 1024 1096 534 1072 264 1082 213 1134 85 1210 562 1149 421 1113 254 1037 262 1071 412 1231 548
img08271.jpg 1229 1027 1216 787 1143 535 1080 532 1114 773 972 1006 1111 531 1090 262 1097 214 1149 78 1223 559 1161 417 1125 252 1056 259 1092 412 1251 551
img08272.jpg 1228 1027 1220 783 1152 531 1097 529 1144 770 995 974 1126 528 1106 260 1114 215 1165 78 1237 555 1170 413 1137 250 1074 256 1110 411 1265 555
img08273.jpg 1227 1025 1222 782 1162 527 1113 526 1176 765 1024 941 1141 526 1121 257 1130 215 1181 79 1252 551 1181 408 1150 249 1091 253 1123 408 1273 558
img08274.jpg 1225 1025 1223 779 1172 526 1130 525 1210 759 1054 914 1154 525 1134 254 1145 213 1193 78 1264 545 1193 406 1164 248 1106 250 1140 404 1288 556
img08275.jpg 1223 1024 1225 776 1182 527 1147 525 1245 752 1088 898 1167 526 1146 252 1161 214 1208 79 1279 540 1201 403 1177 246 1121 248 1152 398 1296 554
img08276.jpg 1221 1026 1223 779 1193 529 1162 525 1281 744 1126 887 1180 528 1158 250 1173 212 1224 81 1291 539 1214 402 1189 245 1133 245 1162 392 1299 553
img08277.jpg 1224 1027 1224 779 1205 531 1176 525 1321 731 1166 877 1193 529 1170 248 1186 211 1238 80 1303 538 1227 400 1202 243 1145 243 1170 385 1301 551
img08278.jpg 1226 1028 1226 781 1217 532 1188 525 1355 716 1204 870 1205 530 1181 247 1199 209 1251 77 1313 535 1241 400 1213 240 1156 241 1178 378 1302 550
img08279.jpg 1228 1024 1232 781 1228 532 1200 524 1385 703 1244 864 1216 530 1193 246 1211 207 1267 73 1323 535 1250 401 1225 238 1168 239 1192 378 1303 551
img08280.jpg 1228 1023 1239 778 1238 529 1209 524 1410 688 1284 861 1227 529 1205 245 1221 206 1281 67 1331 537 1260 402 1236 236 1178 238 1202 374 1308 548
img08281.jpg 1227 1020 1245 774 1251 527 1219 525 1427 681 1320 860 1238 528 1216 244 1234 205 1291 69 1341 538 1270 402 1249 235 1188 238 1213 372 1315 546
img08282.jpg 1226 1017 1251 773 1264 526 1227 526 1437 678 1355 869 1248 527 1228 243 1243 203 1303 75 1353 537 1282 404 1261 234 1199 238 1223 371 1317 547
img08283.jpg 1226 1016 1261 769 1277 525 1237 527 1448 682 1391 883 1258 527 1240 243 1254 203 1316 81 1361 540 1292 401 1274 234 1210 238 1233 372 1315 550
img08284.jpg 1225 1016 1269 767 1292 526 1247 528 1453 688 1428 906 1270 527 1252 243 1265 202 1327 89 1371 542 1306 399 1287 234 1220 240 1235 369 1309 554
img08285.jpg 1229 1013 1279 766 1308 528 1260 530 1455 703 1403 936 1283 529 1264 244 1278 201 1337 100 1384 544 1324 401 1301 235 1232 242 1241 371 1296 561
img08286.jpg 1261 1019 1291 767 1323 531 1273 531 1457 718 1367 965 1298 531 1276 246 1289 205 1353 97 1400 544 1339 399 1315 235 1245 245 1246 374 1276 569
img08287.jpg 1324 1015 1303 767 1340 533 1288 533 1457 735 1333 994 1313 533 1290 248 1302 208 1363 91 1414 544 1353 397 1330 236 1257 247 1253 379 1268 572
img08288.jpg 1386 1008 1315 767 1357 534 1303 535 1457 748 1312 1025 1329 535 1304 249 1313 210 1372 91 1431 544 1372 399 1345 237 1270 249 1261 384 1262 573
img08289.jpg 1452 1006 1350 770 1375 534 1319 536 1439 758 1257 1039 1346 535 1319 251 1325 213 1387 90 1450 542 1388 400 1361 237 1282 251 1269 390 1266 572
img08290.jpg 1512 1000 1383 771 1394 532 1335 535 1425 764 1270 1046 1364 534 1333 251 1338 215 1399 80 1470 540 1402 397 1378 235 1293 251 1278 393 1277 572
img08291.jpg 1492 987 1412 768 1412 528 1351 533 1421 761 1325 1046 1380 530 1348 250 1353 212 1410 82 1487 538 1420 393 1396 232 1303 251 1289 403 1293 570
img08292.jpg 1443 987 1441 766 1430 524 1366 529 1422 755 1384 1031 1398 526 1361 249 1365 211 1421 85 1505 534 1442 390 1415 229 1312 251 1298 411 1305 569
img08293.jpg 1403 978 1471 767 1447 520 1381 523 1423 750 1423 1011 1414 521 1374 248 1378 209 1430 85 1527 530 1461 388 1434 226 1320 251 1306 416 1320 567
img08294.jpg 1363 966 1483 765 1463 516 1396 517 1445 748 1490 1000 1429 515 1386 246 1393 205 1435 80 1546 523 1480 381 1452 222 1327 251 1318 419 1331 561
img08295.jpg 1331 959 1502 761 1478 512 1407 511 1468 743 1542 986 1442 510 1398 244 1406 200 1437 81 1564 518 1502 378 1470 220 1333 252 1328 423 1342 556
img08296.jpg 1354 950 1527 757 1492 508 1418 507 1478 741 1554 976 1454 505 1409 242 1417 200 1437 82 1583 512 1522 376 1486 217 1339 252 1336 420 1353 552
img08297.jpg 1388 943 1551 750 1504 505 1426 504 1488 738 1556 971 1464 501 1420 240 1428 199 1438 81 1603 509 1539 374 1500 215 1344 250 1347 418 1360 546
img08298.jpg 1424 941 1570 737 1515 502 1433 503 1494 735 1554 967 1472 498 1430 237 1437 197 1437 79 1619 503 1555 372 1514 215 1348 250 1357 416 1370 543
img08299.jpg 1464 941 1580 728 1524 500 1438 503 1499 733 1551 967 1480 496 1440 236 1443 196 1436 81 1632 502 1572 372 1526 214 1353 248 1363 412 1373 541
img08300.jpg 1508 937 1584 725 1532 498 1444 504 1503 733 1548 966 1487 496 1449 235 1447 194 1437 79 1645 498 1586 373 1538 214 1360 246 1371 412 1378 541
img08301.jpg 1554 934 1586 722 1540 497 1451 505 1507 735 1551 970 1495 495 1458 234 1454 191 1435 76 1655 498 1599 373 1549 215 1367 244 1375 409 1378 538
img08302.jpg 1588 933 1586 721 1549 495 1459 505 1510 738 1549 978 1504 495 1466 234 1461 190 1434 74 1662 497 1613 375 1560 215 1375 244 1381 404 1381 537
img08303.jpg 1616 936 1587 726 1558 493 1468 504 1515 743 1551 986 1514 494 1474 233 1465 189 1435 76 1667 497 1624 375 1569 216 1384 242 1389 401 1385 534
img08304.jpg 1636 937 1589 726 1567 491 1478 503 1519 743 1556 990 1523 493 1482 233 1472 189 1436 76 1673 496 1632 376 1576 216 1394 241 1396 399 1392 533
img08305.jpg 1644 942 1594 726 1577 489 1487 502 1520 743 1557 992 1533 492 1489 232 1480 192 1436 78 1675 495 1638 377 1583 216 1403 240 1403 393 1396 532
img08306.jpg 1646 947 1595 728 1584 487 1495 500 1525 741 1555 988 1541 492 1497 231 1484 194 1437 79 1673 494 1643 379 1588 218 1413 239 1413 393 1403 532
img08307.jpg 1644 948 1597 728 1590 487 1502 499 1530 741 1557 985 1547 492 1504 231 1493 194 1438 79 1672 495 1645 380 1592 220 1423 237 1422 390 1411 532
img08308.jpg 1640 948 1599 728 1595 487 1509 498 1535 738 1559 982 1554 492 1510 230 1501 196 1437 77 1667 494 1647 382 1593 222 1435 235 1433 389 1416 531
img08309.jpg 1633 952 1603 731 1600 488 1516 497 1541 737 1558 983 1561 493 1516 229 1504 195 1432 79 1664 495 1647 379 1593 224 1447 233 1446 386 1426 529
img08310.jpg 1630 952 1600 731 1603 490 1524 498 1545 734 1559 983 1568 493 1521 230 1508 194 1429 81 1663 496 1647 374 1590 225 1461 233 1460 384 1436 527
img08311.jpg 1631 951 1601 731 1607 492 1533 498 1550 734 1563 985 1576 494 1525 232 1513 196 1428 88 1654 498 1642 372 1584 225 1475 234 1475 379 1448 524
img08312.jpg 1631 951 1600 730 1612 494 1543 499 1547 733 1567 981 1584 496 1528 235 1513 200 1426 96 1635 495 1631 368 1576 225 1489 237 1493 378 1460 525
img08313.jpg 1629 949 1599 729 1616 497 1553 501 1543 733 1572 979 1590 499 1532 239 1516 202 1426 102 1617 494 1620 362 1568 225 1503 241 1506 378 1473 527
img08314.jpg 1631 944 1598 726 1619 499 1563 502 1537 730 1581 970 1594 501 1535 243 1521 205 1427 101 1598 496 1609 364 1560 227 1516 246 1521 379 1484 529
img08315.jpg 1631 944 1598 725 1623 499 1571 503 1535 732 1588 968 1598 503 1538 247 1525 206 1428 102 1579 496 1599 365 1555 229 1528 248 1532 382 1499 529
img08316.jpg 1630 946 1596 722 1623 499 1577 504 1532 728 1593 963 1599 504 1542 248 1525 205 1426 99 1562 489 1591 366 1551 232 1538 247 1543 385 1512 532
img08317.jpg 1632 945 1597 723 1621 499 1581 505 1535 726 1597 962 1598 504 1545 247 1528 202 1423 94 1554 489 1586 370 1549 234 1547 242 1553 386 1529 529
img08318.jpg 1633 946 1601 721 1615 499 1585 506 1538 728 1598 960 1597 504 1547 244 1527 198 1421 89 1549 492 1579 373 1548 235 1555 235 1566 385 1545 527
img08319.jpg 1633 948 1601 720 1608 500 1586 507 1542 727 1597 962 1594 503 1548 242 1528 193 1422 91 1545 492 1570 373 1547 233 1561 229 1577 383 1563 527
img08320.jpg 1634 945 1602 720 1597 502 1586 509 1549 723 1598 959 1591 503 1549 238 1528 192 1422 90 1540 494 1558 378 1545 230 1565 222 1588 378 1577 526
img08321.jpg 1632 941 1600 721 1587 505 1588 510 1555 724 1600 958 1587 502 1549 236 1527 190 1426 89 1537 503 1549 377 1543 228 1569 218 1597 372 1590 526
img08322.jpg 1629 938 1597 720 1578 508 1587 511 1559 724 1601 958 1584 502 1548 235 1528 189 1428 90 1533 509 1541 377 1539 226 1572 216 1601 372 1597 524
img08323.jpg 1626 935 1589 719 1572 510 1587 511 1565 722 1600 957 1581 502 1548 235 1527 190 1427 90 1531 511 1538 376 1537 225 1574 215 1603 366 1603 525
img08324.jpg 1626 931 1586 718 1567 511 1587 510 1572 725 1603 954 1579 504 1547 234 1527 194 1426 90 1523 513 1537 374 1534 226 1577 213 1607 364 1607 524
img08325.jpg 1622 930 1578 716 1564 512 1587 509 1572 727 1603 956 1576 505 1546 234 1526 195 1423 90 1515 516 1536 371 1530 228 1578 214 1610 364 1610 523
img08326.jpg 1623 931 1569 715 1561 512 1586 508 1573 729 1601 957 1575 506 1545 233 1527 195 1421 90 1513 518 1537 374 1526 230 1578 213 1611 367 1611 522
img08327.jpg 1627 935 1561 717 1558 513 1587 508 1572 731 1600 958 1573 508 1544 232 1522 193 1419 90 1511 519 1536 374 1522 232 1579 213 1614 366 1610 522
img08328.jpg 1625 940 1551 721 1554 513 1587 508 1572 731 1601 957 1572 508 1543 231 1520 195 1421 90 1509 520 1534 375 1517 233 1579 212 1615 368 1611 523
img08329.jpg 1616 942 1540 722 1550 514 1587 507 1572 729 1600 957 1571 507 1542 231 1516 193 1421 89 1509 516 1530 375 1513 234 1578 212 1614 368 1610 526
img08330.jpg 1611 944 1533 724 1547 514 1587 506 1574 727 1602 952 1571 506 1540 230 1512 193 1422 89 1510 517 1529 377 1510 235 1577 212 1612 366 1609 529
img08331.jpg 1599 944 1529 727 1544 515 1586 506 1576 727 1603 952 1569 506 1537 230 1508 194 1419 91 1517 515 1528 375 1508 235 1576 212 1611 368 1607 532
img08332.jpg 1585 939 1524 726 1541 514 1584 506 1582 726 1603 952 1567 506 1534 231 1507 198 1418 92 1520 513 1527 373 1507 235 1575 213 1610 366 1606 534
img08333.jpg 1580 936 1523 725 1539 514 1582 508 1585 725 1602 952 1565 508 1531 232 1506 197 1413 94 1525 512 1527 372 1506 235 1573 215 1609 368 1602 533
img08334.jpg 1577 937 1523 724 1536 514 1580 511 1585 728 1599 956 1562 511 1528 232 1506 200 1409 96 1532 517 1527 376 1505 236 1571 216 1606 372 1599 534
img08335.jpg 1574 937 1522 724 1533 515 1577 514 1585 728 1595 958 1560 514 1525 234 1504 201 1407 96 1536 517 1525 375 1503 236 1568 218 1602 375 1595 536
img08336.jpg 1575 935 1526 723 1530 517 1576 516 1579 726 1593 960 1559 517 1523 235 1505 202 1405 92 1535 517 1522 372 1500 237 1564 219 1600 375 1590 535
img08337.jpg 1574 938 1529 723 1527 519 1576 517 1571 727 1592 959 1558 519 1521 237 1501 202 1402 93 1531 519 1522 371 1496 238 1560 221 1596 375 1585 536
img08338.jpg 1572 936 1531 721 1527 521 1575 517 1563 729 1591 960 1558 519 1519 239 1496 205 1401 92 1524 521 1521 370 1491 239 1556 222 1591 374 1580 538
img08339.jpg 1579 933 1536 724 1528 523 1576 516 1554 728 1589 961 1558 519 1516 241 1491 206 1397 94 1512 522 1519 369 1486 241 1551 224 1589 369 1575 536
img08340.jpg 1585 930 1540 724 1532 525 1577 515 1547 731 1588 961 1560 520 1512 244 1485 208 1392 98 1503 525 1516 373 1480 244 1545 226 1585 367 1571 538
img08341.jpg 1595 925 1541 722 1536 527 1578 516 1541 732 1589 959 1563 521 1506 248 1479 211 1386 105 1493 527 1513 383 1474 247 1539 229 1582 369 1568 544
img08342.jpg 1613 920 1543 722 1541 530 1581 517 1536 732 1588 959 1566 523 1501 254 1474 217 1378 108 1488 530 1509 392 1469 252 1533 233 1574 376 1567 547
img08343.jpg 1626 918 1542 724 1547 533 1586 520 1532 734 1590 960 1572 528 1495 261 1470 222 1371 112 1484 533 1504 403 1464 259 1526 239 1566 382 1562 550
img08344.jpg 1623 916 1533 723 1554 538 1590 523 1526 737 1594 960 1577 534 1489 271 1462 231 1364 119 1486 540 1499 414 1458 269 1520 248 1560 394 1560 560
img08345.jpg 1621 917 1527 726 1563 543 1596 528 1517 736 1593 962 1583 541 1483 283 1456 244 1352 133 1486 547 1496 426 1452 279 1514 259 1557 409 1553 567
img08346.jpg 1623 920 1523 732 1575 549 1604 535 1509 741 1595 966 1591 548 1479 297 1449 259 1343 152 1485 561 1492 438 1449 292 1509 274 1548 425 1552 578
img08347.jpg 1613 926 1514 737 1588 557 1611 543 1501 747 1595 969 1599 556 1475 313 1443 275 1335 177 1491 578 1491 454 1446 308 1504 291 1547 444 1547 594
img08348.jpg 1601 934 1503 744 1601 567 1618 553 1491 752 1593 970 1607 565 1472 331 1439 296 1327 203 1494 595 1490 473 1445 324 1500 310 1548 469 1545 617
img08349.jpg 1589 941 1490 751 1612 579 1626 566 1484 758 1590 970 1616 575 1470 350 1439 317 1320 232 1492 612 1490 493 1446 343 1496 331 1546 493 1543 638
img08350.jpg 1582 947 1479 759 1619 593 1633 581 1480 772 1588 971 1624 586 1470 371 1436 340 1316 260 1493 629 1488 514 1448 364 1492 355 1543 518 1543 664
img08351.jpg 1566 953 1462 764 1623 608 1639 597 1479 784 1587 971 1630 600 1469 393 1434 363 1315 286 1495 646 1487 537 1449 387 1488 380 1543 543 1540 691
img08352.jpg 1559 958 1450 772 1626 625 1644 617 1476 800 1589 972 1636 616 1468 416 1433 385 1315 310 1491 662 1484 561 1451 411 1486 406 1541 569 1538 720
img08353.jpg 1557 960 1440 778 1628 642 1648 638 1476 820 1591 973 1641 634 1468 440 1432 409 1318 340 1494 682 1483 585 1451 435 1484 432 1537 595 1537 746
img08354.jpg 1562 962 1434 785 1629 660 1651 660 1478 841 1592 975 1644 654 1467 463 1431 432 1322 364 1492 699 1483 606 1452 460 1483 457 1535 622 1532 773
img08355.jpg 1560 964 1425 794 1630 678 1654 682 1479 861 1596 977 1647 674 1467 486 1432 454 1324 387 1488 717 1482 627 1453 482 1482 482 1534 651 1529 798
img08356.jpg 1562 965 1417 803 1630 696 1657 703 1480 881 1599 981 1649 694 1466 508 1435 477 1327 409 1482 737 1481 647 1455 504 1481 506 1531 678 1524 824
img08357.jpg 1555 965 1406 807 1625 711 1659 722 1481 899 1600 989 1649 714 1466 529 1434 499 1326 431 1476 755 1480 667 1457 524 1480 528 1530 703 1521 846
img08358.jpg 1541 967 1393 810 1618 726 1660 741 1480 916 1601 1001 1648 732 1466 549 1434 517 1325 449 1464 775 1476 684 1458 544 1481 550 1526 724 1512 865
img08359.jpg 1520 968 1383 813 1611 740 1660 759 1479 933 1602 1016 1648 750 1466 568 1433 537 1325 469 1455 795 1473 701 1459 563 1483 569 1521 745 1504 886
img08360.jpg 1495 969 1373 813 1605 754 1660 777 1477 950 1601 1035 1647 770 1467 586 1434 554 1325 486 1444 817 1471 719 1456 584 1487 585 1518 763 1493 902
img08361.jpg 1463 970 1365 811 1599 767 1659 795 1474 966 1599 1054 1648 788 1467 602 1432 570 1323 501 1432 839 1470 735 1453 604 1491 600 1516 779 1484 914
img08362.jpg 1436 971 1365 812 1601 783 1658 812 1472 981 1598 1071 1649 805 1468 617 1437 586 1328 517 1418 859 1470 748 1451 622 1494 614 1515 792 1471 926
img08363.jpg 1418 968 1371 815 1607 800 1658 827 1470 995 1597 1087 1651 821 1469 629 1440 600 1330 531 1405 876 1470 760 1449 638 1497 626 1512 803 1460 937
img08364.jpg 1402 961 1376 816 1614 815 1658 839 1469 1006 1597 1101 1652 834 1471 641 1442 611 1332 542 1393 890 1470 770 1448 651 1500 639 1509 815 1451 943
img08365.jpg 1392 951 1384 817 1621 828 1658 849 1467 1014 1597 1112 1653 843 1472 649 1445 621 1335 552 1382 900 1469 779 1449 662 1501 651 1507 823 1444 951
img08366.jpg 1385 941 1390 820 1628 838 1659 856 1467 1020 1597 1120 1652 851 1474 656 1447 632 1337 562 1374 912 1471 783 1451 669 1502 660 1503 831 1436 958
img08367.jpg 1380 932 1393 821 1630 843 1660 862 1466 1024 1597 1126 1651 855 1476 662 1448 639 1338 569 1368 920 1471 785 1451 675 1503 669 1499 838 1431 962
img08368.jpg 1413 935 1393 822 1630 846 1660 866 1465 1026 1597 1131 1651 859 1477 667 1449 645 1339 575 1365 924 1471 785 1452 679 1505 675 1499 845 1428 964
img08369.jpg 1451 941 1394 822 1629 847 1661 869 1464 1028 1597 1135 1650 861 1478 671 1449 650 1339 580 1364 923 1472 784 1452 682 1506 680 1498 847 1427 967
img08370.jpg 1486 948 1395 822 1628 849 1661 871 1463 1029 1597 1139 1651 863 1479 674 1450 654 1340 583 1364 918 1472 781 1452 683 1507 683 1499 849 1424 969
img08371.jpg 1523 957 1396 822 1630 850 1662 874 1462 1030 1597 1143 1652 865 1479 676 1451 655 1340 585 1365 903 1471 778 1452 684 1507 685 1501 850 1424 970
img08372.jpg 1561 966 1397 820 1632 851 1662 876 1461 1030 1597 1146 1654 866 1480 677 1450 655 1339 585 1367 888 1471 774 1453 684 1508 686 1502 850 1426 970
img08373.jpg 1559 965 1400 820 1635 852 1663 877 1460 1029 1597 1148 1655 867 1480 677 1449 655 1338 584 1369 874 1470 773 1454 684 1509 685 1502 850 1427 970
img08374.jpg 1557 964 1402 821 1638 852 1663 876 1459 1027 1597 1148 1657 867 1480 676 1451 655 1340 584 1371 862 1469 773 1454 684 1510 685 1502 851 1428 972
img08375.jpg 1558 966 1400 822 1642 853 1663 875 1457 1024 1596 1148 1659 867 1481 676 1450 653 1339 582 1374 853 1468 775 1456 686 1510 684 1501 852 1431 974
img08376.jpg 1560 967 1402 822 1642 853 1663 874 1456 1021 1596 1148 1659 866 1481 675 1451 653 1339 582 1379 844 1468 777 1456 688 1511 684 1499 853 1434 973
img08377.jpg 1559 969 1402 823 1642 853 1663 873 1455 1018 1595 1148 1660 866 1481 676 1451 654 1339 582 1384 836 1468 778 1457 690 1511 684 1501 854 1438 975
img08378.jpg 1558 973 1401 823 1640 853 1664 872 1454 1016 1595 1149 1659 865 1481 676 1451 655 1340 583 1392 827 1468 777 1458 692 1511 684 1503 853 1443 977
img08379.jpg 1555 979 1400 824 1636 853 1664 872 1453 1014 1594 1150 1659 865 1481 676 1450 655 1338 583 1401 815 1469 772 1458 693 1510 685 1506 853 1446 978
img08380.jpg 1550 985 1402 824 1633 852 1665 871 1452 1012 1594 1150 1658 864 1481 676 1451 657 1339 584 1411 803 1470 766 1458 693 1510 686 1508 853 1449 979
img08381.jpg 1542 992 1402 823 1631 851 1665 870 1451 1009 1593 1150 1658 862 1481 675 1451 655 1339 582 1420 793 1471 762 1458 691 1509 685 1510 852 1449 978
img08382.jpg 1533 998 1401 823 1632 849 1664 867 1449 1004 1592 1148 1659 858 1481 673 1450 652 1337 579 1430 783 1472 758 1457 688 1508 683 1510 850 1448 975
img08383.jpg 1526 1002 1400 822 1635 845 1664 861 1448 996 1591 1143 1660 853 1481 669 1449 648 1337 574 1438 775 1472 756 1456 683 1507 678 1509 845 1445 970
img08384.jpg 1517 1003 1398 818 1637 838 1664 854 1446 987 1590 1137 1661 845 1481 663 1448 642 1336 568 1443 770 1471 754 1456 676 1505 671 1507 840 1440 964
img08385.jpg 1511 1003 1397 815 1641 829 1665 844 1445 976 1590 1129 1662 835 1480 655 1447 633 1334 559 1447 770 1468 752 1456 667 1504 660 1504 831 1435 955
img08386.jpg 1508 1003 1395 813 1643 817 1666 832 1445 962 1590 1118 1663 823 1479 644 1446 623 1333 549 1447 765 1466 748 1456 656 1502 648 1500 819 1432 943
img08387.jpg 1507 1001 1394 811 1641 802 1668 818 1446 945 1591 1104 1663 809 1478 632 1447 611 1334 536 1432 780 1463 742 1457 643 1501 634 1497 805 1425 930
img08388.jpg 1507 998 1393 809 1637 785 1670 801 1447 927 1592 1089 1664 792 1477 618 1447 596 1334 522 1415 794 1458 735 1457 629 1501 619 1494 791 1420 916
img08389.jpg 1514 997 1395 810 1634 769 1672 784 1447 908 1593 1073 1665 773 1476 602 1446 580 1333 505 1403 799 1454 725 1456 613 1500 602 1492 772 1415 896
img08390.jpg 1520 994 1397 810 1631 750 1673 764 1448 886 1593 1054 1666 754 1474 585 1446 563 1332 488 1390 801 1452 712 1455 596 1499 584 1489 753 1410 875
img08391.jpg 1528 990 1401 808 1628 732 1674 744 1448 864 1593 1035 1666 734 1472 567 1445 544 1331 469 1376 800 1449 696 1454 577 1497 564 1488 731 1405 854
img08392.jpg 1539 986 1407 807 1625 714 1673 725 1447 842 1592 1016 1666 714 1470 547 1445 525 1331 449 1376 779 1447 680 1452 557 1495 542 1488 705 1405 832
img08393.jpg 1551 981 1415 805 1624 697 1671 707 1450 826 1592 1000 1664 696 1470 527 1446 506 1332 430 1375 757 1448 660 1451 536 1493 518 1488 683 1404 806
img08394.jpg 1563 975 1422 803 1621 680 1668 689 1452 811 1590 988 1660 678 1470 506 1446 483 1335 410 1374 739 1448 640 1451 514 1493 494 1490 661 1405 783
img08395.jpg 1574 970 1430 800 1617 664 1664 673 1453 796 1589 980 1655 661 1471 484 1448 460 1338 385 1375 717 1448 619 1451 491 1493 470 1495 636 1406 761
img08396.jpg 1586 963 1437 797 1612 648 1658 657 1455 786 1588 974 1649 645 1473 462 1450 436 1338 363 1378 695 1450 598 1452 469 1495 447 1498 614 1408 737
img08397.jpg 1598 955 1445 792 1607 632 1653 640 1459 780 1589 974 1642 630 1475 439 1451 414 1340 336 1379 673 1451 575 1453 446 1497 424 1501 594 1411 711
img08398.jpg 1609 947 1453 788 1601 617 1646 624 1459 772 1587 973 1634 616 1478 416 1451 387 1341 310 1382 650 1454 555 1455 424 1500 401 1505 568 1415 686
img08399.jpg 1621 938 1461 783 1594 602 1638 608 1461 767 1589 972 1626 603 1480 394 1456 365 1342 282 1384 626 1459 533 1457 401 1505 379 1513 541 1422 661
img08400.jpg 1633 929 1469 776 1587 588 1628 593 1465 763 1590 970 1617 590 1484 372 1460 343 1343 255 1386 602 1463 512 1459 378 1510 357 1518 517 1428 634
img08401.jpg 1645 918 1477 770 1579 575 1619 579 1471 760 1591 972 1607 578 1487 352 1462 322 1347 225 1389 578 1468 488 1463 356 1515 335 1525 494 1435 609
img08402.jpg 1656 907 1485 762 1571 562 1608 565 1475 757 1590 969 1597 566 1492 332 1466 299 1351 199 1394 554 1475 467 1466 334 1521 314 1535 470 1441 585
img08403.jpg 1667 894 1492 753 1563 548 1598 552 1478 750 1593 970 1586 554 1497 313 1472 281 1354 176 1402 533 1482 447 1470 314 1527 293 1546 450 1450 561
img08404.jpg 1677 880 1499 744 1553 536 1588 539 1483 746 1594 970 1575 542 1502 296 1473 262 1360 155 1405 512 1487 428 1474 296 1532 276 1555 431 1454 538
img08405.jpg 1684 873 1504 738 1545 526 1579 528 1491 743 1594 970 1564 530 1507 282 1478 245 1368 138 1414 492 1491 412 1478 280 1537 260 1565 412 1461 515
img08406.jpg 1691 862 1509 729 1536 516 1570 518 1499 738 1597 969 1555 520 1511 269 1485 232 1377 124 1421 473 1496 402 1482 266 1542 248 1577 395 1465 493
img08407.jpg 1700 856 1516 726 1529 509 1564 510 1505 736 1601 970 1547 511 1515 258 1491 222 1384 116 1429 460 1498 391 1486 255 1547 239 1587 384 1470 473
img08408.jpg 1704 853 1521 722 1523 504 1559 504 1514 736 1600 970 1540 505 1518 250 1493 210 1390 104 1434 448 1497 382 1489 247 1550 232 1596 375 1473 457
img08409.jpg 1710 853 1527 721 1519 502 1555 502 1524 735 1600 970 1536 502 1520 244 1496 201 1396 94 1443 437 1496 378 1492 242 1553 226 1607 371 1475 443
img08410.jpg 1712 853 1531 718 1516 501 1553 501 1531 732 1600 971 1531 501 1523 239 1497 197 1401 87 1448 434 1497 372 1494 237 1555 222 1617 368 1476 437
img08411.jpg 1713 857 1535 717 1513 502 1552 502 1539 731 1601 971 1528 502 1525 235 1498 193 1401 83 1452 430 1494 371 1496 234 1556 219 1624 367 1481 429
img08412.jpg 1712 860 1538 715 1511 505 1550 506 1548 729 1599 971 1526 505 1526 233 1500 190 1405 77 1455 426 1493 374 1498 232 1556 218 1630 367 1480 425
img08413.jpg 1709 868 1540 717 1510 508 1549 509 1554 727 1601 970 1523 509 1526 231 1502 189 1410 73 1458 419 1492 375 1499 230 1557 217 1636 368 1482 419
img08414.jpg 1702 877 1539 719 1507 510 1547 512 1556 726 1604 968 1521 511 1526 231 1505 190 1413 70 1458 419 1491 374 1500 229 1557 217 1638 367 1485 415
img08415.jpg 1694 884 1539 719 1505 511 1545 512 1556 726 1604 968 1520 513 1525 232 1505 186 1413 67 1454 415 1492 374 1501 228 1555 217 1638 367 1485 408
img08416.jpg 1685 893 1538 720 1503 511 1543 513 1555 724 1602 968 1518 513 1523 232 1504 184 1419 65 1453 412 1494 371 1501 227 1555 217 1636 367 1484 405
img08417.jpg 1672 901 1535 720 1501 508 1542 512 1552 723 1603 964 1518 511 1522 233 1501 183 1423 64 1451 407 1494 366 1500 227 1554 218 1637 366 1484 400
img08418.jpg 1660 909 1533 720 1500 506 1541 510 1554 723 1601 964 1517 508 1522 233 1500 184 1425 65 1449 404 1496 363 1500 226 1554 219 1635 367 1483 397
img08419.jpg 1646 914 1531 717 1500 505 1541 508 1552 724 1600 966 1517 506 1521 234 1501 186 1426 63 1447 400 1497 363 1500 226 1554 220 1634 366 1480 394
img08420.jpg 1635 920 1531 718 1499 505 1542 509 1555 725 1599 967 1517 505 1520 233 1504 189 1428 62 1446 397 1497 363 1499 227 1556 221 1633 366 1480 393
img08421.jpg 1629 924 1533 718 1499 504 1543 509 1557 728 1599 968 1517 506 1521 233 1503 189 1427 61 1448 398 1496 364 1500 228 1556 222 1633 364 1478 391
img08422.jpg 1619 932 1534 720 1499 505 1543 509 1558 727 1599 970 1516 505 1521 233 1503 188 1424 61 1448 400 1496 363 1501 229 1555 221 1630 363 1479 390
img08423.jpg 1615 930 1537 715 1499 505 1543 510 1557 725 1599 970 1515 506 1521 233 1502 186 1426 59 1446 403 1495 362 1501 230 1554 220 1630 359 1478 390
img08424.jpg 1604 935 1537 716 1499 506 1542 510 1558 723 1599 969 1515 507 1522 233 1499 183 1426 59 1446 404 1496 363 1502 231 1553 219 1630 356 1478 391
img08425.jpg 1595 938 1541 718 1499 506 1541 510 1558 725 1600 967 1514 506 1523 233 1496 182 1424 61 1447 406 1496 365 1504 230 1551 218 1631 355 1478 390
img08426.jpg 1582 943 1538 717 1499 507 1540 510 1556 724 1601 967 1514 507 1523 233 1497 184 1424 60 1444 405 1497 361 1504 229 1549 219 1628 354 1479 388
img08427.jpg 1575 945 1537 716 1499 507 1538 511 1558 727 1599 967 1514 509 1523 232 1496 183 1424 60 1444 406 1496 362 1505 227 1549 219 1630 355 1479 386
img08428.jpg 1565 950 1534 721 1501 507 1537 511 1559 731 1600 967 1514 510 1523 231 1497 187 1418 64 1446 406 1497 361 1506 226 1548 220 1630 358 1480 385
img08429.jpg 1567 950 1535 722 1501 509 1537 513 1562 732 1599 969 1515 512 1522 231 1498 187 1417 65 1447 407 1498 359 1506 226 1548 220 1630 359 1481 383
img08430.jpg 1568 949 1532 719 1501 510 1538 514 1559 733 1600 971 1515 513 1522 231 1498 186 1417 64 1448 407 1498 356 1506 227 1548 220 1631 359 1481 380
img08431.jpg 1569 949 1533 721 1501 510 1539 516 1560 735 1601 971 1516 514 1520 232 1500 185 1415 67 1449 408 1500 360 1506 228 1548 219 1631 360 1480 380
img08432.jpg 1570 947 1534 722 1501 511 1541 517 1558 735 1602 973 1517 515 1520 232 1500 186 1416 67 1450 402 1500 358 1506 229 1548 218 1633 359 1480 379
img08433.jpg 1571 948 1535 722 1500 512 1542 519 1555 736 1603 974 1517 516 1519 232 1501 186 1416 67 1446 402 1498 362 1506 229 1547 217 1630 355 1481 379
img08434.jpg 1569 949 1534 723 1500 512 1543 518 1555 736 1603 973 1517 515 1518 232 1500 188 1415 68 1444 399 1497 359 1506 228 1547 217 1630 353 1480 380
img08435.jpg 1568 951 1534 722 1501 511 1543 517 1554 736 1602 972 1518 513 1518 231 1500 190 1415 71 1444 401 1497 360 1505 227 1546 216 1626 354 1480 381
img08436.jpg 1570 949 1535 718 1501 510 1543 515 1555 732 1604 970 1518 510 1518 230 1497 188 1415 68 1445 400 1497 353 1505 227 1545 216 1625 353 1477 385
img08437.jpg 1571 951 1536 719 1503 508 1543 512 1557 729 1602 968 1520 507 1518 229 1495 187 1416 70 1443 404 1495 349 1504 226 1543 216 1619 353 1471 391
img08438.jpg 1570 951 1535 718 1505 506 1543 510 1556 725 1601 968 1522 503 1518 228 1494 187 1414 69 1446 405 1497 350 1502 225 1543 215 1619 354 1469 392
img08439.jpg 1571 949 1535 716 1507 506 1544 511 1552 723 1601 969 1524 503 1517 228 1494 186 1414 68 1446 405 1497 352 1500 225 1542 215 1615 356 1466 394
img08440.jpg 1568 949 1532 717 1510 507 1546 511 1553 721 1602 967 1526 504 1516 229 1491 187 1411 69 1443 401 1494 353 1499 225 1542 215 1612 357 1463 398
img08441.jpg 1567 950 1528 723 1512 507 1549 512 1552 723 1601 969 1527 505 1514 229 1490 191 1406 73 1438 403 1490 361 1496 225 1541 216 1611 358 1465 400
img08442.jpg 1570 948 1524 723 1513 507 1552 513 1552 723 1604 968 1528 505 1513 230 1490 195 1400 74 1438 402 1493 368 1494 225 1540 215 1610 361 1466 402
img08443.jpg 1581 943 1525 723 1514 505 1555 513 1552 723 1603 966 1528 507 1511 231 1487 196 1398 76 1439 405 1494 367 1492 224 1538 216 1607 363 1463 408
img08444.jpg 1593 940 1525 724 1515 503 1556 511 1552 724 1603 965 1529 505 1510 232 1484 199 1396 80 1437 409 1494 368 1491 222 1535 217 1603 365 1464 412
img08445.jpg 1605 935 1525 725 1516 501 1558 509 1549 725 1602 967 1530 503 1509 233 1485 200 1390 82 1437 412 1498 368 1491 222 1531 218 1602 365 1461 419
img08446.jpg 1622 926 1528 723 1518 498 1559 507 1545 723 1598 967 1533 502 1507 235 1481 200 1384 87 1438 413 1501 366 1491 223 1527 220 1598 366 1458 423
img08447.jpg 1633 919 1529 723 1521 498 1559 507 1539 723 1596 967 1536 503 1504 238 1479 202 1382 89 1436 420 1499 366 1490 225 1523 223 1592 366 1456 430
img08448.jpg 1640 915 1529 725 1525 498 1561 507 1532 725 1595 967 1541 503 1502 241 1476 204 1376 95 1433 423 1499 370 1489 229 1519 226 1588 370 1453 437
img08449.jpg 1645 910 1528 725 1530 500 1563 509 1524 725 1594 967 1547 506 1500 246 1471 209 1365 104 1428 431 1498 375 1489 234 1516 230 1584 375 1448 448
img08450.jpg 1656 902 1530 725 1535 502 1567 512 1520 725 1592 966 1554 510 1497 252 1467 214 1362 109 1421 438 1494 382 1487 241 1514 236 1576 382 1444 455
img08451.jpg 1662 899 1531 728 1541 505 1571 516 1513 726 1594 964 1562 514 1495 258 1467 221 1356 117 1415 449 1490 390 1485 249 1512 244 1571 390 1441 466
img08452.jpg 1668 896 1531 731 1547 509 1575 520 1506 730 1592 964 1569 518 1493 266 1464 228 1349 129 1410 458 1487 400 1483 258 1511 253 1567 400 1439 477
img08453.jpg 1670 895 1529 736 1553 515 1580 526 1501 734 1589 965 1577 524 1491 275 1463 241 1343 140 1403 472 1482 408 1481 268 1509 264 1561 411 1434 493
img08454.jpg 1671 897 1527 742 1558 523 1586 533 1493 737 1590 964 1583 531 1488 285 1462 253 1341 154 1399 484 1477 422 1477 281 1507 276 1553 425 1431 509
img08455.jpg 1667 902 1523 750 1565 533 1592 542 1486 741 1587 962 1589 538 1485 297 1459 268 1333 176 1397 501 1474 434 1473 295 1504 289 1545 437 1428 529
img08456.jpg 1657 909 1513 758 1570 545 1601 551 1480 746 1586 964 1594 548 1482 311 1453 284 1329 196 1392 519 1471 447 1469 311 1502 304 1538 453 1423 550
img08457.jpg 1646 916 1505 765 1575 556 1610 562 1474 749 1585 965 1599 558 1479 328 1450 302 1324 215 1390 538 1467 464 1465 329 1498 318 1531 470 1417 569
img08458.jpg 1636 922 1495 772 1580 567 1619 572 1469 753 1585 967 1604 568 1475 344 1448 316 1318 236 1386 557 1463 483 1461 347 1496 333 1523 486 1413 587
img08459.jpg 1625 927 1486 778 1583 579 1627 583 1466 759 1584 967 1610 580 1473 362 1446 331 1314 254 1381 577 1460 498 1458 366 1494 350 1519 504 1408 609
img08460.jpg 1614 932 1476 784 1587 592 1634 594 1463 764 1584 968 1615 592 1471 380 1443 348 1313 273 1377 596 1460 515 1455 385 1492 367 1515 521 1405 628
img08461.jpg 1604 937 1468 789 1591 605 1639 607 1459 770 1584 967 1621 605 1469 399 1444 367 1310 295 1373 615 1456 536 1452 405 1490 384 1510 541 1404 647
img08462.jpg 1593 942 1459 796 1593 619 1643 621 1456 778 1584 967 1626 619 1468 418 1442 386 1309 319 1367 636 1453 553 1449 425 1489 402 1506 561 1403 669
img08463.jpg 1583 947 1449 801 1596 634 1646 638 1448 783 1583 966 1629 636 1467 437 1440 405 1308 340 1364 655 1451 570 1446 445 1488 422 1502 583 1399 691
img08464.jpg 1573 952 1441 807 1598 650 1649 654 1443 789 1584 968 1632 653 1466 456 1437 426 1304 363 1361 678 1448 589 1444 464 1487 441 1498 604 1398 709
img08465.jpg 1565 958 1432 812 1599 665 1652 672 1435 798 1583 973 1633 670 1464 476 1437 447 1301 386 1360 697 1445 608 1442 482 1486 462 1496 628 1396 730
img08466.jpg 1559 961 1423 817 1599 681 1653 691 1431 803 1578 980 1635 687 1463 494 1433 466 1298 403 1361 716 1443 627 1440 498 1484 484 1492 651 1396 750
img08467.jpg 1558 963 1415 822 1600 698 1654 708 1426 812 1577 992 1635 704 1461 513 1431 484 1295 421 1361 735 1440 647 1439 513 1483 505 1490 673 1392 771
img08468.jpg 1558 968 1409 826 1601 714 1655 725 1425 825 1577 1005 1635 720 1460 531 1428 503 1293 441 1359 755 1440 667 1438 530 1483 526 1490 694 1391 793
img08469.jpg 1556 974 1403 830 1603 731 1656 742 1425 840 1573 1021 1636 737 1459 549 1427 523 1292 459 1360 770 1440 686 1437 546 1482 547 1489 714 1391 814
img08470.jpg 1553 980 1400 834 1606 748 1655 757 1425 855 1573 1036 1636 753 1459 566 1426 540 1292 476 1359 787 1439 701 1436 564 1482 566 1489 733 1391 835
img08471.jpg 1545 990 1398 837 1609 765 1656 773 1426 875 1575 1053 1636 769 1459 582 1427 558 1294 493 1354 807 1440 715 1435 584 1483 584 1492 749 1393 855
img08472.jpg 1533 1001 1397 839 1613 781 1655 788 1425 891 1574 1068 1638 784 1459 598 1426 574 1294 509 1352 824 1441 730 1435 601 1484 601 1494 767 1398 871
img08473.jpg 1521 1010 1396 839 1615 795 1653 803 1424 907 1572 1083 1640 799 1459 612 1427 589 1295 523 1351 839 1441 742 1435 615 1484 617 1496 782 1402 888
img08474.jpg 1506 1015 1394 837 1616 807 1651 817 1422 923 1571 1097 1642 812 1460 624 1427 602 1296 535 1355 842 1441 747 1435 626 1485 631 1499 797 1405 903
img08475.jpg 1495 1019 1393 835 1615 817 1650 830 1422 937 1571 1110 1644 823 1459 634 1429 612 1299 545 1366 843 1445 756 1435 634 1486 644 1501 809 1408 918
img08476.jpg 1486 1022 1393 834 1615 826 1649 841 1422 950 1570 1121 1646 832 1459 643 1426 621 1297 553 1386 831 1449 762 1435 640 1487 654 1501 819 1409 929
img08477.jpg 1477 1025 1391 833 1613 832 1649 850 1423 960 1571 1130 1646 839 1458 649 1425 629 1296 561 1403 817 1452 767 1435 647 1487 663 1500 828 1412 943
img08478.jpg 1469 1026 1389 832 1613 837 1651 856 1425 968 1573 1137 1646 845 1457 654 1424 634 1296 565 1421 802 1455 769 1436 654 1488 670 1501 834 1417 951
img08479.jpg 1466 1028 1391 833 1616 843 1652 860 1427 973 1575 1140 1646 850 1456 658 1421 637 1294 567 1431 796 1456 777 1435 659 1488 675 1502 837 1422 958
img08480.jpg 1459 1028 1389 832 1620 846 1652 863 1428 977 1576 1143 1645 853 1454 662 1417 639 1291 569 1433 793 1456 779 1435 663 1487 679 1503 842 1424 963
img08481.jpg 1455 1027 1388 831 1622 848 1652 863 1429 979 1577 1143 1644 855 1453 665 1418 641 1292 570 1430 799 1456 783 1433 666 1487 683 1503 845 1427 967
img08482.jpg 1454 1027 1389 831 1625 849 1652 863 1429 980 1577 1143 1642 856 1453 667 1417 641 1292 570 1424 809 1456 786 1432 667 1486 686 1502 845 1430 968
img08483.jpg 1454 1027 1390 831 1625 849 1651 862 1429 981 1577 1143 1642 856 1453 669 1418 644 1294 572 1418 823 1456 790 1431 668 1486 687 1501 847 1430 971
img08484.jpg 1453 1026 1390 831 1621 849 1651 862 1430 981 1577 1142 1641 855 1453 671 1417 647 1294 575 1416 839 1459 793 1430 670 1485 688 1499 847 1429 972
img08485.jpg 1453 1026 1391 830 1617 848 1651 861 1431 982 1579 1141 1640 854 1454 672 1418 648 1295 575 1411 858 1460 798 1429 673 1484 688 1498 848 1430 973
img08486.jpg 1452 1025 1392 830 1613 848 1652 861 1433 983 1580 1141 1641 854 1454 673 1419 650 1297 577 1408 876 1461 801 1429 675 1482 687 1498 847 1431 975
img08487.jpg 1450 1024 1391 829 1610 847 1653 862 1435 986 1581 1143 1642 855 1455 675 1420 653 1298 579 1408 889 1461 799 1429 679 1481 685 1498 848 1429 977
img08488.jpg 1449 1023 1391 828 1607 846 1654 863 1437 987 1583 1143 1643 856 1455 675 1418 652 1297 577 1409 899 1461 797 1430 683 1480 685 1499 848 1432 977
img08489.jpg 1448 1022 1391 827 1607 845 1655 863 1438 989 1585 1143 1644 858 1456 676 1420 652 1300 576 1407 908 1459 798 1430 686 1480 685 1499 851 1432 979
img08490.jpg 1448 1022 1390 828 1607 845 1656 864 1440 991 1587 1144 1645 859 1457 677 1421 653 1302 577 1408 914 1460 797 1431 689 1480 686 1499 851 1433 981
img08491.jpg 1448 1021 1390 828 1608 844 1657 864 1442 992 1588 1144 1645 859 1458 678 1422 655 1303 578 1408 916 1460 794 1431 690 1480 687 1500 853 1435 981
img08492.jpg 1448 1020 1391 827 1610 842 1657 863 1443 993 1589 1143 1645 859 1458 678 1422 656 1305 579 1407 917 1461 796 1432 689 1481 689 1500 853 1438 981
img08493.jpg 1450 1020 1394 827 1612 843 1657 863 1444 994 1589 1143 1646 859 1459 679 1423 658 1306 581 1405 917 1461 796 1432 686 1482 690 1500 853 1438 980
img08494.jpg 1448 1019 1393 826 1613 843 1656 862 1444 994 1589 1142 1646 858 1459 679 1422 657 1306 579 1403 917 1461 795 1431 682 1483 690 1499 852 1439 979
img08495.jpg 1448 1019 1393 827 1615 843 1655 860 1444 994 1589 1140 1647 856 1458 677 1420 656 1305 578 1401 916 1460 793 1431 677 1484 688 1498 850 1440 978
img08496.jpg 1447 1018 1393 827 1618 842 1655 859 1444 993 1589 1138 1648 855 1458 675 1420 653 1306 574 1399 915 1458 791 1430 671 1485 685 1497 846 1440 977
img08497.jpg 1446 1017 1393 826 1620 841 1654 856 1444 991 1589 1135 1649 852 1458 672 1420 648 1306 569 1399 905 1458 780 1430 666 1486 680 1496 842 1439 974
img08498.jpg 1445 1015 1390 825 1620 838 1653 851 1445 988 1589 1131 1650 848 1458 667 1419 643 1307 563 1398 900 1458 766 1430 660 1486 673 1495 837 1439 970
img08499.jpg 1453 1014 1392 827 1623 832 1653 844 1446 983 1590 1124 1651 841 1458 660 1419 637 1307 556 1396 898 1459 753 1430 652 1484 664 1494 829 1442 966
img08500.jpg 1463 1011 1396 827 1626 823 1654 835 1447 975 1591 1115 1652 831 1459 650 1423 628 1311 548 1394 894 1459 737 1431 644 1481 653 1493 819 1446 956
img08501.jpg 1475 1007 1400 827 1626 811 1655 824 1449 965 1592 1104 1652 819 1460 639 1422 614 1312 533 1394 887 1459 719 1433 634 1478 640 1494 807 1449 945
img08502.jpg 1491 1001 1406 826 1628 797 1656 811 1451 952 1594 1090 1653 805 1461 625 1425 602 1315 520 1391 889 1460 710 1436 622 1475 624 1494 795 1455 932
img08503.jpg 1508 993 1413 824 1631 782 1658 795 1454 938 1597 1074 1653 789 1461 609 1427 586 1318 504 1395 879 1460 705 1439 609 1472 607 1496 780 1460 920
img08504.jpg 1524 987 1419 820 1630 765 1659 777 1456 921 1599 1056 1652 772 1463 593 1431 570 1323 488 1405 853 1460 699 1442 594 1472 590 1496 764 1464 904
img08505.jpg 1534 980 1424 815 1628 748 1659 759 1457 904 1600 1038 1650 754 1464 575 1433 551 1325 468 1413 826 1460 694 1446 577 1472 572 1498 746 1470 889
img08506.jpg 1545 975 1430 810 1627 731 1659 739 1457 886 1600 1019 1647 737 1466 557 1436 532 1330 449 1425 798 1460 685 1449 558 1473 552 1501 729 1478 870
img08507.jpg 1551 970 1437 805 1626 715 1656 721 1456 869 1598 1002 1644 719 1468 537 1440 510 1335 427 1438 766 1459 674 1453 536 1475 531 1504 706 1486 851
img08508.jpg 1554 968 1444 800 1625 699 1652 703 1453 852 1594 989 1640 703 1472 517 1445 487 1340 403 1447 738 1459 658 1457 513 1478 510 1508 682 1496 828
img08509.jpg 1556 964 1452 795 1624 684 1646 687 1448 837 1591 980 1636 687 1474 495 1449 461 1345 377 1455 718 1462 637 1460 490 1480 487 1514 659 1506 805
img08510.jpg 1559 961 1462 788 1625 669 1639 672 1442 823 1587 974 1630 672 1477 471 1452 438 1348 353 1465 697 1467 614 1464 466 1484 463 1518 634 1516 777
img08511.jpg 1559 961 1469 782 1621 655 1630 658 1437 812 1582 972 1622 658 1480 447 1456 413 1353 328 1473 677 1472 593 1468 442 1488 439 1522 606 1525 751
img08512.jpg 1559 965 1472 777 1614 643 1620 645 1433 803 1577 970 1612 645 1484 424 1461 390 1357 300 1480 656 1480 568 1471 419 1494 416 1526 578 1535 724
img08513.jpg 1560 967 1470 773 1602 632 1607 633 1431 796 1577 967 1600 633 1488 400 1465 367 1362 274 1488 636 1488 544 1475 397 1501 392 1530 555 1541 698
img08514.jpg 1559 969 1465 770 1586 623 1593 621 1432 792 1577 965 1586 621 1493 378 1470 345 1367 248 1494 617 1493 521 1480 376 1508 368 1534 527 1548 675
img08515.jpg 1557 971 1457 768 1567 616 1579 610 1437 788 1578 965 1573 610 1498 356 1477 323 1371 221 1498 598 1497 499 1484 355 1515 346 1536 502 1555 655
img08516.jpg 1556 966 1456 766 1549 608 1567 598 1442 782 1581 964 1563 599 1503 336 1483 304 1378 196 1504 583 1500 476 1488 336 1524 325 1541 482 1560 636
img08517.jpg 1559 964 1453 760 1536 597 1557 586 1447 774 1584 965 1554 588 1508 318 1484 283 1384 174 1510 573 1506 458 1492 319 1532 307 1547 464 1563 620
img08518.jpg 1557 963 1455 754 1525 585 1550 574 1453 768 1586 966 1546 576 1513 301 1489 264 1392 154 1512 562 1508 442 1496 303 1540 291 1554 446 1567 605
img08519.jpg 1559 966 1462 747 1518 572 1546 562 1459 760 1588 966 1541 564 1518 287 1492 249 1399 137 1514 552 1511 428 1498 290 1547 278 1559 432 1569 588
img08520.jpg 1561 966 1473 743 1514 557 1543 551 1467 753 1591 966 1536 552 1523 274 1497 234 1409 120 1513 539 1512 414 1500 279 1555 266 1568 419 1571 575
img08521.jpg 1565 967 1480 736 1510 543 1541 541 1477 750 1592 967 1531 541 1528 264 1504 223 1419 108 1506 520 1512 405 1501 270 1561 257 1572 406 1572 563
img08522.jpg 1564 964 1492 733 1506 531 1539 533 1489 747 1595 968 1527 531 1531 255 1509 212 1426 99 1497 503 1511 397 1503 261 1567 250 1575 399 1571 550
img08523.jpg 1567 960 1502 729 1502 522 1538 526 1499 743 1598 971 1524 523 1534 248 1515 208 1432 91 1489 492 1507 389 1504 254 1571 243 1577 391 1574 543
img08524.jpg 1568 952 1509 724 1499 514 1538 521 1509 738 1596 973 1522 517 1537 242 1519 202 1439 83 1492 482 1508 383 1506 250 1575 238 1579 388 1575 538
img08525.jpg 1571 946 1515 720 1497 509 1537 518 1518 734 1596 974 1521 513 1538 238 1522 199 1444 75 1498 473 1511 379 1507 247 1578 235 1578 386 1574 534
img08526.jpg 1571 944 1518 718 1496 507 1538 516 1525 733 1595 972 1520 510 1540 234 1521 195 1448 69 1505 465 1514 375 1508 244 1579 231 1578 385 1574 533
img08527.jpg 1572 943 1523 721 1495 507 1538 515 1533 732 1593 971 1520 509 1542 231 1526 195 1452 61 1515 450 1517 369 1509 243 1581 228 1579 384 1575 532
img08528.jpg 1572 944 1527 724 1496 509 1537 516 1541 734 1593 969 1520 511 1545 229 1523 193 1457 57 1540 398 1533 338 1512 239 1579 223 1579 385 1572 532
img08529.jpg 1571 949 1530 729 1498 513 1537 517 1548 741 1594 966 1519 513 1548 227 1525 192 1461 53 1550 352 1541 316 1514 236 1578 219 1583 382 1571 533
img08530.jpg 1571 951 1536 727 1502 520 1536 520 1553 744 1605 968 1519 520 1553 227 1519 192 1467 54 1601 226 1580 226 1519 227 1571 210 1588 382 1571 537
