ResultRaw1 ResultRaw2 ResultRaw3 ResultRaw4 ResultRaw5 ResultRaw6 ResultRaw7 ResultRaw8 ResultRaw9 ResultRaw10 ResultRaw11 ResultRaw12 ResultRaw13 ResultRaw14 ResultRaw15 ResultRaw16 ResultRaw17 ResultRaw18 ResultRaw19 ResultRaw20 ResultRaw21 ResultRaw22 ResultRaw23 ResultRaw24 ResultRaw25 ResultRaw26 ResultRaw27 ResultRaw28 ResultRaw29 ResultRaw30 ResultRaw31 ResultRaw32 ResultRaw33
img20941.jpg 1169 884 1138 699 1123 529 1185 529 1185 714 1200 915 1154 529 1169 282 1154 236 1107 112 1077 529 1107 421 1123 282 1216 282 1216 436 1185 560
img20942.jpg 1157 889 1130 703 1121 534 1182 534 1186 718 1206 910 1154 531 1168 280 1155 229 1115 108 1075 527 1110 416 1123 282 1217 284 1216 436 1186 567
img20943.jpg 1124 891 1112 702 1119 534 1179 535 1188 717 1207 909 1152 533 1169 278 1155 229 1122 105 1073 526 1112 412 1124 281 1218 286 1219 438 1188 572
img20944.jpg 1092 890 1095 700 1117 534 1176 536 1189 719 1207 909 1150 534 1171 277 1156 225 1126 101 1071 525 1114 409 1126 280 1219 288 1220 440 1189 577
img20945.jpg 1060 889 1077 697 1115 532 1173 536 1190 719 1209 910 1148 535 1173 276 1157 227 1127 99 1069 524 1115 408 1128 278 1220 289 1221 442 1191 576
img20946.jpg 1025 881 1059 690 1114 530 1170 537 1189 720 1206 909 1145 535 1174 276 1157 227 1133 95 1069 519 1118 405 1129 277 1220 289 1221 446 1188 577
img20947.jpg 987 871 1039 681 1112 526 1168 538 1188 723 1205 908 1143 535 1176 276 1161 225 1134 97 1070 508 1121 403 1130 277 1219 289 1219 447 1186 578
img20948.jpg 957 855 1025 668 1110 524 1167 539 1188 724 1206 909 1140 534 1177 277 1162 222 1138 94 1074 495 1124 401 1132 276 1217 288 1217 449 1180 577
img20949.jpg 926 835 1010 654 1107 522 1167 541 1189 726 1208 907 1138 533 1177 278 1163 222 1141 94 1078 481 1127 401 1133 276 1214 287 1215 450 1175 575
img20950.jpg 891 812 994 638 1104 521 1167 542 1189 727 1206 908 1135 532 1177 278 1162 221 1144 96 1080 467 1130 399 1133 276 1211 286 1211 452 1168 580
img20951.jpg 860 789 980 624 1101 520 1168 542 1188 726 1202 907 1132 531 1176 278 1163 221 1142 96 1081 462 1128 401 1133 276 1209 286 1206 450 1163 581
img20952.jpg 838 773 969 612 1098 520 1168 542 1187 726 1200 906 1129 531 1174 279 1160 223 1142 94 1077 464 1125 404 1132 276 1205 286 1200 453 1154 582
img20953.jpg 816 759 958 603 1094 520 1166 543 1184 723 1196 904 1126 531 1171 279 1157 226 1138 95 1072 468 1118 407 1129 276 1202 288 1194 453 1147 585
img20954.jpg 799 749 948 597 1090 520 1162 543 1181 722 1191 902 1122 531 1166 278 1154 227 1135 94 1067 473 1109 409 1124 276 1198 288 1187 455 1139 588
img20955.jpg 792 750 941 596 1085 521 1157 544 1177 720 1188 900 1118 532 1160 279 1150 229 1132 93 1060 478 1100 411 1119 277 1193 289 1180 454 1129 587
img20956.jpg 790 756 937 597 1079 522 1151 545 1176 723 1190 902 1113 533 1154 280 1143 230 1128 93 1054 478 1093 411 1114 278 1188 290 1173 457 1119 588
img20957.jpg 786 763 931 600 1074 525 1144 547 1173 724 1191 903 1108 535 1148 281 1138 231 1120 95 1050 477 1088 411 1108 279 1181 291 1165 455 1112 588
img20958.jpg 792 783 928 610 1068 528 1135 548 1170 728 1194 907 1101 536 1140 283 1132 229 1111 96 1043 480 1084 410 1101 280 1174 292 1155 456 1102 586
img20959.jpg 806 807 927 622 1060 532 1127 550 1166 729 1198 906 1094 539 1132 286 1121 230 1101 96 1035 481 1079 411 1095 281 1167 293 1145 455 1095 586
img20960.jpg 822 833 926 636 1053 537 1118 551 1162 734 1203 906 1086 541 1123 289 1111 232 1087 97 1028 483 1074 413 1087 284 1158 295 1135 456 1088 588
img20961.jpg 842 861 926 654 1045 542 1110 553 1157 735 1206 906 1077 544 1112 292 1102 233 1075 99 1017 489 1065 418 1076 287 1149 297 1127 455 1081 589
img20962.jpg 861 887 924 669 1035 546 1100 553 1152 737 1204 905 1067 548 1100 295 1088 234 1061 102 1003 499 1055 424 1064 290 1138 299 1116 456 1073 591
img20963.jpg 873 905 920 680 1024 550 1090 554 1106 736 1137 901 1057 551 1086 297 1072 240 1048 102 989 509 1040 429 1048 294 1125 301 1106 457 1066 592
img20964.jpg 879 920 913 689 1013 553 1080 553 1098 738 1066 900 1047 554 1070 298 1056 243 1029 106 974 525 1024 434 1031 298 1109 302 1093 459 1056 592
img20965.jpg 875 928 902 693 1001 555 1069 552 1091 735 995 899 1037 555 1052 299 1040 245 1012 109 957 542 1008 435 1012 302 1091 301 1079 457 1045 590
img20966.jpg 867 931 890 694 988 555 1059 549 1082 735 921 898 1027 556 1034 299 1019 247 991 111 943 555 991 436 993 304 1072 301 1064 455 1034 588
img20967.jpg 860 934 878 694 976 555 1048 547 1069 733 849 899 1016 555 1015 297 997 250 970 111 930 564 977 435 976 305 1050 299 1051 449 1021 585
img20968.jpg 853 935 866 693 965 554 1036 543 1101 732 914 899 1004 552 996 296 977 249 947 113 916 570 967 435 961 303 1028 296 1037 443 1007 582
img20969.jpg 847 934 855 690 953 551 1023 540 1087 728 910 900 991 549 977 294 957 247 924 116 915 564 955 429 947 300 1006 294 1022 434 995 574
img20970.jpg 841 934 844 688 942 548 1008 538 1073 726 906 897 977 546 959 291 936 245 901 114 914 556 942 423 935 294 985 290 1005 428 981 567
img20971.jpg 835 932 834 684 931 544 993 536 1052 721 964 880 962 541 942 287 919 244 881 113 912 547 930 416 924 287 965 286 987 421 966 559
img20972.jpg 829 930 823 680 921 540 976 533 1030 718 966 877 948 537 925 283 903 240 865 113 910 535 916 409 912 281 946 281 971 414 950 553
img20973.jpg 824 927 813 675 910 535 961 531 1004 714 895 876 935 534 911 278 889 236 848 112 909 524 900 401 900 275 930 276 954 407 933 546
img20974.jpg 821 924 804 670 901 530 946 528 983 710 896 874 924 531 898 274 877 234 838 108 896 519 890 396 890 269 916 271 940 404 916 542
img20975.jpg 818 921 796 665 893 525 932 524 952 708 897 875 913 528 887 270 867 229 830 107 885 516 880 392 880 266 904 268 928 403 900 540
img20976.jpg 816 919 788 661 886 521 919 521 925 707 837 889 902 526 878 268 858 224 822 105 874 514 870 391 870 265 894 266 913 401 880 538
img20977.jpg 815 917 783 658 880 517 908 519 900 704 835 892 893 522 871 267 854 222 813 102 865 513 862 390 861 263 886 266 896 401 860 534
img20978.jpg 816 915 777 655 874 514 897 516 872 703 835 893 884 518 864 267 848 220 806 98 857 512 854 389 853 262 880 265 881 401 837 533
img20979.jpg 816 914 772 652 869 511 886 514 840 702 834 896 875 513 858 267 844 218 799 97 848 512 847 390 845 263 875 265 866 403 811 530
img20980.jpg 818 912 768 650 865 508 877 511 820 697 833 899 869 507 852 266 836 220 792 94 842 512 840 389 837 263 870 263 852 400 785 526
img20981.jpg 820 910 765 646 861 505 868 508 798 694 835 901 863 503 847 266 832 220 788 92 835 511 834 389 831 262 865 262 838 399 763 519
img20982.jpg 822 907 761 643 857 501 858 506 777 694 846 877 856 499 841 266 825 218 785 91 828 511 829 388 826 261 858 260 826 400 740 512
img20983.jpg 824 904 757 639 853 497 849 503 757 694 850 859 850 496 835 265 821 219 784 91 821 510 824 388 822 261 851 258 812 398 717 499
img20984.jpg 826 901 753 635 849 493 840 501 743 694 854 838 844 493 829 264 814 221 781 87 814 509 820 387 819 260 843 258 796 396 695 486
img20985.jpg 827 899 748 633 844 490 831 500 729 695 857 819 836 492 823 263 812 219 779 85 807 508 815 386 816 259 835 258 782 393 676 470
img20986.jpg 828 899 744 632 839 490 821 500 723 698 862 801 830 492 817 261 806 219 777 86 798 506 810 385 813 258 827 258 768 389 655 454
img20987.jpg 829 897 739 634 834 492 813 503 718 702 855 810 823 493 811 259 802 221 772 85 790 505 804 384 808 257 819 260 751 385 636 435
img20988.jpg 830 899 734 639 829 496 804 507 718 709 855 817 817 496 805 258 796 221 766 84 781 502 798 382 804 255 812 261 736 379 616 418
img20989.jpg 831 900 729 643 824 500 795 510 719 714 857 822 810 499 800 257 792 220 762 84 772 500 792 381 799 253 804 263 719 374 598 398
img20990.jpg 831 900 721 646 816 503 786 513 721 721 859 828 802 501 795 257 785 221 758 84 761 498 784 380 795 252 797 263 700 370 578 379
img20991.jpg 830 901 713 648 808 505 777 513 719 724 855 835 794 503 789 257 781 219 753 83 749 497 776 379 789 252 792 264 681 364 560 361
img20992.jpg 829 903 702 648 797 504 769 513 718 725 853 837 785 504 784 257 775 217 750 80 735 495 767 378 783 252 786 265 664 356 546 347
img20993.jpg 828 901 690 645 784 501 761 511 715 724 847 839 774 504 779 258 770 217 747 81 720 492 756 377 777 251 781 264 646 352 534 332
img20994.jpg 826 900 676 643 770 499 752 510 711 722 840 842 763 505 773 258 764 215 744 80 703 489 745 376 771 251 776 264 631 343 523 323
img20995.jpg 821 898 663 643 757 499 744 510 704 718 828 844 752 507 767 258 761 212 737 76 688 485 734 374 764 250 771 263 614 335 511 314
img20996.jpg 814 893 651 643 745 498 735 511 700 714 821 843 740 509 760 257 755 210 733 73 673 480 724 372 757 248 765 263 600 329 498 310
img20997.jpg 807 890 640 643 734 499 727 512 696 715 812 849 730 510 754 257 751 211 725 72 659 477 715 371 752 248 758 262 587 320 484 309
img20998.jpg 798 888 631 645 725 500 720 512 690 717 800 855 722 510 747 256 744 211 719 69 648 475 706 371 746 249 751 262 574 313 471 312
img20999.jpg 789 885 625 646 718 500 714 512 684 717 788 861 715 508 741 255 738 210 713 65 638 474 700 371 741 250 743 263 564 310 462 316
img21000.jpg 783 885 619 645 712 500 709 510 680 720 778 868 709 505 735 255 732 211 709 63 629 474 693 373 736 252 737 263 559 308 459 322
img21001.jpg 777 886 613 646 707 500 705 508 674 724 765 877 705 503 730 255 725 213 705 63 621 473 688 374 732 253 732 263 555 308 458 326
img21002.jpg 772 886 609 646 702 501 700 507 671 723 755 881 701 501 726 255 721 212 701 62 614 472 682 375 728 254 727 263 551 309 460 330
img21003.jpg 767 887 604 647 697 502 695 507 670 726 750 886 696 502 721 255 719 210 696 61 607 470 677 374 724 254 725 263 549 308 463 331
img21004.jpg 763 889 601 649 693 503 689 509 670 725 746 887 692 504 718 255 714 210 692 63 601 468 672 373 721 254 723 263 547 307 464 332
img21005.jpg 760 891 598 652 691 506 683 511 667 725 738 890 688 507 715 255 710 208 689 65 595 466 669 372 717 253 721 264 544 305 463 332
img21006.jpg 758 893 596 654 689 507 677 512 668 728 736 894 684 508 713 254 707 207 686 67 591 464 665 371 714 251 719 265 542 305 462 332
img21007.jpg 757 896 596 656 688 510 673 513 666 729 729 898 681 511 711 254 702 206 684 66 588 462 663 370 712 250 717 265 540 307 460 332
img21008.jpg 755 898 594 658 686 511 669 513 664 726 719 897 679 512 710 254 700 206 685 68 584 460 660 369 710 250 714 266 537 311 459 334
img21009.jpg 752 899 592 659 684 512 666 512 663 726 712 900 677 512 709 253 699 206 684 69 579 456 658 368 709 249 712 267 535 315 458 336
img21010.jpg 748 900 588 660 680 513 662 512 664 726 708 901 674 513 708 253 696 208 682 68 574 453 655 367 708 249 709 268 533 320 457 338
img21011.jpg 743 900 584 660 675 513 660 512 662 724 699 901 672 513 707 252 695 210 680 67 568 449 651 366 707 249 707 268 531 322 456 339
img21012.jpg 737 898 578 658 670 511 657 511 661 724 691 903 668 511 706 252 697 211 679 71 560 445 646 365 705 250 706 269 530 324 456 340
img21013.jpg 732 895 574 656 665 508 654 510 663 723 687 903 665 508 705 253 696 213 675 70 554 442 642 365 704 250 706 269 529 325 456 340
img21014.jpg 728 892 570 653 661 505 653 508 662 724 678 906 663 505 704 254 695 215 674 72 548 439 639 365 702 251 706 268 531 325 456 339
img21015.jpg 724 889 567 650 658 502 651 506 661 722 674 907 661 502 703 255 694 215 673 75 543 436 635 364 701 252 705 267 535 326 457 341
img21016.jpg 722 888 565 649 656 500 650 505 660 719 671 908 659 500 702 257 696 214 672 76 538 434 632 364 699 252 705 266 540 328 455 340
img21017.jpg 719 888 563 649 653 500 647 507 658 715 670 911 658 500 701 258 695 216 671 75 535 430 630 363 699 253 704 265 542 329 449 341
img21018.jpg 715 889 559 650 650 501 646 509 655 716 671 915 656 501 700 258 695 214 671 76 531 426 628 362 699 253 703 265 542 330 442 342
img21019.jpg 712 889 556 650 646 501 644 511 653 718 675 917 654 501 699 259 696 213 672 75 526 421 626 361 699 253 702 265 540 329 438 341
img21020.jpg 709 889 554 650 644 501 643 514 654 720 675 918 652 501 697 259 697 216 672 76 523 418 624 359 698 253 700 264 536 327 433 339
img21021.jpg 706 887 552 648 642 499 644 514 655 718 676 918 652 500 696 259 695 218 673 78 519 413 621 358 698 253 698 263 533 325 432 340
img21022.jpg 706 885 551 646 641 496 646 513 657 722 678 916 652 498 694 259 694 218 675 77 517 410 620 358 698 253 696 262 528 321 430 336
img21023.jpg 706 883 552 644 642 494 648 513 659 722 678 919 653 497 693 259 694 219 678 76 514 409 618 358 697 253 694 261 529 320 434 335
img21024.jpg 706 883 553 644 642 494 649 513 661 718 676 916 652 498 692 260 692 219 676 77 513 408 617 358 696 253 693 261 530 321 437 334
img21025.jpg 705 885 552 646 642 496 650 513 660 719 675 918 652 499 691 259 691 217 678 76 511 406 616 358 695 254 693 261 530 321 441 334
img21026.jpg 705 889 552 650 641 500 648 515 660 721 675 919 650 503 691 259 690 216 678 77 509 404 615 357 695 254 693 262 528 320 445 333
img21027.jpg 702 893 551 654 639 504 646 517 660 719 677 919 648 506 691 259 688 218 676 76 507 401 614 357 695 254 693 264 528 320 451 335
img21028.jpg 701 897 550 658 639 507 645 518 661 721 677 921 646 510 691 259 688 219 676 79 506 398 614 357 696 254 694 265 527 320 454 335
img21029.jpg 702 900 551 662 639 511 644 517 660 722 675 925 646 511 691 259 688 221 675 81 506 396 614 356 698 255 693 266 524 321 453 336
img21030.jpg 702 902 552 664 640 513 643 517 661 720 676 923 646 511 691 259 688 220 673 82 506 393 615 355 699 255 692 266 524 322 451 336
img21031.jpg 703 902 553 663 641 512 643 516 660 723 673 926 646 512 691 259 687 220 672 79 505 391 615 356 700 255 691 267 526 326 451 339
img21032.jpg 704 901 555 663 643 511 644 516 658 724 668 927 648 511 691 259 688 219 673 79 505 388 615 355 700 255 690 267 528 329 453 340
img21033.jpg 705 900 555 662 643 510 644 516 658 721 667 924 650 510 691 259 687 217 672 78 504 386 614 354 700 254 688 266 528 330 454 341
img21034.jpg 704 900 555 662 643 510 643 518 657 721 668 923 650 510 690 257 687 216 672 77 502 384 612 354 698 254 686 266 528 331 454 343
img21035.jpg 705 900 556 662 644 510 643 518 655 725 663 927 652 511 690 256 685 218 670 75 500 383 611 354 697 254 683 266 525 331 454 346
img21036.jpg 705 901 557 663 645 511 643 518 657 721 667 924 653 510 690 255 686 215 669 77 499 381 610 353 696 254 682 265 523 329 454 346
img21037.jpg 706 902 558 664 645 511 643 518 657 723 667 925 654 510 691 254 686 213 669 78 498 379 609 353 696 254 682 266 522 328 455 346
img21038.jpg 705 902 559 664 646 512 644 518 655 724 662 926 654 511 691 254 684 216 667 77 497 377 608 353 696 254 682 266 521 328 457 346
img21039.jpg 705 901 559 663 645 511 645 518 655 727 659 930 654 511 692 254 684 215 667 76 496 374 608 352 696 254 686 267 523 327 460 345
img21040.jpg 704 901 558 663 644 510 645 519 655 725 660 928 654 511 693 253 685 215 667 76 495 370 606 350 696 253 689 268 525 327 464 342
img21041.jpg 703 901 557 662 644 509 644 522 653 729 658 931 652 512 694 254 683 218 668 76 493 367 605 349 696 253 693 268 527 328 463 343
img21042.jpg 703 900 557 662 644 509 642 524 654 730 660 932 651 514 694 253 684 218 666 76 492 364 604 348 696 252 696 267 527 328 460 343
img21043.jpg 703 901 558 663 645 510 640 526 656 729 666 931 650 514 694 253 686 216 665 77 491 362 603 348 695 252 698 267 527 328 457 341
img21044.jpg 705 903 560 665 646 511 638 527 658 726 672 928 649 516 693 254 685 217 664 75 490 361 602 348 693 251 698 266 526 329 454 341
img21045.jpg 705 905 562 667 648 513 638 527 660 728 675 929 649 517 692 254 686 215 663 77 490 360 602 348 693 251 698 264 527 329 454 340
img21046.jpg 706 907 563 669 649 515 640 526 662 728 677 929 649 517 691 254 689 213 662 77 489 359 601 348 693 251 697 263 527 329 454 341
img21047.jpg 707 908 564 670 650 516 642 524 663 728 678 929 649 518 690 254 687 213 663 78 489 358 601 349 693 252 695 262 526 329 455 341
img21048.jpg 708 909 565 672 651 517 644 523 661 730 672 931 649 519 689 255 685 213 661 78 489 357 600 349 693 253 692 261 525 329 458 343
img21049.jpg 708 910 566 672 651 518 646 521 661 731 668 932 649 520 688 255 687 213 661 79 488 354 600 348 693 253 690 260 525 328 459 343
img21050.jpg 709 909 567 672 652 517 647 520 661 730 667 931 650 519 688 255 684 212 661 79 488 351 600 347 693 252 686 260 522 329 457 344
img21051.jpg 709 909 568 671 653 517 647 520 661 731 667 932 650 520 689 256 684 212 661 79 487 348 599 345 693 250 683 261 520 330 454 342
img21052.jpg 709 908 568 671 653 516 648 519 660 731 665 932 651 518 690 257 687 213 660 77 487 343 599 343 693 249 682 261 521 330 450 341
img21053.jpg 708 907 568 670 652 515 648 518 660 728 663 929 652 517 691 257 687 213 663 76 487 338 598 341 694 248 681 261 520 331 443 338
img21054.jpg 708 907 568 669 652 514 649 517 660 728 661 928 653 515 692 257 687 211 666 77 486 335 597 339 695 247 679 263 520 330 438 334
img21055.jpg 706 907 567 670 651 514 649 518 659 726 661 926 653 515 693 256 689 211 665 77 486 331 597 338 695 248 679 262 522 328 435 329
img21056.jpg 704 906 566 669 649 513 650 518 657 724 655 924 653 515 692 256 687 211 666 76 485 328 596 338 695 249 680 263 523 328 430 324
img21057.jpg 704 907 565 669 649 514 649 518 657 722 657 922 652 515 692 255 687 211 666 76 484 327 594 339 694 250 681 264 522 328 425 320
img21058.jpg 704 907 566 670 649 514 648 520 657 724 658 924 651 516 691 255 687 213 666 74 483 326 592 339 693 251 683 264 522 327 422 316
img21059.jpg 704 906 566 669 649 513 647 521 658 721 661 922 651 517 691 254 688 213 670 74 481 324 591 339 692 250 685 264 522 328 420 315
img21060.jpg 704 906 567 669 650 513 645 522 657 720 660 920 651 516 689 254 686 212 674 74 480 323 589 339 690 250 686 264 521 330 418 313
img21061.jpg 705 905 568 668 651 512 644 523 660 719 667 919 651 514 689 254 689 213 677 74 479 321 588 338 689 250 687 265 521 331 423 314
img21062.jpg 705 904 569 667 651 511 643 524 659 718 666 918 651 513 689 255 688 211 682 75 479 318 587 337 689 249 688 264 523 332 426 308
img21063.jpg 704 904 568 667 651 510 641 525 660 715 670 914 651 512 689 256 689 208 686 76 478 315 586 336 689 249 688 264 524 332 427 306
img21064.jpg 703 903 568 666 650 509 638 526 660 715 672 914 650 510 689 258 689 210 686 74 478 312 585 336 689 250 687 264 524 334 426 306
img21065.jpg 701 902 567 665 649 508 638 527 660 716 673 916 649 510 689 259 690 210 687 74 478 309 584 335 689 250 685 264 527 334 429 309
img21066.jpg 700 902 566 665 648 508 638 527 659 718 671 917 649 510 689 260 689 211 689 75 477 305 583 334 689 251 684 263 530 335 426 306
img21067.jpg 699 902 565 665 647 508 640 526 660 721 670 920 650 509 689 262 689 212 689 76 477 303 582 333 689 251 683 264 533 336 428 312
img21068.jpg 698 901 565 664 646 506 643 524 660 724 666 923 652 508 689 262 689 212 689 75 477 301 581 334 689 252 683 263 535 339 432 314
img21069.jpg 698 900 565 663 646 505 647 521 660 728 662 927 655 507 689 262 689 210 689 77 477 298 580 333 689 253 684 263 538 340 437 312
img21070.jpg 698 899 565 662 647 504 649 519 661 730 661 929 657 507 688 262 689 210 689 79 477 296 580 333 689 253 684 264 539 342 438 310
img21071.jpg 698 898 566 662 647 503 649 519 661 731 661 930 658 507 688 262 686 208 689 79 477 294 579 333 689 254 684 264 541 346 442 312
img21072.jpg 698 897 566 661 647 503 647 519 661 730 663 929 658 508 687 261 683 210 689 79 477 292 578 333 689 255 684 265 541 349 442 310
img21073.jpg 698 898 567 662 647 504 644 521 661 730 666 928 657 509 685 261 680 210 692 80 478 291 577 333 689 255 682 266 544 352 444 310
img21074.jpg 697 900 566 664 647 505 640 523 661 730 669 928 655 512 683 261 678 212 695 81 477 289 576 333 688 256 681 266 548 356 446 314
img21075.jpg 697 902 566 666 646 507 638 524 662 730 672 928 653 514 682 262 676 212 700 79 476 288 575 333 687 257 680 266 552 358 449 314
img21076.jpg 696 905 566 669 646 510 636 525 661 725 673 923 650 517 681 262 676 215 703 77 476 287 574 333 686 257 679 267 556 362 451 314
img21077.jpg 696 908 566 672 646 513 635 525 660 724 672 922 647 519 680 262 678 212 708 78 475 285 572 333 685 257 678 267 561 365 456 317
img21078.jpg 695 909 566 673 646 514 635 525 661 726 674 923 645 519 680 261 679 216 712 78 476 283 571 333 685 258 677 267 565 369 460 318
img21079.jpg 695 910 566 675 646 515 634 526 661 723 675 921 643 519 681 260 681 215 714 78 477 280 572 331 686 258 676 268 568 374 463 320
img21080.jpg 695 911 567 675 646 516 633 526 660 720 674 918 641 518 680 259 681 217 717 80 479 277 572 330 687 258 676 268 574 381 466 318
img21081.jpg 694 910 567 675 646 515 634 527 661 723 675 920 641 516 680 259 682 219 717 83 480 273 572 328 688 257 675 268 579 384 475 325
img21082.jpg 694 909 566 673 645 513 635 526 661 724 679 920 641 514 679 260 681 221 720 85 480 270 571 327 687 257 676 268 584 390 480 330
img21083.jpg 693 908 566 672 645 512 636 525 660 721 678 918 642 511 677 260 681 219 720 85 479 269 569 326 686 255 676 268 592 396 487 339
img21084.jpg 691 905 564 670 643 510 639 524 659 724 678 921 642 509 676 262 678 219 723 86 477 263 567 324 684 254 677 268 599 397 493 346
img21085.jpg 689 903 563 668 641 507 641 522 659 721 678 923 644 507 676 263 678 219 724 84 475 253 566 318 681 254 678 268 605 400 500 360
img21086.jpg 687 901 561 666 639 505 642 520 660 720 678 923 645 504 676 264 678 218 727 82 478 240 564 310 678 253 679 268 614 403 506 369
img21087.jpg 684 901 559 666 637 505 644 518 658 715 677 924 646 502 677 265 677 216 723 87 480 224 563 299 675 252 679 268 624 404 514 376
img21088.jpg 683 899 558 664 636 503 645 516 656 714 678 926 647 501 677 265 678 216 724 87 484 204 561 287 673 251 680 269 632 403 521 385
img21089.jpg 683 898 559 664 637 502 646 514 657 712 678 924 648 500 677 265 678 217 721 87 491 186 561 275 672 251 680 270 641 407 531 398
img21090.jpg 685 899 561 664 638 503 648 513 656 715 678 926 649 499 676 265 678 215 721 87 498 171 560 265 671 250 681 271 653 407 538 411
img21091.jpg 687 899 563 665 640 503 650 513 653 712 675 927 649 500 675 264 675 214 719 89 501 154 560 254 670 249 681 273 660 407 545 423
img21092.jpg 690 899 566 664 644 502 651 512 656 713 672 929 650 501 674 265 675 216 720 86 508 140 561 244 669 249 682 274 666 409 549 438
img21093.jpg 690 900 567 665 644 503 652 513 659 716 672 928 649 501 673 265 675 216 716 87 514 128 564 235 667 249 683 274 672 412 555 453
img21094.jpg 689 902 567 668 643 506 650 515 660 716 673 930 648 505 673 266 676 219 717 87 518 119 566 223 667 250 683 274 676 414 559 467
img21095.jpg 687 904 565 670 641 508 648 517 662 716 674 927 646 507 674 266 677 217 717 87 525 109 568 211 666 251 683 273 677 416 568 480
img21096.jpg 684 907 563 673 639 510 645 520 662 722 672 928 644 511 674 267 677 216 716 86 531 101 570 204 665 253 683 272 680 419 573 491
img21097.jpg 682 910 561 677 637 514 641 524 661 727 676 928 642 516 675 267 676 214 712 85 538 98 571 196 666 255 682 271 679 418 583 502
img21098.jpg 682 914 562 680 637 517 638 528 661 727 675 927 640 520 674 266 676 213 715 87 544 90 574 189 668 257 681 271 679 419 589 512
img21099.jpg 682 917 562 683 638 520 636 532 659 725 674 923 638 524 674 266 678 212 711 86 549 83 574 183 669 260 680 271 678 420 595 521
img21100.jpg 684 921 564 687 640 524 634 536 656 728 670 926 637 528 673 265 678 214 706 86 552 76 574 180 671 262 678 271 675 422 599 530
img21101.jpg 684 925 564 692 640 528 634 540 657 727 672 925 636 532 672 265 678 215 701 86 556 75 574 175 673 263 678 272 672 423 605 541
img21102.jpg 682 928 564 695 639 531 634 543 656 727 672 924 636 534 672 263 678 216 701 84 557 70 575 174 674 262 678 273 668 425 608 550
img21103.jpg 681 932 563 699 638 535 634 547 654 726 668 924 635 539 672 262 678 215 697 80 560 68 572 170 674 261 678 274 666 426 616 556
img21104.jpg 681 936 563 703 638 539 635 550 654 729 666 927 636 544 672 261 674 213 694 78 561 69 573 171 675 260 677 274 663 427 621 561
img21105.jpg 678 938 560 705 635 541 636 552 654 727 666 925 636 547 672 260 672 209 693 75 563 70 571 174 674 258 677 275 664 427 629 565
img21106.jpg 677 941 560 707 634 543 637 554 654 727 666 926 637 550 671 260 672 206 694 72 563 71 571 175 674 257 675 276 662 429 635 566
img21107.jpg 677 942 560 709 634 545 637 555 653 728 663 926 637 552 671 261 671 203 695 70 563 76 568 177 673 256 673 275 661 431 638 567
img21108.jpg 676 942 560 709 634 544 636 554 653 730 665 928 637 551 670 262 670 204 694 72 561 78 566 182 674 255 672 275 660 432 638 568
img21109.jpg 674 940 558 708 632 543 635 552 654 731 668 929 636 549 670 262 669 206 695 74 562 81 564 186 674 255 672 274 659 432 637 567
img21110.jpg 675 940 559 707 633 542 633 550 655 733 671 931 635 546 670 263 670 209 697 77 560 84 562 186 675 254 672 273 657 430 634 566
img21111.jpg 676 939 561 706 634 541 632 548 653 732 669 930 634 543 670 263 670 210 699 78 560 86 560 188 677 255 673 272 657 429 628 563
img21112.jpg 677 938 563 705 636 540 631 545 655 730 675 928 634 540 670 262 673 213 702 82 558 86 558 188 678 256 674 271 656 429 625 558
img21113.jpg 680 938 565 705 638 540 631 543 656 729 676 926 634 538 670 262 676 214 703 82 557 90 557 188 678 256 675 271 655 428 620 557
img21114.jpg 683 937 569 705 642 539 632 543 655 727 674 924 635 537 670 262 676 213 706 81 553 91 553 189 677 257 676 271 655 427 616 554
img21115.jpg 683 936 569 704 642 538 634 542 656 725 673 923 636 535 670 263 677 211 711 82 551 91 551 189 677 258 678 271 655 426 609 551
img21116.jpg 682 934 569 702 641 536 636 541 658 723 677 920 637 533 671 263 677 211 717 87 546 89 549 189 675 258 679 273 655 425 605 549
img21117.jpg 680 932 568 700 640 534 638 541 656 722 671 920 638 532 672 265 675 209 718 85 545 88 548 190 674 258 679 275 656 422 600 549
img21118.jpg 680 931 567 699 639 532 639 540 656 722 670 920 640 531 672 266 675 209 722 85 541 88 547 194 673 258 680 276 656 424 597 545
img21119.jpg 679 930 567 699 639 532 640 539 657 720 671 918 642 531 672 267 679 211 724 86 539 86 549 195 673 257 679 277 657 424 593 545
img21120.jpg 680 931 569 700 640 533 640 539 657 719 671 917 642 532 672 266 679 211 723 87 539 87 549 198 672 257 678 278 657 424 593 544
img21121.jpg 684 934 574 702 645 535 639 540 656 720 671 917 642 534 672 266 678 212 717 85 541 90 547 200 672 257 677 278 656 426 592 546
img21122.jpg 687 936 577 705 648 538 638 540 656 720 671 917 641 535 672 266 678 213 713 83 541 92 548 201 672 257 677 277 656 426 593 546
img21123.jpg 690 938 580 707 651 540 637 542 655 720 672 917 639 536 671 265 676 213 712 85 544 91 548 201 672 258 677 277 657 426 593 550
img21124.jpg 692 940 582 709 653 542 635 544 654 722 671 920 637 538 671 265 674 212 710 85 544 90 547 200 672 259 677 276 657 425 597 552
img21125.jpg 694 941 584 710 655 542 634 544 653 723 670 921 635 538 671 265 673 214 706 84 543 90 547 199 673 260 677 275 658 426 599 555
img21126.jpg 690 941 581 710 652 542 632 545 651 723 668 921 633 536 670 265 674 214 705 84 543 89 546 199 673 260 677 274 659 425 604 556
img21127.jpg 688 939 579 708 649 540 631 543 650 722 667 920 632 535 670 264 673 214 705 87 540 89 543 199 673 259 676 273 659 428 609 558
img21128.jpg 685 937 577 707 647 539 632 541 650 720 668 918 632 534 670 264 672 212 703 87 538 89 541 198 673 258 674 273 658 427 613 561
img21129.jpg 683 936 576 705 646 537 633 539 651 718 669 915 632 533 669 264 670 212 699 89 540 92 540 198 673 257 672 273 659 429 618 562
img21130.jpg 683 935 575 705 645 537 634 538 653 717 671 914 633 533 669 264 669 211 698 91 538 93 538 198 673 256 670 274 656 430 622 562
img21131.jpg 684 935 577 704 647 536 636 538 654 717 673 914 634 532 668 263 668 211 695 93 537 93 537 198 673 256 668 274 655 431 623 562
img21132.jpg 684 935 578 705 647 536 637 539 655 718 674 915 635 532 666 263 667 211 693 94 538 92 538 198 673 257 667 274 654 430 625 562
img21133.jpg 683 935 577 705 646 536 637 541 655 720 674 917 636 531 665 263 665 212 691 96 537 94 537 199 672 258 667 274 655 430 627 558
img21134.jpg 681 934 576 704 644 535 636 542 655 722 674 919 635 530 664 263 666 212 697 94 538 95 535 200 670 259 667 274 656 428 626 557
img21135.jpg 676 933 571 703 640 534 635 543 653 723 673 920 635 529 662 263 668 213 699 93 538 94 534 200 667 260 668 274 657 428 624 556
img21136.jpg 673 932 568 703 636 533 633 543 652 723 671 920 633 529 661 263 670 215 701 93 537 93 533 202 665 261 670 275 659 427 622 555
img21137.jpg 671 932 567 702 635 533 632 542 651 722 671 919 632 529 661 263 669 218 704 91 534 94 532 203 663 261 672 275 660 424 620 554
img21138.jpg 672 932 568 703 636 533 632 541 650 720 670 917 632 530 661 264 672 219 708 88 533 92 531 203 662 262 674 276 657 425 616 552
img21139.jpg 673 932 569 703 637 533 632 539 650 719 670 916 633 531 661 265 670 218 702 90 530 90 530 205 662 262 675 277 655 425 611 553
img21140.jpg 677 933 574 704 641 534 632 538 650 718 671 915 633 532 661 265 668 219 703 90 528 90 529 207 662 262 676 277 654 425 606 552
img21141.jpg 680 933 578 704 645 534 632 537 651 717 672 914 635 533 661 265 667 219 702 88 525 91 529 207 663 262 676 277 653 426 601 551
img21142.jpg 682 934 580 705 647 534 633 537 653 717 674 914 635 534 661 265 667 218 702 86 524 92 530 206 663 262 676 277 652 425 597 551
img21143.jpg 683 934 581 705 648 535 635 537 655 719 676 916 636 535 660 265 667 218 702 87 522 94 531 206 663 262 675 278 652 424 593 552
img21144.jpg 684 935 583 706 649 535 637 536 657 721 679 918 636 535 660 266 666 219 705 87 520 93 532 204 662 261 675 278 651 425 588 551
img21145.jpg 684 935 583 707 649 536 638 537 658 723 680 920 637 536 660 266 667 218 708 87 519 94 534 202 661 261 674 279 652 422 587 552
img21146.jpg 682 936 582 707 648 537 638 537 659 724 682 921 637 537 660 267 668 217 706 89 518 95 534 202 661 260 674 279 649 421 587 552
img21147.jpg 682 936 582 708 648 537 638 538 658 726 680 923 637 537 660 269 670 218 705 90 520 96 533 203 661 260 673 278 648 422 586 553
img21148.jpg 681 936 581 708 647 537 636 538 658 727 683 924 637 537 662 269 667 220 701 88 523 97 532 205 662 260 673 276 649 423 588 555
img21149.jpg 679 936 580 708 645 537 634 539 657 724 683 921 637 537 663 270 669 220 701 90 525 99 532 205 663 260 672 275 651 424 592 556
img21150.jpg 677 936 578 708 643 537 632 538 657 724 686 920 636 536 664 270 667 220 698 88 527 97 530 205 663 260 672 274 648 425 596 554
img21151.jpg 675 937 577 709 642 537 631 536 655 723 683 919 635 536 664 269 665 219 700 88 530 94 529 204 663 261 672 274 649 424 596 553
img21152.jpg 672 937 574 709 639 537 629 535 655 723 684 919 634 536 664 268 665 216 699 89 528 92 530 204 662 260 672 275 649 425 596 553
img21153.jpg 669 937 571 709 635 537 630 533 654 722 683 918 633 536 663 266 664 215 701 90 526 93 529 203 661 260 672 276 649 426 599 551
img21154.jpg 666 937 569 709 634 537 631 532 655 723 682 919 633 534 662 264 661 214 699 90 525 92 530 203 659 258 673 276 646 425 599 552
img21155.jpg 664 936 567 709 632 537 631 532 654 722 681 918 632 534 661 262 660 214 700 91 523 94 532 202 658 257 672 277 646 428 600 553
img21156.jpg 663 936 566 709 630 536 632 532 656 722 685 918 631 532 660 262 660 214 701 92 523 94 534 204 657 256 673 277 646 430 602 556
img21157.jpg 663 936 567 709 630 536 633 532 658 720 688 916 631 532 660 262 659 215 703 91 524 93 535 201 656 255 673 278 646 431 605 555
img21158.jpg 664 936 568 709 632 536 633 533 658 719 689 915 631 532 660 263 660 214 703 93 525 93 538 201 656 255 674 279 646 430 606 557
img21159.jpg 666 936 571 709 634 536 633 534 659 719 690 915 630 533 661 263 664 215 704 91 527 91 538 201 656 255 674 278 647 430 606 557
img21160.jpg 668 936 573 710 637 537 632 535 658 720 690 916 630 534 661 264 665 213 703 90 530 93 539 202 657 255 675 278 648 429 607 558
img21161.jpg 670 937 575 711 638 538 631 536 657 722 689 917 630 536 662 264 665 214 701 89 534 95 537 203 658 256 676 276 648 428 607 558
img21162.jpg 672 938 577 712 640 538 629 538 655 724 688 920 630 537 663 263 665 215 699 88 538 96 538 207 660 258 676 274 648 427 606 561
img21163.jpg 672 939 578 713 641 540 628 541 654 727 687 922 629 538 664 263 666 215 697 85 540 97 537 209 662 259 676 272 646 428 603 560
img21164.jpg 672 941 579 715 641 541 626 543 653 729 686 924 630 539 665 263 665 215 694 83 542 98 540 209 663 259 675 271 647 427 603 558
img21165.jpg 672 942 579 716 641 542 627 544 653 730 687 926 630 540 665 263 668 218 693 81 542 97 539 209 664 259 674 271 647 425 602 558
img21166.jpg 674 942 582 716 644 542 629 545 655 731 689 926 630 539 665 265 670 218 696 81 541 97 541 211 664 259 674 271 646 426 600 558
img21167.jpg 676 942 584 716 645 542 631 544 658 731 692 926 632 539 665 266 672 218 698 81 540 98 540 212 664 259 672 272 646 426 598 555
img21168.jpg 677 941 586 715 647 541 634 543 661 729 695 924 632 538 665 266 673 218 699 82 541 98 541 209 664 259 671 274 647 425 599 551
img21169.jpg 678 940 587 715 648 540 637 541 664 728 699 923 632 537 664 266 676 218 705 83 541 98 541 209 664 259 671 276 647 423 597 553
img21170.jpg 677 938 586 713 647 538 640 539 668 725 703 920 634 537 663 266 674 216 709 85 543 100 543 210 664 259 670 277 647 425 598 551
img21171.jpg 674 937 584 712 645 537 640 537 668 724 703 918 633 537 663 265 674 216 707 84 541 99 541 207 663 259 670 278 650 426 598 550
img21172.jpg 671 935 580 710 641 535 639 536 667 722 702 917 632 536 664 264 676 219 710 83 543 99 540 206 662 258 671 277 650 426 600 549
img21173.jpg 668 933 578 708 639 533 637 535 665 722 701 916 632 535 663 264 677 220 708 84 546 102 540 208 662 257 672 276 652 426 602 550
img21174.jpg 668 931 578 707 638 531 634 534 662 721 698 916 632 535 665 264 677 222 704 84 547 104 540 210 663 256 673 274 653 426 604 549
img21175.jpg 669 930 579 706 639 531 630 535 658 722 695 916 631 533 665 265 679 222 700 82 548 106 538 209 663 255 675 272 652 426 605 550
img21176.jpg 669 929 580 705 640 529 629 535 657 722 694 917 632 531 665 266 679 221 699 84 551 107 538 212 664 254 677 271 653 425 608 549
img21177.jpg 668 928 579 704 639 529 629 536 657 723 695 917 633 530 666 267 677 217 693 85 550 110 538 211 666 254 678 271 655 424 611 551
img21178.jpg 664 928 576 704 636 528 630 535 655 724 690 919 632 530 666 267 677 215 696 84 549 110 537 215 667 253 679 272 654 426 610 553
img21179.jpg 659 928 571 704 631 528 632 535 654 725 686 920 631 530 667 267 676 211 698 83 546 112 535 217 668 253 679 273 657 425 610 553
img21180.jpg 654 928 567 704 626 528 634 535 654 727 684 923 630 530 668 267 676 212 698 82 541 113 536 220 669 253 679 274 660 427 610 554
img21181.jpg 650 928 563 705 622 528 636 534 653 728 680 924 629 531 670 268 678 211 698 78 537 121 537 225 671 253 680 277 662 428 611 553
img21182.jpg 648 929 562 706 620 529 637 533 654 728 679 924 629 532 673 268 679 212 698 77 536 127 541 234 672 254 682 279 662 430 611 552
img21183.jpg 648 930 562 707 620 530 639 533 656 728 684 924 630 532 675 268 678 212 695 76 530 137 544 240 672 254 684 281 665 432 614 550
img21184.jpg 648 932 562 709 620 532 640 534 657 729 683 925 631 533 677 269 679 213 690 75 529 150 548 249 672 255 687 282 665 435 618 552
img21185.jpg 647 932 562 710 620 533 642 534 659 727 686 923 632 533 679 270 678 213 687 74 528 162 551 259 672 256 688 283 664 434 619 554
img21186.jpg 647 933 562 711 620 533 643 534 659 727 686 923 634 532 681 271 676 214 685 76 526 174 553 269 671 257 690 284 665 436 622 555
img21187.jpg 647 933 563 711 620 534 645 534 658 726 682 922 636 530 682 272 676 214 682 74 521 188 553 279 671 258 692 284 667 436 623 556
img21188.jpg 646 933 562 710 619 533 646 534 658 726 682 922 636 528 685 272 676 214 679 75 517 202 555 293 673 258 692 283 670 437 626 561
img21189.jpg 647 932 563 710 620 532 647 532 661 725 685 921 638 526 687 272 676 214 676 74 509 211 560 306 674 259 693 282 673 438 625 563
img21190.jpg 648 932 565 710 622 532 646 532 660 726 685 923 640 526 689 271 676 215 673 76 502 226 564 320 674 259 694 281 676 439 626 562
img21191.jpg 652 931 569 709 625 531 646 531 661 726 687 922 643 525 691 270 677 215 668 74 498 241 571 332 676 260 694 279 677 438 627 564
img21192.jpg 656 930 573 709 630 531 645 531 662 729 690 925 645 526 691 270 678 216 666 76 493 255 578 339 678 260 694 278 675 439 628 565
img21193.jpg 664 930 582 709 638 531 645 530 662 730 692 926 649 526 690 270 679 216 664 75 490 270 584 343 679 261 694 278 673 438 628 565
img21194.jpg 671 929 590 708 645 529 644 531 660 730 689 926 654 524 689 270 680 215 662 76 488 286 585 347 681 262 694 278 671 436 629 563
img21195.jpg 682 927 600 706 656 527 645 531 661 728 689 924 661 521 688 270 681 214 661 76 484 297 587 347 684 263 693 278 670 435 631 562
img21196.jpg 689 924 608 703 663 525 645 531 659 726 686 922 664 518 688 270 683 213 659 77 481 309 585 347 686 264 693 279 668 433 630 564
img21197.jpg 696 922 615 701 670 522 647 530 660 723 686 919 669 514 688 270 684 211 657 77 479 318 583 348 686 265 693 280 669 431 627 562
img21198.jpg 699 920 618 699 673 520 649 528 659 719 683 915 673 511 689 269 686 212 656 76 473 325 579 349 687 264 694 279 671 429 624 559
img21199.jpg 701 919 621 698 676 519 651 526 659 718 681 914 675 510 691 269 686 214 656 78 470 330 576 348 687 264 696 279 671 431 624 558
img21200.jpg 698 919 618 699 673 520 654 523 660 717 679 914 673 512 693 268 684 214 657 78 466 336 572 348 688 264 697 279 672 429 621 557
img21201.jpg 695 921 616 701 670 521 658 521 661 717 679 911 673 515 694 269 685 215 658 79 461 336 570 348 688 263 699 278 673 430 621 554
img21202.jpg 690 922 611 702 665 523 660 520 658 717 674 911 670 518 695 270 686 215 661 77 458 339 569 345 689 262 700 278 677 428 621 554
img21203.jpg 688 923 609 703 663 523 662 520 660 718 671 913 668 519 695 271 685 214 660 77 457 341 568 344 689 262 702 278 679 429 622 553
img21204.jpg 683 924 605 704 658 524 664 521 662 717 677 910 663 521 694 273 687 214 661 76 456 342 568 342 689 262 704 278 684 429 623 554
img21205.jpg 681 924 603 705 656 525 666 522 661 716 677 908 661 521 693 275 690 215 658 76 457 344 567 344 690 263 706 278 687 429 626 552
img21206.jpg 679 925 602 706 655 526 666 524 663 715 676 914 659 521 694 276 689 214 660 76 455 346 574 339 689 264 708 278 692 429 628 554
img21207.jpg 676 926 599 706 652 526 667 526 665 715 677 916 659 521 694 276 687 216 658 77 454 346 574 342 688 264 710 278 694 430 632 553
img21208.jpg 672 926 596 707 648 527 666 528 665 713 681 914 659 523 695 275 687 217 659 77 455 345 573 341 687 265 712 277 697 430 636 554
img21209.jpg 670 926 594 707 647 527 666 529 665 713 677 914 663 524 696 274 687 217 659 79 454 346 571 342 687 265 714 277 699 430 640 553
img21210.jpg 666 926 590 707 642 526 664 532 663 716 676 913 666 524 697 273 685 216 660 79 454 345 570 341 686 265 715 276 701 432 644 556
img21211.jpg 663 925 587 706 639 525 664 533 664 718 681 907 669 525 697 272 685 218 658 78 455 346 561 346 686 264 716 276 700 433 649 557
img21212.jpg 661 924 586 705 638 525 665 533 666 716 684 900 672 525 698 272 687 217 657 78 453 347 557 347 688 265 716 276 701 436 654 560
img21213.jpg 660 924 585 705 637 524 667 534 665 718 684 897 674 524 699 271 686 216 657 78 451 348 557 348 690 264 715 277 701 436 660 563
img21214.jpg 661 924 586 706 637 525 669 534 665 720 681 897 673 524 700 270 686 215 656 77 450 348 559 348 691 265 716 277 700 436 665 565
img21215.jpg 662 924 588 706 639 525 673 533 667 722 683 898 672 524 700 270 685 214 656 75 452 347 561 347 694 265 716 278 703 435 667 562
img21216.jpg 663 924 590 707 640 525 676 534 666 721 679 898 671 523 701 270 687 212 655 75 452 346 563 346 696 266 716 279 705 435 672 560
img21217.jpg 664 925 591 707 642 526 677 535 666 725 676 903 670 523 701 270 687 211 654 77 452 344 565 344 697 267 716 280 708 434 672 559
img21218.jpg 664 925 591 708 642 526 678 536 666 727 676 906 669 524 702 269 687 210 654 76 452 344 565 344 697 268 717 281 711 433 672 555
img21219.jpg 662 924 589 707 639 525 680 537 666 726 674 904 670 524 702 270 687 211 654 76 452 344 565 344 696 269 716 280 711 434 672 556
img21220.jpg 659 924 587 707 637 525 681 537 664 725 669 904 671 525 701 269 688 212 655 78 453 347 563 347 693 269 716 280 709 436 673 558
img21221.jpg 656 923 584 707 634 524 680 536 664 725 670 905 672 526 700 269 688 213 655 78 453 347 563 347 689 270 716 280 709 437 670 561
img21222.jpg 654 923 582 706 632 524 682 534 662 726 665 905 674 526 698 268 689 214 656 77 454 345 561 348 684 270 716 279 707 437 668 565
img21223.jpg 654 923 583 707 632 524 682 533 660 725 660 906 675 526 697 268 690 214 655 78 454 345 560 348 681 270 715 279 705 436 666 566
img21224.jpg 657 924 586 708 635 525 681 531 662 724 664 904 676 525 695 268 691 214 653 76 454 343 556 346 678 270 716 280 703 437 665 566
img21225.jpg 660 925 590 708 639 526 679 530 663 723 669 904 675 524 695 269 692 214 651 74 451 339 555 342 677 269 716 281 701 436 660 566
img21226.jpg 664 924 594 708 642 526 677 529 662 724 669 905 673 522 695 269 691 214 651 75 448 336 555 339 678 268 715 282 697 435 656 565
img21227.jpg 666 924 597 708 645 525 673 530 663 724 674 905 671 521 696 269 692 215 648 75 445 333 555 334 679 268 716 283 695 433 654 564
img21228.jpg 666 924 597 708 645 525 669 531 665 722 682 903 669 520 696 269 691 217 647 73 445 328 554 330 679 268 715 284 691 436 650 564
img21229.jpg 665 923 596 707 644 524 666 533 666 725 685 906 666 519 697 269 689 217 648 75 443 327 553 329 680 268 714 284 689 435 645 562
img21230.jpg 663 923 595 707 642 524 665 534 667 720 689 901 664 520 698 270 688 216 649 76 443 326 554 329 681 268 713 284 688 435 643 560
img21231.jpg 661 924 593 709 640 526 664 535 666 717 688 899 662 522 698 271 687 215 648 74 443 326 552 328 682 268 713 284 687 436 639 558
img21232.jpg 660 926 592 711 639 528 664 535 666 716 689 898 661 525 698 272 684 214 648 76 445 328 552 329 684 268 712 283 684 436 636 556
img21233.jpg 662 928 594 713 641 529 663 535 663 717 682 900 659 527 699 274 684 213 651 77 446 330 550 329 686 268 711 283 684 435 632 556
img21234.jpg 663 930 596 715 643 531 663 534 662 718 681 901 657 530 698 276 683 213 650 76 448 330 549 325 687 269 711 283 683 435 629 557
img21235.jpg 666 931 599 717 645 533 663 533 661 723 678 907 656 531 697 277 685 213 648 76 449 333 551 322 687 270 711 284 682 435 624 559
img21236.jpg 669 931 603 717 649 533 661 532 660 727 678 911 655 530 696 277 684 213 651 76 447 334 549 320 686 271 710 285 681 437 623 559
img21237.jpg 672 931 606 717 652 532 661 530 659 728 676 913 656 527 695 276 686 213 650 73 446 338 550 318 684 272 709 286 680 437 623 559
img21238.jpg 673 930 607 716 653 532 661 528 660 727 678 912 658 524 694 275 687 211 651 73 445 341 551 317 683 273 709 287 678 438 624 558
img21239.jpg 676 929 611 715 656 530 660 528 657 727 674 912 660 520 693 274 687 213 651 73 445 344 553 318 683 273 707 287 678 437 625 560
img21240.jpg 679 927 614 713 659 528 658 529 655 724 671 910 662 517 693 273 685 213 652 73 443 345 550 318 684 272 705 288 679 438 625 560
img21241.jpg 683 924 618 711 663 526 657 530 657 725 676 911 664 516 694 273 686 214 651 75 444 347 550 317 687 270 703 288 677 436 627 563
img21242.jpg 689 921 624 708 669 523 654 532 656 723 677 909 666 516 694 273 686 212 650 75 445 346 546 319 688 270 701 287 677 438 627 566
img21243.jpg 695 919 631 706 675 521 651 534 657 724 681 910 665 516 694 272 683 214 648 75 444 347 547 320 689 269 699 287 677 438 627 568
img21244.jpg 701 918 637 705 681 520 649 535 658 725 686 911 664 518 694 272 685 213 647 77 442 346 546 322 690 269 698 287 676 441 629 568
img21245.jpg 703 918 639 705 683 520 647 536 660 728 692 913 662 520 692 272 684 213 646 78 443 346 546 322 690 269 696 287 675 443 631 569
img21246.jpg 702 921 639 708 683 523 646 537 660 725 692 911 661 521 691 272 683 214 645 77 444 345 546 325 689 270 695 286 674 445 630 570
img21247.jpg 699 922 637 710 680 525 645 536 662 727 696 913 661 521 690 272 683 217 644 76 445 346 551 322 687 270 693 286 673 443 629 568
img21248.jpg 695 923 633 711 676 525 649 533 661 725 692 912 664 520 689 272 683 215 647 75 448 344 550 323 686 270 693 284 674 444 628 568
img21249.jpg 688 922 627 710 670 524 654 528 663 722 691 910 667 517 687 271 682 216 645 73 450 344 551 320 685 269 692 283 675 442 623 563
img21250.jpg 685 919 624 707 667 521 661 520 664 718 685 906 674 511 686 271 682 215 645 71 452 343 555 321 684 267 692 281 676 440 616 555
img21251.jpg 683 914 621 703 664 516 670 513 665 718 679 908 677 506 684 271 681 216 643 70 453 342 558 320 683 265 692 281 678 437 605 542
img21252.jpg 679 911 618 699 660 513 678 507 664 718 670 908 680 502 683 270 680 213 642 72 453 340 557 321 682 263 692 281 677 434 592 526
img21253.jpg 675 909 615 698 657 512 681 504 666 717 670 908 679 501 683 270 681 213 641 73 453 339 559 320 683 261 691 281 672 432 578 507
img21254.jpg 673 909 613 698 655 511 681 504 666 718 670 909 677 501 683 269 678 213 641 75 452 335 562 320 682 261 691 282 663 429 562 486
img21255.jpg 669 910 610 699 651 513 677 508 666 721 673 913 674 502 684 267 678 216 638 75 451 335 561 320 683 262 690 283 654 427 546 467
img21256.jpg 668 912 608 701 650 515 672 512 666 724 678 916 670 504 687 266 678 215 639 78 450 336 562 318 685 262 689 284 639 424 533 449
img21257.jpg 666 913 607 703 648 516 665 516 665 726 682 918 667 506 689 263 677 215 638 80 450 338 563 317 688 262 688 284 627 422 522 435
img21258.jpg 666 914 607 704 648 517 661 520 666 728 688 920 665 508 691 261 678 216 636 80 447 337 562 317 690 261 687 284 615 417 509 421
img21259.jpg 666 915 608 705 648 518 657 523 665 730 689 922 664 509 692 259 680 215 636 81 445 339 564 319 692 259 685 284 604 412 500 412
img21260.jpg 668 915 610 706 650 518 656 524 665 732 690 924 662 512 694 258 679 213 638 81 443 338 565 318 694 258 683 283 594 405 492 399
img21261.jpg 668 915 611 706 651 518 656 526 665 731 691 923 661 514 694 258 680 212 642 79 441 336 565 318 694 256 681 283 588 401 488 392
img21262.jpg 670 915 613 706 653 518 656 528 666 727 692 919 661 515 694 258 681 213 645 77 439 334 566 319 694 255 679 282 584 398 485 386
img21263.jpg 673 915 616 706 655 519 657 529 663 726 687 919 661 518 693 259 678 215 645 78 439 336 566 317 695 255 678 282 582 393 485 380
img21264.jpg 674 916 617 707 657 519 658 529 661 722 681 916 660 519 693 260 680 216 646 76 441 334 565 316 695 254 677 282 581 393 485 374
img21265.jpg 674 916 618 708 657 520 658 528 663 719 685 913 660 520 692 260 682 216 644 75 443 336 563 317 694 254 678 281 582 395 488 374
img21266.jpg 674 917 618 709 657 521 658 528 663 718 684 912 659 521 691 259 682 217 644 74 447 337 564 318 695 255 678 280 587 397 492 374
img21267.jpg 673 918 617 710 656 521 657 527 662 716 684 911 659 521 690 259 681 216 643 74 450 337 564 318 694 255 678 280 589 397 495 368
img21268.jpg 672 917 616 709 655 521 657 527 663 716 686 911 658 521 690 258 682 215 644 73 450 336 565 320 694 256 679 279 593 399 501 367
img21269.jpg 671 917 616 709 654 520 655 527 664 719 689 914 658 520 689 257 679 213 642 72 450 336 566 320 693 256 678 279 598 401 510 366
img21270.jpg 670 916 616 709 654 520 654 528 663 722 688 917 657 519 689 258 678 213 641 73 447 338 569 319 693 256 678 280 600 403 516 365
img21271.jpg 670 915 616 707 653 519 654 527 664 722 691 918 658 517 689 259 676 214 639 76 445 337 565 319 692 255 677 281 602 405 523 365
img21272.jpg 669 913 615 706 652 517 655 526 667 722 695 918 659 515 689 261 676 213 640 77 443 340 564 322 691 255 676 282 607 407 526 369
img21273.jpg 668 912 614 705 651 516 657 524 669 723 697 919 660 513 688 262 675 211 639 79 445 343 565 322 689 254 676 283 610 408 528 373
img21274.jpg 666 911 613 704 650 515 660 522 670 719 696 916 661 513 687 264 673 211 640 81 444 345 563 324 687 253 676 283 611 410 533 378
img21275.jpg 665 910 612 703 649 514 663 520 670 716 691 914 662 512 686 264 673 211 640 82 446 346 564 326 685 253 677 283 614 411 538 385
img21276.jpg 664 909 612 703 648 513 665 520 667 718 685 916 662 512 685 265 673 211 641 82 448 350 569 326 683 254 678 283 615 413 538 390
img21277.jpg 663 909 611 703 647 513 665 521 665 721 680 920 662 512 683 265 673 211 639 79 449 352 573 326 682 254 678 284 616 417 538 398
img21278.jpg 663 909 611 703 646 514 664 521 662 724 676 924 661 513 683 264 674 213 637 80 449 352 574 327 682 255 679 283 617 420 540 403
img21279.jpg 662 909 611 703 646 514 662 522 662 727 676 927 660 513 682 264 676 213 636 78 448 354 577 326 683 255 679 283 620 421 535 410
img21280.jpg 662 909 611 703 646 514 661 521 662 729 678 929 661 513 681 265 677 213 636 76 449 353 577 327 685 256 679 283 620 424 531 416
img21281.jpg 662 908 611 703 646 513 661 519 663 726 680 927 662 513 681 266 678 215 634 77 450 352 575 329 687 256 679 282 623 425 531 420
img21282.jpg 663 908 612 703 647 513 661 518 664 726 681 926 664 512 681 267 679 215 634 78 451 350 575 330 688 256 680 282 626 425 531 425
img21283.jpg 663 908 613 703 648 512 662 517 666 726 679 924 665 511 680 267 678 215 635 76 451 348 575 330 688 257 680 283 630 427 530 430
img21284.jpg 665 907 615 702 650 512 665 515 666 722 678 926 667 510 681 266 678 217 634 76 456 345 575 332 687 257 680 284 631 429 535 436
img21285.jpg 667 906 617 702 652 511 667 513 665 719 677 927 669 509 682 266 677 217 637 75 461 342 580 330 687 257 680 284 637 430 536 440
img21286.jpg 669 906 620 702 653 511 669 513 664 720 676 927 670 507 683 266 676 214 636 73 461 339 583 330 687 257 679 285 639 433 536 449
img21287.jpg 670 905 621 701 655 510 673 510 662 715 675 927 671 506 684 265 675 215 637 73 466 335 586 329 688 256 677 284 640 437 536 456
img21288.jpg 673 904 625 700 658 510 676 508 660 715 676 927 673 504 685 265 676 214 635 72 471 330 588 331 688 256 676 283 641 438 537 466
img21289.jpg 676 904 627 700 660 509 678 507 658 716 674 924 675 502 686 265 674 212 640 73 473 328 589 332 686 257 675 281 646 439 535 477
img21290.jpg 678 904 630 701 663 510 679 508 658 720 674 922 676 501 685 265 674 212 636 74 478 326 587 336 684 258 673 279 645 440 538 487
img21291.jpg 680 904 632 700 665 509 680 508 657 716 673 924 677 501 684 266 673 212 638 79 488 324 588 338 681 260 672 278 644 439 539 497
img21292.jpg 682 905 635 702 667 511 680 510 658 722 673 923 678 501 683 266 670 212 635 79 495 324 589 342 677 262 670 277 645 438 543 506
img21293.jpg 684 906 637 703 670 512 678 512 658 721 674 924 680 503 682 266 668 213 633 78 507 325 592 346 674 263 667 277 642 438 546 515
img21294.jpg 687 907 640 704 672 513 676 515 662 722 680 921 682 506 681 265 668 213 626 77 519 326 595 348 674 263 662 278 639 440 548 525
img21295.jpg 690 907 644 705 676 513 675 517 662 722 679 921 685 508 680 264 665 212 623 75 528 327 599 349 675 263 657 278 636 441 551 533
img21296.jpg 696 909 650 707 682 515 674 521 665 726 683 918 688 510 678 263 661 214 615 70 537 329 604 350 679 261 651 278 632 440 553 542
img21297.jpg 705 908 659 706 690 514 673 524 667 724 685 917 692 511 676 263 660 211 612 72 544 319 618 355 685 260 643 278 625 440 557 550
img21298.jpg 714 908 669 706 699 514 674 526 667 726 685 918 696 514 673 262 658 211 610 74 548 314 634 360 693 259 636 277 617 440 558 557
img21299.jpg 725 908 680 706 711 514 675 526 666 730 682 922 700 515 671 262 654 212 608 72 553 314 654 366 701 259 629 276 606 437 561 560
img21300.jpg 737 907 692 706 723 514 677 527 667 733 682 925 705 517 670 261 652 212 609 74 559 321 676 372 711 259 622 275 596 434 562 567
img21301.jpg 748 908 703 707 733 515 678 527 668 733 682 924 710 519 669 261 652 210 613 74 566 332 701 379 721 260 616 274 587 436 566 570
img21302.jpg 763 911 716 711 742 516 678 528 666 737 679 928 714 521 670 262 654 213 617 75 576 361 718 381 731 261 611 272 578 436 566 575
img21303.jpg 776 915 726 715 750 517 679 528 666 739 676 929 719 522 672 262 656 212 621 74 591 389 734 383 741 262 606 271 573 436 567 573
img21304.jpg 787 918 734 719 755 519 679 529 663 739 671 930 723 522 674 263 657 211 628 76 609 416 750 384 750 263 601 270 567 437 567 575
img21305.jpg 796 920 741 723 759 520 680 529 660 739 664 929 726 522 677 263 661 208 634 79 630 443 763 386 757 266 596 269 564 438 567 574
img21306.jpg 808 922 749 727 762 520 681 528 658 740 658 930 727 521 680 263 665 209 642 79 654 467 775 388 763 267 592 266 558 435 564 571
img21307.jpg 813 922 752 727 765 519 683 526 657 740 654 930 728 519 684 263 667 208 651 77 682 489 787 389 768 269 588 265 555 435 565 569
img21308.jpg 818 923 756 728 766 519 684 525 657 738 654 928 727 518 688 262 671 209 664 77 712 507 799 391 774 272 585 262 552 432 565 571
img21309.jpg 826 923 762 729 768 519 685 523 658 736 654 925 725 517 691 260 679 208 676 76 746 521 810 390 778 273 584 260 552 431 562 569
img21310.jpg 831 926 765 733 769 519 684 521 661 735 660 923 724 515 695 259 685 211 688 74 778 528 820 392 784 272 583 259 549 429 559 566
img21311.jpg 832 929 767 736 770 520 683 519 662 735 662 924 724 513 698 258 691 211 700 75 804 533 829 395 790 271 584 258 550 430 559 564
img21312.jpg 837 930 770 739 772 520 682 517 664 734 666 922 723 511 702 258 698 210 712 76 828 534 836 400 797 270 586 259 550 429 556 561
img21313.jpg 843 931 775 741 774 521 682 515 666 734 670 922 723 509 706 258 705 211 724 75 846 534 843 406 804 268 591 260 552 429 555 557
img21314.jpg 845 936 777 746 775 521 682 514 669 736 676 923 725 509 711 260 710 213 739 75 857 533 852 411 812 268 598 262 558 428 560 553
img21315.jpg 848 936 779 746 776 522 684 514 675 735 684 921 727 509 717 262 716 214 749 76 866 534 857 413 818 268 606 264 564 425 566 548
img21316.jpg 855 933 783 745 777 523 686 515 680 736 691 922 729 511 723 264 722 216 763 74 877 533 864 418 825 268 615 266 575 424 575 547
img21317.jpg 861 934 788 746 779 523 689 516 685 734 698 920 733 513 729 266 730 217 776 72 882 537 869 420 830 269 626 268 589 420 589 546
img21318.jpg 864 931 790 744 780 524 692 517 690 734 703 919 738 515 735 267 737 219 787 74 888 539 871 421 834 270 636 268 603 417 603 546
img21319.jpg 864 928 792 740 783 524 696 518 695 730 709 915 744 517 741 267 743 217 798 79 895 544 871 427 837 271 647 267 616 413 616 544
img21320.jpg 867 925 795 738 786 525 701 518 699 728 712 912 748 518 746 266 754 214 812 77 898 546 874 430 840 272 658 265 631 409 631 543
img21321.jpg 863 928 795 740 789 525 707 517 706 726 719 910 753 518 750 264 764 211 822 81 901 552 873 432 843 273 669 262 645 402 646 539
img21322.jpg 858 927 794 738 793 526 713 516 714 724 728 908 757 517 756 262 771 212 831 85 905 553 874 436 845 273 680 259 654 399 661 531
img21323.jpg 851 931 792 741 796 526 720 514 723 724 739 907 760 516 761 261 779 208 841 84 907 557 877 440 847 273 691 257 665 394 675 520
img21324.jpg 854 930 795 740 797 526 726 513 736 723 757 906 762 516 767 261 788 208 853 85 908 561 879 441 849 273 701 255 674 390 688 510
img21325.jpg 849 934 793 743 799 525 731 511 751 724 781 904 765 515 774 261 793 210 863 88 911 567 879 446 850 274 711 254 684 385 701 500
img21326.jpg 848 937 794 746 801 526 735 511 765 723 802 902 767 515 782 261 797 210 874 89 915 570 880 446 852 275 721 255 695 382 716 490
img21327.jpg 847 939 795 747 804 527 741 511 780 724 824 901 771 515 789 262 805 209 886 86 917 573 882 448 854 277 731 255 712 380 734 484
img21328.jpg 845 939 796 747 808 528 748 511 795 723 845 898 777 516 796 263 813 213 891 88 921 576 881 449 856 279 743 254 728 380 754 483
img21329.jpg 846 941 800 748 813 529 758 514 807 727 859 901 783 518 804 264 819 214 896 85 922 579 882 450 859 280 754 254 745 380 775 481
img21330.jpg 850 938 806 745 820 532 770 518 820 730 871 904 791 520 812 266 829 215 899 84 923 581 882 450 864 282 767 253 761 383 795 482
img21331.jpg 850 938 810 745 828 534 784 522 833 735 883 909 801 524 820 268 837 218 904 84 924 581 887 450 868 283 780 253 775 385 811 484
img21332.jpg 851 939 814 745 836 536 797 526 845 739 894 913 810 527 828 270 844 220 908 86 928 581 887 451 873 284 792 253 786 387 821 484
img21333.jpg 859 941 822 748 844 537 809 530 856 743 904 917 819 529 835 271 853 221 913 87 930 580 893 449 879 284 803 254 796 388 830 485
img21334.jpg 867 942 831 749 852 538 819 531 865 744 912 918 827 529 843 272 861 222 918 88 934 579 897 449 885 285 813 255 803 390 836 487
img21335.jpg 886 941 845 750 860 536 826 531 872 744 917 918 836 528 850 272 865 222 925 90 941 577 901 445 891 285 821 256 808 392 840 488
img21336.jpg 920 932 867 744 869 534 832 529 877 741 921 915 843 525 857 273 871 220 927 87 947 575 907 442 896 284 827 256 812 393 842 490
img21337.jpg 962 922 894 740 879 531 837 524 881 737 924 911 850 520 864 272 876 221 928 88 954 573 915 436 902 282 834 256 816 394 844 491
img21338.jpg 1008 907 925 732 889 527 840 518 884 731 926 905 857 515 870 270 881 222 929 87 964 568 922 434 906 279 840 256 818 395 844 491
img21339.jpg 1061 886 959 723 899 523 846 514 889 727 930 900 865 510 877 268 885 221 933 87 976 563 929 428 911 275 848 256 822 395 846 491
img21340.jpg 1113 860 992 711 907 520 851 508 893 721 933 895 871 503 882 265 891 221 935 85 987 557 938 427 916 271 855 255 825 395 848 491
img21341.jpg 1158 833 1021 699 913 516 856 504 898 717 937 890 877 498 887 261 897 221 938 87 1001 552 947 427 921 267 862 255 829 395 849 491
img21342.jpg 1197 807 1047 687 919 512 863 502 903 715 941 889 885 495 892 259 903 220 944 87 1013 548 958 426 928 265 867 256 832 397 852 492
img21343.jpg 1230 778 1069 671 925 509 870 502 910 717 946 890 893 494 897 259 909 219 951 86 1026 544 967 425 936 263 871 259 836 401 856 495
img21344.jpg 1254 755 1086 659 932 506 878 501 913 717 946 891 902 493 902 259 915 220 957 87 1039 539 981 423 946 262 873 262 839 406 859 499
img21345.jpg 1269 741 1099 649 943 503 887 501 916 718 944 892 913 494 907 261 921 221 962 87 1055 536 995 421 958 262 874 266 842 412 865 503
img21346.jpg 1282 731 1110 641 955 501 896 501 920 721 942 895 924 495 913 263 928 222 969 86 1067 533 1007 418 971 264 873 271 845 419 871 509
img21347.jpg 1288 729 1119 637 970 498 907 500 922 722 937 896 935 496 920 265 936 224 974 87 1081 530 1021 418 984 264 873 276 850 425 878 513
img21348.jpg 1290 737 1126 637 986 496 917 499 921 720 927 895 947 497 928 267 941 222 982 90 1093 530 1035 416 997 266 874 279 854 430 885 517
img21349.jpg 1286 748 1129 639 1002 495 927 498 925 720 926 894 959 497 937 269 948 221 989 93 1107 528 1051 419 1011 267 876 282 859 434 893 520
img21350.jpg 1283 762 1133 644 1018 496 937 498 928 719 923 893 971 498 947 271 956 223 997 96 1120 525 1069 417 1023 268 880 284 865 438 900 522
img21351.jpg 1277 780 1135 652 1031 498 947 498 931 716 920 889 982 499 957 274 965 224 1007 98 1136 526 1088 420 1036 269 886 285 871 440 906 524
img21352.jpg 1271 801 1138 664 1042 501 956 499 934 715 918 888 992 501 969 276 974 226 1019 101 1152 526 1107 421 1049 272 894 286 877 443 911 525
img21353.jpg 1264 821 1140 677 1051 504 964 500 941 713 922 886 1003 503 982 279 988 231 1028 108 1168 526 1126 425 1064 274 903 287 883 444 916 527
img21354.jpg 1262 839 1143 689 1060 509 973 502 943 712 919 883 1012 505 997 281 1000 235 1036 111 1183 528 1144 427 1081 278 915 288 887 444 919 530
img21355.jpg 1256 859 1146 704 1068 513 981 506 949 713 921 883 1021 506 1013 283 1015 237 1046 117 1198 532 1161 432 1099 282 928 289 892 443 920 533
img21356.jpg 1253 876 1150 716 1079 516 990 509 953 714 922 883 1032 508 1031 285 1032 241 1055 122 1209 537 1177 435 1118 287 943 290 899 439 917 534
img21357.jpg 1250 887 1155 723 1091 519 1002 511 958 714 920 881 1045 508 1050 288 1048 245 1062 126 1219 540 1193 439 1138 291 960 289 909 433 915 534
img21358.jpg 1250 892 1161 725 1106 521 1015 514 964 711 920 876 1059 509 1069 289 1065 250 1071 128 1225 542 1207 441 1158 296 978 288 918 427 912 534
img21359.jpg 1245 899 1166 727 1121 521 1028 514 971 707 921 870 1075 509 1088 290 1084 254 1079 132 1230 544 1218 440 1175 298 997 285 931 423 913 530
img21360.jpg 1244 900 1173 725 1138 519 1043 512 977 702 918 862 1092 507 1107 288 1101 252 1086 134 1233 544 1229 438 1191 298 1015 280 945 417 916 526
img21361.jpg 1243 899 1180 721 1153 515 1057 508 982 693 915 849 1108 505 1123 286 1114 252 1095 136 1236 541 1237 434 1204 297 1034 275 959 410 925 521
img21362.jpg 1245 896 1188 716 1167 510 1071 503 989 681 915 833 1122 502 1137 283 1128 249 1100 137 1237 539 1242 430 1215 294 1050 269 975 405 936 516
img21363.jpg 1248 893 1195 712 1179 505 1084 499 992 673 910 820 1135 498 1149 280 1137 245 1107 137 1240 537 1248 426 1224 291 1064 264 992 399 950 513
img21364.jpg 1254 889 1203 708 1189 500 1097 496 997 662 906 805 1146 496 1159 277 1146 240 1113 135 1243 533 1254 425 1232 290 1076 260 1008 395 964 514
img21365.jpg 1262 884 1211 703 1197 497 1109 494 1005 656 909 795 1155 494 1167 275 1154 238 1118 130 1244 532 1257 425 1239 289 1087 258 1024 390 980 512
img21366.jpg 1269 882 1219 701 1204 495 1121 493 1012 653 914 789 1164 493 1174 274 1161 236 1121 129 1246 532 1261 426 1246 289 1096 256 1038 387 996 513
img21367.jpg 1275 879 1225 698 1211 493 1133 493 1017 654 915 788 1172 493 1180 273 1167 233 1125 128 1247 532 1266 426 1251 289 1105 255 1048 389 1015 513
img21368.jpg 1280 877 1231 697 1217 493 1143 494 1024 657 921 789 1180 493 1185 272 1175 230 1126 125 1247 531 1267 427 1255 289 1114 254 1061 390 1030 515
img21369.jpg 1285 876 1236 696 1222 493 1152 494 1032 662 929 795 1187 493 1190 270 1180 230 1128 124 1246 530 1267 426 1256 288 1121 253 1074 391 1045 514
img21370.jpg 1290 875 1242 695 1227 493 1161 495 1040 666 938 799 1194 493 1193 269 1182 230 1128 126 1245 528 1267 424 1255 286 1128 253 1085 394 1059 515
img21371.jpg 1294 874 1246 694 1232 492 1168 496 1046 673 946 806 1200 492 1195 268 1185 230 1126 124 1244 525 1264 421 1251 283 1135 253 1100 396 1071 519
img21372.jpg 1298 872 1250 692 1236 491 1176 498 1059 680 964 816 1207 492 1195 267 1187 231 1127 125 1244 520 1261 416 1244 278 1141 254 1113 396 1081 524
img21373.jpg 1301 870 1255 690 1240 490 1184 498 1077 685 988 825 1213 491 1195 266 1184 233 1125 127 1243 515 1257 411 1236 274 1148 255 1125 398 1090 526
img21374.jpg 1306 867 1260 687 1246 488 1192 498 1094 691 1013 835 1220 490 1195 265 1183 234 1123 128 1243 510 1253 405 1226 268 1155 257 1134 400 1097 531
img21375.jpg 1309 864 1264 685 1249 486 1198 498 1116 697 1046 845 1224 490 1195 266 1184 235 1121 127 1241 506 1248 402 1217 265 1161 259 1144 401 1104 534
img21376.jpg 1310 863 1265 684 1251 486 1205 498 1140 701 1083 854 1228 489 1195 266 1183 236 1122 129 1236 504 1242 400 1210 263 1167 262 1151 403 1111 533
img21377.jpg 1308 863 1263 684 1249 487 1209 499 1166 701 1125 859 1230 489 1195 268 1183 239 1119 130 1227 503 1235 400 1205 262 1173 264 1160 408 1116 534
img21378.jpg 1304 866 1259 687 1245 491 1211 500 1187 704 1159 864 1231 490 1195 271 1184 237 1119 131 1216 503 1228 401 1203 262 1179 267 1166 410 1122 536
img21379.jpg 1296 871 1252 692 1238 497 1215 501 1208 706 1194 868 1233 490 1195 274 1184 237 1116 131 1202 505 1219 404 1202 265 1185 269 1176 411 1128 538
img21380.jpg 1289 875 1246 697 1232 502 1219 501 1218 707 1208 870 1236 490 1197 277 1185 231 1116 132 1188 507 1211 407 1202 266 1191 271 1185 412 1134 538
img21381.jpg 1286 879 1243 701 1229 507 1225 502 1230 709 1225 872 1240 491 1199 280 1188 233 1113 134 1178 509 1206 410 1203 269 1197 273 1191 417 1140 543
img21382.jpg 1285 882 1242 704 1228 511 1233 503 1236 714 1229 877 1244 493 1202 283 1191 234 1112 134 1170 511 1202 413 1205 271 1204 274 1197 420 1145 547
img21383.jpg 1285 885 1244 707 1229 515 1239 505 1241 720 1232 882 1247 497 1205 283 1194 235 1111 134 1165 513 1199 417 1205 275 1210 276 1203 425 1151 548
img21384.jpg 1288 886 1247 708 1232 517 1243 508 1239 724 1224 885 1247 503 1209 283 1196 237 1112 135 1162 515 1197 420 1206 277 1216 277 1208 429 1159 550
img21385.jpg 1289 886 1248 708 1233 518 1244 511 1237 726 1226 885 1245 510 1211 283 1197 245 1111 138 1156 516 1194 422 1207 280 1222 277 1213 435 1166 557
img21386.jpg 1285 886 1245 708 1230 519 1244 514 1229 726 1223 883 1242 517 1214 281 1198 243 1112 136 1148 517 1189 424 1207 282 1226 277 1220 437 1177 560
img21387.jpg 1279 886 1239 709 1225 520 1242 515 1232 720 1231 890 1236 524 1217 279 1197 240 1111 132 1142 515 1186 425 1204 283 1230 276 1229 435 1188 559
img21388.jpg 1271 885 1231 707 1217 520 1240 516 1233 718 1238 897 1231 529 1219 278 1197 240 1109 131 1136 514 1182 426 1202 284 1235 275 1234 434 1197 562
img21389.jpg 1261 884 1222 707 1207 520 1240 517 1235 714 1251 904 1227 532 1221 278 1198 238 1110 130 1129 512 1179 425 1199 284 1239 275 1241 431 1207 561
img21390.jpg 1254 884 1215 707 1201 521 1241 518 1241 709 1263 913 1226 533 1222 278 1197 237 1112 127 1125 512 1175 425 1194 286 1242 275 1247 428 1216 556
img21391.jpg 1251 885 1213 708 1198 523 1243 519 1246 708 1274 922 1225 533 1222 279 1197 236 1112 127 1122 512 1175 422 1190 287 1245 276 1252 425 1221 553
img21392.jpg 1249 885 1212 709 1197 524 1244 521 1239 710 1273 920 1226 532 1221 280 1196 237 1115 128 1118 515 1171 423 1185 289 1249 278 1258 426 1227 552
img21393.jpg 1250 887 1213 711 1198 527 1246 522 1232 709 1272 918 1229 529 1219 282 1195 236 1115 128 1115 516 1167 421 1180 292 1251 279 1266 424 1235 549
img21394.jpg 1252 888 1215 712 1201 529 1248 522 1227 710 1270 916 1230 528 1217 283 1196 239 1113 129 1113 519 1162 421 1175 295 1253 280 1270 424 1239 547
img21395.jpg 1253 888 1217 712 1202 530 1249 523 1221 710 1270 912 1232 527 1216 285 1196 241 1111 131 1111 523 1160 419 1172 298 1255 281 1276 422 1246 544
img21396.jpg 1253 887 1217 712 1203 530 1249 523 1218 708 1267 911 1233 527 1214 286 1196 243 1110 133 1110 526 1154 419 1169 301 1258 280 1282 419 1252 542
img21397.jpg 1253 886 1218 711 1203 530 1249 525 1214 708 1266 909 1235 526 1213 288 1196 246 1107 135 1110 530 1150 417 1167 303 1260 280 1287 417 1253 539
img21398.jpg 1253 884 1218 709 1204 530 1249 526 1211 706 1265 913 1234 526 1211 289 1195 247 1103 137 1110 534 1146 415 1165 304 1262 279 1290 415 1253 538
img21399.jpg 1246 882 1215 706 1205 530 1248 527 1211 703 1266 917 1234 526 1209 289 1193 245 1101 141 1111 538 1144 416 1163 305 1263 279 1294 413 1257 538
img21400.jpg 1242 878 1214 702 1205 530 1246 528 1210 703 1262 923 1232 526 1207 289 1192 246 1100 142 1113 542 1143 420 1162 305 1263 278 1295 414 1259 542
img21401.jpg 1237 877 1211 701 1204 532 1244 529 1211 704 1256 930 1229 526 1206 289 1190 247 1098 141 1113 543 1143 424 1161 304 1262 279 1296 415 1260 543
img21402.jpg 1235 876 1209 701 1202 534 1242 530 1215 707 1248 938 1226 526 1205 288 1188 248 1096 142 1115 546 1145 427 1161 303 1260 279 1294 415 1261 546
img21403.jpg 1234 878 1207 703 1199 537 1240 531 1219 709 1241 941 1223 528 1204 289 1186 247 1096 142 1117 549 1147 431 1161 304 1258 280 1292 417 1265 552
img21404.jpg 1235 880 1207 706 1196 539 1239 533 1222 712 1234 944 1222 530 1203 289 1186 250 1095 141 1119 552 1149 434 1161 303 1256 281 1288 419 1264 555
img21405.jpg 1238 885 1207 712 1193 542 1238 536 1228 718 1228 948 1220 534 1201 290 1183 251 1092 142 1119 551 1149 436 1161 303 1253 282 1283 421 1261 557
img21406.jpg 1238 887 1206 714 1191 544 1238 539 1234 723 1227 948 1220 537 1200 292 1182 251 1087 144 1121 552 1151 437 1161 303 1249 283 1276 425 1258 562
img21407.jpg 1233 891 1203 717 1190 545 1239 541 1238 726 1228 947 1221 541 1199 293 1182 250 1084 146 1124 551 1152 437 1161 303 1246 284 1271 429 1256 567
img21408.jpg 1221 889 1197 715 1189 546 1239 542 1241 728 1229 948 1222 544 1198 295 1182 253 1080 147 1126 551 1154 439 1162 302 1242 285 1266 433 1251 569
img21409.jpg 1203 885 1189 712 1190 547 1239 544 1244 729 1228 950 1222 545 1197 297 1180 254 1076 153 1128 550 1158 440 1163 302 1237 286 1259 437 1244 574
img21410.jpg 1181 881 1180 708 1192 547 1241 541 1247 725 1231 950 1226 544 1196 298 1180 253 1072 154 1131 550 1161 436 1165 302 1231 288 1253 443 1235 578
img21411.jpg 1164 877 1175 704 1196 547 1244 538 1248 723 1230 950 1229 542 1195 299 1177 255 1068 158 1132 550 1162 437 1166 302 1226 291 1247 446 1229 583
img21412.jpg 1152 871 1173 698 1203 547 1245 535 1249 720 1228 952 1233 539 1192 300 1174 257 1062 161 1129 552 1162 436 1168 302 1220 294 1238 452 1219 585
img21413.jpg 1148 867 1176 695 1212 545 1247 530 1250 722 1226 952 1237 534 1189 301 1169 259 1056 164 1125 553 1160 436 1169 302 1214 297 1228 455 1208 587
img21414.jpg 1156 866 1184 694 1220 544 1249 526 1249 725 1222 953 1241 529 1185 303 1165 261 1048 164 1123 551 1157 437 1168 302 1208 301 1221 460 1197 591
img21415.jpg 1164 863 1192 692 1228 542 1247 528 1248 731 1220 957 1243 529 1181 306 1159 265 1039 170 1120 552 1156 442 1165 303 1203 305 1212 462 1188 596
img21416.jpg 1167 861 1196 690 1232 540 1247 529 1249 735 1219 959 1244 528 1175 309 1152 268 1032 173 1116 553 1156 444 1161 305 1199 309 1206 464 1175 600
img21417.jpg 1168 862 1196 689 1232 539 1249 531 1250 736 1219 960 1244 529 1169 314 1145 275 1026 180 1112 554 1152 449 1153 309 1194 314 1198 465 1165 604
img21418.jpg 1167 863 1194 691 1230 541 1253 533 1250 737 1220 961 1244 532 1162 320 1137 282 1016 189 1109 558 1147 453 1144 316 1190 321 1191 470 1154 608
img21419.jpg 1164 867 1191 692 1226 542 1258 536 1251 737 1225 960 1244 536 1155 328 1129 290 1007 200 1103 564 1140 459 1133 326 1185 329 1184 474 1143 610
img21420.jpg 1159 869 1186 695 1222 544 1265 535 1251 735 1225 958 1245 537 1148 336 1120 299 998 210 1099 574 1134 466 1121 337 1179 338 1177 481 1132 613
img21421.jpg 1158 871 1184 698 1220 547 1272 536 1250 734 1227 955 1246 539 1141 345 1113 309 987 225 1095 587 1126 474 1110 349 1174 348 1173 491 1125 617
img21422.jpg 1156 873 1183 702 1219 551 1278 538 1247 733 1230 952 1247 541 1136 355 1105 318 978 238 1090 599 1119 485 1099 362 1169 359 1171 504 1117 626
img21423.jpg 1154 871 1182 704 1218 554 1281 541 1245 732 1234 950 1248 544 1130 366 1098 326 972 249 1086 614 1109 495 1090 375 1164 370 1169 517 1110 635
img21424.jpg 1151 867 1182 708 1217 557 1283 545 1243 731 1232 948 1249 547 1125 377 1093 339 966 264 1082 630 1101 506 1084 387 1159 382 1165 532 1102 647
img21425.jpg 1152 865 1180 713 1216 562 1284 550 1241 731 1233 945 1249 552 1120 389 1088 353 961 277 1077 644 1093 516 1078 399 1154 394 1163 546 1100 662
img21426.jpg 1150 862 1179 718 1214 567 1284 556 1238 730 1232 947 1250 557 1115 402 1085 366 960 287 1071 659 1085 526 1074 411 1150 406 1158 562 1096 679
img21427.jpg 1150 859 1178 723 1214 572 1285 561 1233 733 1224 949 1251 563 1110 414 1081 381 959 298 1067 672 1083 534 1070 422 1145 419 1153 575 1094 694
img21428.jpg 1150 860 1179 729 1214 577 1286 565 1228 734 1218 951 1253 569 1105 425 1077 396 959 308 1061 684 1082 548 1068 433 1140 432 1146 591 1093 711
img21429.jpg 1154 861 1181 734 1216 582 1288 569 1222 732 1216 951 1256 575 1101 436 1073 408 961 316 1056 697 1080 563 1066 444 1137 446 1140 605 1097 729
img21430.jpg 1154 864 1183 739 1219 587 1290 575 1215 735 1217 954 1260 582 1097 448 1070 420 963 325 1053 708 1080 577 1065 456 1133 459 1133 621 1096 745
img21431.jpg 1156 869 1187 745 1222 593 1293 582 1207 738 1215 956 1263 590 1095 459 1066 429 964 333 1053 719 1079 594 1065 468 1130 473 1126 633 1095 759
img21432.jpg 1157 874 1189 752 1224 600 1296 590 1201 737 1218 955 1268 597 1094 471 1069 442 968 342 1049 730 1076 611 1066 480 1128 487 1123 647 1092 773
img21433.jpg 1161 881 1195 760 1230 608 1298 600 1193 739 1220 955 1272 606 1094 483 1069 453 965 350 1049 742 1076 624 1067 491 1125 499 1119 657 1092 786
img21434.jpg 1163 889 1199 769 1234 616 1301 611 1187 744 1224 958 1276 614 1095 494 1071 464 967 362 1051 753 1078 636 1069 503 1123 511 1117 667 1088 796
img21435.jpg 1169 896 1206 778 1242 625 1303 622 1180 744 1223 958 1279 623 1098 504 1071 474 969 373 1053 764 1079 649 1071 514 1121 521 1116 673 1087 807
img21436.jpg 1176 903 1215 786 1250 634 1304 634 1175 744 1224 958 1283 632 1100 514 1073 485 975 385 1056 773 1082 657 1075 522 1121 531 1112 684 1084 817
img21437.jpg 1184 910 1225 794 1260 642 1305 645 1169 746 1226 959 1287 642 1103 523 1070 493 978 396 1063 783 1087 667 1079 530 1121 540 1110 693 1082 825
img21438.jpg 1186 917 1229 802 1264 649 1306 656 1164 750 1228 959 1289 651 1105 532 1073 501 986 408 1066 791 1089 674 1082 538 1122 549 1108 701 1080 832
img21439.jpg 1190 923 1233 810 1269 657 1306 666 1159 753 1226 958 1291 660 1108 542 1075 510 990 413 1068 797 1092 681 1086 544 1123 557 1103 710 1077 842
img21440.jpg 1191 930 1237 818 1272 665 1305 676 1155 758 1227 957 1293 669 1110 551 1079 518 998 418 1069 805 1093 688 1089 552 1126 565 1100 721 1074 850
img21441.jpg 1191 937 1238 826 1273 673 1306 686 1152 764 1225 957 1293 678 1112 559 1084 525 1002 424 1070 813 1094 696 1091 560 1127 573 1100 727 1074 859
img21442.jpg 1192 943 1240 835 1275 681 1306 695 1153 771 1227 958 1294 685 1114 567 1087 532 1007 429 1071 821 1094 704 1092 568 1129 581 1099 733 1074 867
img21443.jpg 1196 951 1246 843 1281 690 1308 705 1154 778 1227 959 1296 693 1116 574 1090 539 1012 435 1073 829 1096 711 1094 576 1131 589 1098 741 1073 875
img21444.jpg 1199 956 1250 850 1285 696 1309 714 1155 784 1229 960 1298 701 1117 580 1092 545 1016 443 1075 837 1096 719 1094 584 1133 596 1099 748 1073 880
img21445.jpg 1201 962 1253 857 1288 703 1312 722 1158 789 1228 960 1301 708 1118 585 1093 550 1019 450 1076 844 1096 725 1094 591 1135 602 1100 752 1072 886
img21446.jpg 1204 968 1257 865 1292 711 1313 729 1159 792 1230 959 1303 716 1120 590 1094 556 1023 452 1076 850 1096 731 1095 597 1137 608 1100 758 1071 891
img21447.jpg 1206 974 1261 873 1296 719 1314 735 1160 795 1230 957 1306 724 1121 594 1098 561 1024 459 1075 855 1095 735 1096 602 1140 613 1102 762 1071 893
img21448.jpg 1206 980 1262 880 1297 725 1314 739 1161 797 1230 955 1306 731 1123 598 1099 565 1026 462 1073 859 1094 739 1097 607 1142 617 1104 766 1070 895
img21449.jpg 1208 987 1265 888 1300 734 1314 744 1161 799 1228 955 1307 738 1126 602 1102 567 1029 462 1070 863 1092 743 1098 611 1144 621 1106 771 1069 897
img21450.jpg 1209 992 1267 895 1302 741 1314 749 1161 800 1229 955 1307 744 1129 604 1106 571 1032 462 1068 866 1091 747 1099 615 1147 625 1108 773 1070 898
img21451.jpg 1208 996 1268 901 1303 746 1315 754 1162 802 1230 955 1306 748 1132 606 1109 572 1034 462 1065 868 1090 749 1100 618 1149 627 1111 775 1070 900
img21452.jpg 1208 999 1269 905 1303 750 1315 757 1163 803 1230 956 1306 751 1135 608 1111 573 1041 459 1063 870 1089 750 1102 619 1151 628 1113 777 1069 902
img21453.jpg 1208 1000 1270 908 1305 753 1316 761 1164 803 1229 958 1306 754 1137 608 1114 572 1048 458 1062 870 1088 750 1103 620 1153 630 1114 777 1069 903
img21454.jpg 1207 1000 1270 910 1305 755 1316 763 1165 802 1229 957 1306 757 1139 607 1115 570 1053 456 1060 868 1087 748 1105 619 1155 629 1115 774 1068 902
img21455.jpg 1207 1000 1271 911 1306 756 1315 764 1165 801 1228 957 1306 759 1140 606 1119 569 1058 455 1057 865 1086 745 1107 617 1158 628 1114 772 1063 902
img21456.jpg 1207 997 1271 910 1306 755 1315 763 1165 797 1227 958 1306 760 1141 603 1123 566 1064 455 1055 860 1086 740 1109 613 1160 626 1116 769 1063 898
img21457.jpg 1205 994 1270 908 1305 753 1314 762 1165 793 1229 959 1306 759 1142 600 1125 561 1066 453 1052 854 1085 735 1111 609 1163 622 1116 766 1062 895
img21458.jpg 1202 988 1268 905 1303 749 1314 759 1166 787 1230 959 1306 756 1143 596 1126 555 1070 446 1051 848 1085 729 1114 603 1165 617 1115 763 1061 891
img21459.jpg 1198 980 1265 898 1300 742 1315 754 1167 780 1230 958 1305 751 1145 590 1130 551 1071 442 1052 840 1087 722 1116 596 1167 611 1117 757 1064 886
img21460.jpg 1192 969 1260 889 1295 733 1316 748 1170 772 1230 958 1304 745 1147 583 1130 542 1075 432 1054 831 1089 714 1119 588 1168 603 1119 750 1070 878
img21461.jpg 1189 960 1257 881 1292 725 1316 741 1171 768 1230 957 1303 738 1149 575 1129 533 1077 420 1057 822 1092 706 1121 579 1169 594 1121 740 1073 870
img21462.jpg 1184 948 1254 871 1288 715 1314 732 1171 765 1229 957 1302 730 1151 566 1130 525 1081 408 1060 811 1095 697 1123 568 1170 583 1123 731 1076 859
img21463.jpg 1180 937 1251 861 1285 705 1312 723 1169 762 1228 958 1300 720 1152 555 1132 514 1085 396 1064 800 1098 687 1125 556 1171 572 1125 720 1080 847
img21464.jpg 1176 926 1247 852 1282 695 1309 712 1167 761 1227 959 1298 710 1153 542 1133 499 1091 381 1065 787 1100 676 1126 544 1173 558 1126 709 1081 835
img21465.jpg 1173 915 1244 843 1279 686 1306 701 1166 763 1228 957 1296 697 1154 530 1134 484 1095 368 1067 774 1101 665 1126 531 1174 544 1129 696 1082 824
img21466.jpg 1167 902 1239 832 1274 675 1304 689 1166 760 1229 957 1293 685 1155 515 1137 468 1099 354 1067 759 1102 651 1128 517 1175 529 1132 685 1084 812
img21467.jpg 1162 891 1234 822 1269 665 1302 678 1168 759 1228 953 1289 672 1156 500 1140 451 1102 338 1068 746 1102 637 1130 502 1176 513 1133 671 1087 799
img21468.jpg 1157 881 1229 811 1263 654 1301 666 1171 758 1230 948 1284 659 1157 484 1143 436 1105 319 1066 731 1102 623 1132 486 1178 496 1135 656 1090 785
img21469.jpg 1153 873 1223 801 1257 643 1299 653 1173 755 1233 942 1279 646 1158 468 1145 419 1107 302 1067 716 1103 609 1136 469 1179 480 1140 641 1097 771
img21470.jpg 1149 868 1217 790 1251 633 1296 641 1176 751 1240 936 1274 635 1160 451 1147 403 1110 284 1069 702 1105 595 1141 451 1181 463 1141 627 1103 757
img21471.jpg 1148 865 1211 779 1245 622 1292 629 1177 749 1245 928 1269 623 1161 435 1148 387 1114 264 1072 691 1106 584 1145 434 1183 447 1145 609 1109 738
img21472.jpg 1148 868 1206 769 1240 611 1287 618 1181 747 1260 920 1264 612 1162 419 1148 372 1116 246 1073 673 1110 573 1148 417 1185 431 1151 593 1113 722
img21473.jpg 1147 868 1201 758 1235 600 1282 607 1183 745 1273 914 1259 602 1164 404 1150 354 1120 231 1075 661 1112 564 1153 401 1187 415 1155 577 1120 705
img21474.jpg 1145 867 1197 749 1231 591 1275 597 1185 744 1286 907 1255 593 1166 390 1151 341 1123 215 1075 650 1114 556 1156 387 1189 400 1157 561 1123 690
img21475.jpg 1145 866 1193 741 1227 582 1268 588 1186 743 1296 901 1250 584 1168 376 1154 326 1126 201 1077 637 1117 547 1157 373 1192 385 1160 543 1126 672
img21476.jpg 1144 866 1188 734 1222 576 1261 578 1188 745 1310 895 1245 576 1171 363 1156 310 1130 188 1078 626 1119 540 1158 360 1195 371 1162 527 1130 657
img21477.jpg 1145 863 1185 729 1219 571 1252 570 1189 741 1318 885 1239 569 1173 351 1156 296 1134 176 1081 616 1121 533 1158 349 1196 358 1162 514 1134 644
img21478.jpg 1144 862 1179 725 1213 566 1245 562 1192 738 1330 874 1232 561 1176 341 1156 286 1136 165 1086 602 1124 525 1158 337 1199 346 1165 502 1136 634
img21479.jpg 1145 861 1171 722 1205 563 1239 555 1196 733 1342 862 1226 555 1178 332 1157 275 1137 155 1089 590 1127 519 1155 329 1201 336 1169 489 1137 623
img21480.jpg 1146 861 1165 719 1198 560 1234 548 1200 732 1351 855 1219 548 1179 323 1158 266 1140 146 1089 580 1129 514 1155 321 1202 327 1173 482 1140 613
img21481.jpg 1147 858 1158 716 1191 557 1228 544 1204 727 1361 843 1213 544 1179 317 1159 259 1141 139 1091 569 1131 509 1154 315 1203 319 1174 474 1138 607
img21482.jpg 1147 861 1149 713 1183 553 1224 541 1204 725 1364 839 1208 540 1180 311 1162 253 1144 132 1090 562 1133 506 1154 309 1204 312 1174 466 1138 602
img21483.jpg 1147 859 1144 709 1177 550 1220 539 1204 723 1366 834 1204 538 1181 305 1165 248 1147 124 1086 560 1131 490 1153 306 1205 307 1174 460 1138 596
img21484.jpg 1145 861 1141 706 1175 548 1214 538 1203 722 1368 830 1199 536 1182 301 1167 245 1151 119 1086 552 1129 473 1155 301 1206 302 1173 454 1139 593
img21485.jpg 1144 862 1139 705 1172 545 1210 538 1206 719 1374 822 1195 535 1184 297 1169 240 1153 113 1085 548 1128 458 1157 297 1206 298 1172 448 1135 591
img21486.jpg 1141 863 1142 703 1171 543 1206 537 1208 719 1378 818 1192 534 1185 293 1170 239 1154 110 1082 546 1126 442 1159 293 1208 295 1170 446 1135 587
img21487.jpg 1139 862 1145 701 1170 542 1202 537 1212 720 1386 814 1188 533 1186 290 1171 235 1155 106 1080 544 1124 427 1161 290 1210 293 1171 443 1136 582
img21488.jpg 1140 864 1146 701 1168 541 1200 536 1215 723 1392 812 1183 532 1187 288 1172 232 1156 106 1077 540 1124 424 1163 286 1212 292 1172 440 1134 578
img21489.jpg 1141 866 1147 701 1164 540 1198 536 1219 726 1398 812 1179 532 1187 287 1172 230 1156 105 1072 539 1125 423 1165 284 1215 290 1172 439 1131 576
img21490.jpg 1141 869 1147 701 1160 540 1196 535 1218 726 1398 812 1175 531 1188 287 1172 230 1156 106 1070 537 1125 422 1167 283 1216 289 1172 438 1132 574
img21491.jpg 1142 869 1145 704 1155 539 1194 533 1218 728 1399 814 1173 531 1188 286 1172 230 1157 105 1068 535 1126 421 1169 282 1217 287 1172 437 1129 571
img21492.jpg 1143 871 1143 706 1151 537 1194 532 1219 727 1400 813 1171 530 1189 287 1174 232 1158 107 1067 535 1125 422 1170 283 1217 285 1174 434 1125 571
img21493.jpg 1144 870 1144 706 1148 537 1192 531 1220 728 1401 813 1171 529 1189 287 1174 231 1159 107 1067 533 1122 423 1172 284 1217 284 1174 436 1125 569
img21494.jpg 1143 870 1146 709 1148 537 1191 529 1219 727 1401 813 1172 528 1189 288 1174 230 1162 106 1067 532 1125 426 1175 284 1217 284 1174 435 1125 569
img21495.jpg 1143 870 1149 710 1147 537 1191 528 1220 728 1401 815 1172 528 1190 288 1174 230 1165 104 1066 531 1128 427 1175 286 1218 285 1174 433 1125 565
img21496.jpg 1143 871 1153 709 1146 538 1190 528 1221 728 1403 815 1172 528 1190 289 1174 227 1168 103 1065 532 1131 429 1173 288 1218 286 1174 433 1125 566
img21497.jpg 1143 870 1155 711 1146 539 1190 529 1221 729 1403 817 1172 529 1191 289 1174 226 1171 101 1064 529 1136 429 1172 289 1219 288 1174 432 1127 567
img21498.jpg 1142 871 1158 714 1146 539 1190 531 1220 730 1402 820 1171 531 1193 289 1176 229 1173 100 1063 530 1139 429 1171 290 1220 289 1173 432 1126 567
img21499.jpg 1144 869 1160 715 1145 539 1190 533 1220 730 1401 822 1170 533 1195 289 1179 230 1172 100 1065 531 1137 429 1170 290 1220 289 1172 436 1125 569
img21500.jpg 1147 867 1160 713 1146 539 1191 534 1220 728 1400 822 1169 534 1198 290 1182 232 1172 99 1065 533 1137 429 1172 290 1220 290 1172 438 1125 571
img21501.jpg 1147 867 1160 712 1148 539 1192 535 1217 727 1396 825 1170 535 1200 291 1185 233 1172 100 1065 531 1136 428 1175 289 1220 291 1172 439 1125 569
img21502.jpg 1147 868 1160 713 1148 539 1191 535 1217 728 1396 827 1171 535 1202 291 1188 234 1173 101 1065 532 1136 429 1177 290 1221 291 1173 440 1125 570
img21503.jpg 1148 865 1161 713 1148 540 1191 535 1215 725 1392 827 1172 534 1203 292 1186 232 1173 102 1065 531 1139 431 1176 291 1221 292 1173 439 1125 572
img21504.jpg 1146 867 1159 713 1147 541 1191 535 1215 725 1393 828 1173 533 1203 292 1187 232 1175 103 1064 530 1141 432 1173 293 1221 292 1175 436 1127 571
img21505.jpg 1143 867 1159 713 1144 541 1191 535 1216 725 1393 829 1174 532 1203 293 1187 230 1175 105 1065 531 1142 432 1170 294 1221 293 1175 434 1128 572
img21506.jpg 1143 867 1159 714 1142 541 1191 535 1218 726 1397 828 1174 532 1203 293 1187 231 1175 106 1065 533 1140 430 1169 295 1221 293 1175 433 1128 573
img21507.jpg 1143 865 1158 713 1143 542 1191 535 1217 725 1395 830 1174 533 1203 294 1187 231 1174 106 1065 532 1137 427 1167 295 1220 294 1174 433 1127 573
img21508.jpg 1142 867 1157 712 1145 543 1192 535 1219 727 1397 833 1173 533 1202 294 1188 232 1173 104 1064 532 1133 424 1168 294 1220 294 1173 433 1126 572
img21509.jpg 1141 866 1157 711 1150 543 1194 533 1219 726 1395 835 1173 533 1201 294 1185 232 1172 105 1063 534 1129 422 1171 291 1218 294 1172 434 1125 574
img21510.jpg 1140 869 1156 710 1156 544 1197 532 1218 729 1392 842 1174 533 1199 294 1181 232 1168 104 1065 532 1125 423 1173 289 1216 294 1172 438 1128 576
img21511.jpg 1140 870 1155 707 1163 544 1199 531 1218 729 1390 846 1176 533 1196 294 1177 232 1165 103 1065 532 1124 423 1171 289 1215 294 1171 441 1127 576
img21512.jpg 1140 871 1155 705 1169 545 1201 530 1218 726 1388 847 1179 533 1192 294 1174 231 1162 103 1065 535 1124 423 1169 289 1213 294 1171 445 1127 576
img21513.jpg 1142 873 1154 703 1174 544 1204 531 1217 725 1385 849 1184 531 1189 294 1170 231 1154 109 1066 539 1125 423 1167 290 1210 294 1170 448 1129 577
img21514.jpg 1142 871 1152 703 1179 544 1208 532 1217 724 1382 853 1190 531 1186 295 1168 235 1145 110 1068 540 1126 425 1163 293 1207 295 1171 450 1130 578
img21515.jpg 1145 869 1151 704 1183 544 1213 533 1217 723 1377 857 1197 530 1182 296 1164 238 1136 114 1068 546 1127 425 1159 295 1205 296 1170 453 1126 580
img21516.jpg 1146 870 1152 706 1189 545 1218 535 1217 724 1373 864 1204 530 1179 298 1158 244 1124 117 1068 548 1125 431 1157 298 1201 298 1167 455 1127 585
img21517.jpg 1148 869 1151 707 1194 546 1226 536 1217 729 1367 876 1210 531 1176 301 1154 250 1110 122 1070 552 1124 437 1157 301 1196 301 1167 458 1129 589
img21518.jpg 1144 868 1157 706 1199 549 1233 538 1216 731 1359 885 1217 533 1173 306 1151 258 1101 127 1070 557 1122 445 1156 306 1192 306 1166 463 1129 594
img21519.jpg 1146 869 1162 705 1203 551 1240 540 1214 733 1349 895 1222 537 1170 312 1147 264 1088 137 1069 566 1120 452 1154 312 1187 312 1162 473 1128 600
img21520.jpg 1146 869 1164 707 1206 554 1246 543 1213 734 1342 902 1227 541 1165 319 1143 273 1078 147 1069 574 1117 459 1153 319 1183 321 1158 482 1131 608
img21521.jpg 1145 868 1167 710 1209 558 1251 547 1209 735 1328 910 1232 546 1161 327 1139 281 1069 158 1069 585 1117 466 1152 326 1179 331 1157 493 1130 616
img21522.jpg 1142 867 1170 711 1211 561 1255 552 1207 735 1319 915 1236 551 1156 336 1134 292 1060 173 1069 595 1116 473 1147 335 1175 342 1154 504 1128 628
img21523.jpg 1145 867 1172 716 1213 565 1259 558 1206 736 1311 921 1239 557 1150 345 1128 301 1052 187 1069 607 1114 479 1142 344 1171 354 1151 517 1128 640
img21524.jpg 1144 867 1179 721 1217 569 1262 565 1205 738 1302 927 1243 563 1146 355 1124 314 1044 202 1070 619 1112 486 1137 354 1167 367 1150 527 1127 654
img21525.jpg 1143 866 1180 719 1219 574 1266 571 1202 739 1289 933 1246 569 1143 366 1120 327 1036 217 1070 629 1111 493 1130 365 1164 380 1149 539 1123 668
img21526.jpg 1145 865 1186 721 1219 580 1270 577 1203 740 1285 937 1248 576 1139 377 1117 341 1026 235 1070 640 1109 501 1123 376 1161 392 1145 554 1123 681
img21527.jpg 1146 866 1171 683 1220 587 1273 584 1201 739 1273 941 1251 582 1137 389 1113 353 1017 253 1072 654 1108 509 1116 388 1158 406 1144 571 1121 695
img21528.jpg 1145 867 1167 679 1220 595 1276 589 1199 740 1261 946 1253 589 1135 401 1110 365 1010 271 1072 665 1106 524 1109 401 1156 418 1142 584 1118 708
img21529.jpg 1146 868 1167 683 1219 602 1280 596 1197 742 1250 950 1254 595 1132 413 1106 378 1001 287 1071 676 1104 541 1103 415 1154 431 1141 598 1117 721
img21530.jpg 1147 872 1177 691 1218 608 1283 602 1195 744 1244 953 1255 601 1129 424 1102 391 996 301 1067 688 1101 559 1097 428 1152 443 1140 612 1116 734
img21531.jpg 1146 873 1173 688 1218 613 1285 608 1191 744 1233 954 1255 607 1126 435 1099 404 991 317 1064 700 1098 577 1093 440 1150 456 1139 622 1112 746
img21532.jpg 1148 875 1193 727 1218 617 1288 615 1190 745 1230 956 1256 612 1122 446 1098 416 987 328 1058 710 1095 594 1090 452 1148 468 1135 632 1109 759
img21533.jpg 1154 876 1191 731 1218 621 1291 621 1188 747 1228 955 1257 618 1119 457 1096 428 982 340 1054 721 1093 604 1089 463 1146 478 1133 641 1106 771
img21534.jpg 1157 877 1183 724 1220 624 1293 628 1186 745 1225 953 1259 624 1117 468 1093 437 980 355 1052 733 1091 612 1089 472 1143 489 1130 653 1104 782
img21535.jpg 1162 876 1167 715 1224 628 1295 636 1183 744 1225 953 1262 630 1115 479 1093 448 977 371 1052 743 1089 617 1089 482 1141 500 1127 662 1101 792
img21536.jpg 1169 881 1149 717 1228 634 1298 643 1182 745 1227 955 1265 637 1114 490 1091 460 973 384 1051 753 1087 626 1089 491 1138 511 1125 672 1099 803
img21537.jpg 1172 881 1142 719 1233 639 1300 650 1180 747 1226 953 1269 644 1113 501 1087 471 971 399 1050 763 1085 636 1088 499 1136 522 1123 682 1098 813
img21538.jpg 1181 890 1136 718 1238 646 1303 656 1179 746 1227 954 1272 651 1113 511 1087 484 967 412 1049 773 1082 646 1086 508 1135 534 1120 692 1095 824
img21539.jpg 1182 893 1127 719 1243 652 1305 662 1179 747 1229 956 1277 658 1113 521 1086 496 968 423 1049 782 1081 656 1084 518 1135 546 1116 702 1091 832
img21540.jpg 1185 904 1126 724 1247 659 1308 667 1180 748 1230 956 1281 664 1112 531 1084 506 968 432 1045 793 1081 667 1082 527 1135 556 1116 711 1089 842
img21541.jpg 1183 903 1131 726 1250 665 1309 672 1180 750 1229 957 1284 670 1112 540 1084 514 970 437 1042 802 1079 676 1080 536 1135 566 1116 719 1084 854
img21542.jpg 1191 914 1126 730 1253 672 1310 678 1179 750 1230 959 1286 675 1112 548 1085 524 973 443 1042 810 1078 683 1078 546 1135 575 1114 726 1081 863
img21543.jpg 1162 897 1126 736 1253 677 1311 684 1180 751 1232 960 1287 680 1111 554 1086 529 976 447 1041 816 1079 689 1077 554 1137 582 1114 733 1079 870
img21544.jpg 1141 891 1125 741 1249 681 1310 689 1179 751 1230 960 1285 685 1110 560 1086 535 976 450 1040 825 1077 697 1076 561 1137 589 1115 738 1077 878
img21545.jpg 1113 876 1117 745 1239 682 1310 693 1178 752 1228 961 1283 690 1109 564 1085 540 976 456 1042 830 1076 703 1075 567 1136 595 1113 744 1074 885
img21546.jpg 1092 869 1120 751 1226 680 1310 698 1178 753 1227 960 1283 695 1108 569 1086 548 976 466 1042 835 1077 708 1074 571 1136 600 1111 749 1075 890
img21547.jpg 1062 854 1117 753 1210 675 1310 702 1178 758 1225 959 1284 699 1108 573 1085 554 975 473 1041 838 1076 712 1073 574 1136 605 1112 753 1074 893
img21548.jpg 1059 855 1119 755 1192 669 1311 705 1179 764 1223 959 1287 703 1107 577 1084 559 975 479 1041 841 1075 716 1073 576 1134 608 1112 756 1073 897
img21549.jpg 1057 855 1119 758 1178 664 1311 709 1180 772 1224 959 1290 706 1106 580 1085 563 975 485 1041 841 1076 716 1073 578 1134 612 1112 759 1073 899
img21550.jpg 1055 853 1119 759 1168 660 1311 712 1181 781 1225 957 1293 708 1106 584 1084 566 975 489 1041 842 1075 718 1073 579 1133 614 1112 760 1073 902
img21551.jpg 1053 854 1117 760 1164 659 1310 714 1181 787 1225 957 1293 708 1105 586 1085 566 976 490 1042 843 1076 718 1073 580 1133 615 1112 761 1073 902
img21552.jpg 1053 855 1117 760 1166 662 1308 714 1181 793 1225 958 1292 708 1105 586 1085 565 976 490 1043 844 1076 719 1072 581 1134 615 1112 760 1073 901
img21553.jpg 1052 850 1109 758 1173 668 1307 713 1181 797 1227 959 1290 708 1106 585 1084 564 975 491 1042 843 1076 716 1072 580 1134 614 1112 760 1072 901
img21554.jpg 1053 851 1101 754 1185 673 1305 710 1182 800 1228 961 1288 706 1107 582 1083 561 975 489 1042 842 1075 714 1072 578 1135 611 1112 758 1071 899
img21555.jpg 1085 866 1109 751 1200 678 1305 706 1183 801 1228 962 1287 702 1107 578 1083 556 975 485 1042 841 1075 712 1071 576 1136 606 1111 755 1074 891
img21556.jpg 1114 878 1109 746 1214 681 1303 700 1184 800 1228 963 1285 697 1108 571 1083 548 975 478 1042 836 1075 707 1072 571 1137 598 1108 749 1074 882
img21557.jpg 1135 880 1114 741 1225 679 1303 693 1186 798 1229 961 1284 689 1108 563 1082 538 974 470 1043 828 1075 700 1074 563 1137 589 1109 743 1075 873
img21558.jpg 1155 890 1114 729 1232 673 1302 683 1187 793 1226 963 1281 679 1107 553 1082 528 976 459 1047 818 1077 690 1075 553 1137 577 1111 734 1077 858
img21559.jpg 1172 893 1134 722 1235 664 1299 671 1188 786 1225 959 1277 667 1107 541 1081 516 973 447 1050 806 1078 678 1076 542 1137 564 1112 721 1081 844
img21560.jpg 1161 882 1139 721 1229 653 1296 658 1188 778 1223 955 1272 654 1106 528 1082 503 973 429 1048 792 1079 663 1077 526 1136 549 1116 706 1085 828
img21561.jpg 1151 873 1146 718 1224 641 1294 645 1189 770 1222 954 1268 641 1105 514 1083 491 972 412 1051 778 1081 649 1079 511 1135 532 1120 691 1089 812
img21562.jpg 1146 869 1149 718 1218 629 1292 632 1190 762 1224 955 1262 629 1105 498 1084 476 974 390 1053 763 1080 633 1080 495 1135 516 1120 674 1094 794
img21563.jpg 1150 866 1163 724 1212 619 1288 621 1190 755 1226 950 1258 618 1106 482 1084 459 974 369 1053 748 1079 620 1082 479 1134 498 1121 653 1100 777
img21564.jpg 1151 862 1158 722 1207 608 1284 610 1190 750 1226 951 1253 607 1107 465 1087 441 979 347 1056 733 1079 605 1085 462 1134 479 1124 636 1103 757
img21565.jpg 1149 859 1165 721 1207 599 1280 599 1192 744 1228 952 1249 597 1109 448 1087 420 987 324 1061 715 1082 591 1088 447 1134 460 1125 617 1106 736
img21566.jpg 1151 860 1167 719 1208 591 1273 590 1194 740 1229 951 1244 588 1111 430 1089 397 995 300 1065 697 1086 575 1092 430 1135 440 1130 597 1110 715
img21567.jpg 1153 861 1169 712 1210 583 1264 581 1195 736 1227 949 1239 580 1115 413 1092 376 1004 279 1067 680 1090 560 1098 412 1136 421 1134 576 1114 697
img21568.jpg 1149 862 1174 710 1210 576 1255 574 1197 735 1227 951 1233 574 1119 394 1095 356 1014 255 1070 661 1095 544 1103 394 1138 402 1138 558 1118 676
img21569.jpg 1147 865 1163 712 1211 570 1245 567 1199 735 1228 951 1226 567 1123 377 1098 336 1023 229 1069 642 1099 531 1108 375 1140 382 1138 538 1121 657
img21570.jpg 1145 867 1150 710 1208 565 1236 561 1198 733 1227 951 1220 561 1126 361 1102 318 1030 210 1070 625 1100 518 1113 357 1143 364 1143 518 1125 640
img21571.jpg 1142 867 1136 706 1204 559 1228 553 1198 732 1227 948 1214 553 1130 345 1104 303 1037 192 1065 607 1099 501 1117 341 1146 348 1143 498 1128 624
img21572.jpg 1140 865 1125 703 1199 554 1222 546 1198 727 1228 944 1208 546 1131 332 1107 289 1043 175 1062 590 1098 484 1121 327 1150 332 1146 483 1128 609
img21573.jpg 1139 863 1118 704 1194 547 1216 538 1201 721 1225 937 1202 537 1132 320 1109 277 1051 162 1059 577 1097 469 1124 314 1154 319 1148 468 1127 595
img21574.jpg 1136 863 1121 701 1189 540 1211 531 1204 713 1224 930 1198 529 1134 310 1113 265 1060 151 1060 567 1095 455 1127 305 1158 309 1151 455 1127 581
img21575.jpg 1157 860 1121 699 1183 533 1207 524 1207 708 1209 916 1193 522 1136 302 1115 256 1065 139 1056 559 1092 443 1129 298 1163 300 1153 447 1124 570
img21576.jpg 1155 856 1125 700 1177 528 1203 521 1209 703 1208 909 1188 518 1137 295 1117 249 1073 131 1060 552 1092 435 1128 293 1166 294 1161 438 1120 559
img21577.jpg 1156 860 1132 704 1170 524 1199 518 1210 703 1209 907 1183 516 1140 290 1121 243 1082 125 1058 546 1091 431 1126 291 1170 289 1165 432 1115 550
img21578.jpg 1157 864 1130 703 1162 522 1196 517 1205 703 1214 909 1176 515 1143 286 1124 239 1089 120 1056 543 1089 427 1122 290 1173 286 1172 427 1109 546
img21579.jpg 1160 865 1133 702 1154 522 1193 517 1200 702 1214 907 1170 517 1145 284 1128 238 1092 119 1053 538 1086 423 1117 291 1177 284 1178 426 1106 541
img21580.jpg 1142 869 1139 702 1147 523 1191 518 1193 702 1228 914 1166 519 1147 284 1133 235 1097 119 1052 534 1085 421 1112 291 1181 284 1184 424 1106 537
img21581.jpg 1146 870 1149 699 1141 522 1190 517 1185 702 1227 912 1164 520 1149 284 1137 232 1101 115 1050 533 1086 419 1111 291 1185 284 1185 425 1107 536
img21582.jpg 1147 868 1154 694 1138 523 1191 516 1181 700 1224 911 1163 521 1151 284 1138 232 1105 113 1052 532 1086 416 1110 290 1190 284 1190 425 1111 532
img21583.jpg 1152 865 1161 690 1135 523 1192 517 1177 699 1219 907 1165 522 1153 285 1143 230 1109 110 1050 530 1088 414 1110 289 1194 285 1192 426 1115 530
img21584.jpg 1160 863 1170 690 1133 523 1193 517 1176 702 1216 907 1166 523 1156 285 1145 230 1114 106 1051 531 1089 413 1112 289 1197 285 1195 426 1120 531
img21585.jpg 1169 862 1178 691 1132 523 1194 517 1179 706 1213 906 1167 523 1159 285 1144 232 1119 104 1050 531 1091 413 1114 289 1200 285 1197 426 1125 535
img21586.jpg 1177 867 1177 694 1132 525 1194 519 1184 710 1209 908 1167 525 1162 285 1146 232 1124 106 1051 530 1092 414 1116 290 1202 286 1203 427 1136 537
img21587.jpg 1179 866 1175 698 1131 527 1193 521 1188 710 1206 907 1167 527 1166 284 1150 230 1125 106 1054 529 1097 417 1119 292 1205 286 1204 427 1147 542
img21588.jpg 1175 867 1166 702 1132 530 1190 524 1197 711 1206 908 1166 530 1170 285 1153 231 1128 106 1056 527 1100 418 1123 292 1207 287 1206 427 1159 549
img21589.jpg 1169 867 1153 705 1132 533 1187 528 1205 710 1205 908 1165 533 1174 285 1158 226 1132 107 1059 523 1106 419 1128 292 1210 288 1210 429 1174 554
img21590.jpg 1150 864 1134 708 1134 537 1181 537 1212 708 1212 910 1165 537 1181 288 1165 226 1134 102 1056 522 1103 413 1134 288 1212 288 1212 428 1181 568
