ResultRaw1 ResultRaw2 ResultRaw3 ResultRaw4 ResultRaw5 ResultRaw6 ResultRaw7 ResultRaw8 ResultRaw9 ResultRaw10 ResultRaw11 ResultRaw12 ResultRaw13 ResultRaw14 ResultRaw15 ResultRaw16 ResultRaw17 ResultRaw18 ResultRaw19 ResultRaw20 ResultRaw21 ResultRaw22 ResultRaw23 ResultRaw24 ResultRaw25 ResultRaw26 ResultRaw27 ResultRaw28 ResultRaw29 ResultRaw30 ResultRaw31 ResultRaw32 ResultRaw33
img14761.jpg 1306 937 1322 727 1290 549 1370 549 1338 743 1370 970 1338 566 1370 291 1354 242 1338 113 1241 549 1306 420 1322 291 1403 307 1403 453 1338 582
img14762.jpg 1302 936 1323 725 1291 546 1363 558 1336 747 1369 975 1330 557 1363 291 1352 252 1330 113 1241 546 1302 424 1313 296 1402 302 1400 445 1341 580
img14763.jpg 1303 939 1319 727 1290 547 1360 558 1326 750 1366 972 1330 554 1360 292 1346 252 1327 113 1240 547 1297 425 1310 299 1399 299 1395 444 1343 578
img14764.jpg 1308 937 1319 727 1291 546 1354 556 1318 751 1364 970 1328 549 1354 294 1344 254 1321 112 1239 549 1291 426 1305 301 1397 297 1393 442 1344 576
img14765.jpg 1312 933 1315 728 1290 545 1353 552 1304 751 1359 961 1330 545 1349 296 1339 254 1317 114 1235 551 1287 427 1303 300 1395 297 1392 444 1346 575
img14766.jpg 1313 933 1312 727 1289 543 1351 546 1290 747 1358 945 1328 543 1348 297 1338 255 1316 113 1231 553 1280 430 1303 297 1396 294 1393 446 1351 575
img14767.jpg 1313 929 1309 724 1289 538 1347 544 1271 743 1353 926 1328 541 1344 298 1337 256 1312 112 1222 551 1274 432 1299 298 1395 292 1398 448 1359 576
img14768.jpg 1316 923 1309 722 1291 535 1345 541 1255 732 1351 901 1323 541 1342 300 1335 256 1310 116 1214 551 1267 435 1298 297 1394 291 1401 450 1366 575
img14769.jpg 1312 922 1307 721 1291 532 1345 541 1236 722 1345 874 1320 541 1341 299 1332 256 1310 116 1205 545 1261 436 1295 296 1394 290 1406 451 1378 576
img14770.jpg 1311 922 1306 722 1293 531 1343 540 1217 710 1337 872 1315 540 1340 297 1330 254 1309 116 1195 541 1254 436 1290 297 1391 288 1410 451 1388 574
img14771.jpg 1312 922 1307 722 1297 530 1340 543 1201 696 1327 854 1315 539 1337 297 1327 254 1306 116 1183 536 1247 432 1284 300 1388 288 1413 447 1398 570
img14772.jpg 1309 921 1305 721 1298 528 1341 541 1188 680 1316 837 1316 538 1338 293 1325 252 1304 113 1173 531 1241 429 1282 299 1387 287 1415 441 1406 566
img14773.jpg 1305 919 1301 719 1296 525 1339 537 1177 668 1308 825 1317 534 1336 292 1324 252 1302 112 1165 525 1236 425 1277 298 1386 286 1420 435 1414 562
img14774.jpg 1299 915 1296 716 1293 520 1336 536 1166 653 1292 820 1317 529 1333 291 1320 251 1299 111 1156 520 1231 424 1274 297 1385 285 1419 430 1419 557
img14775.jpg 1294 911 1290 712 1288 517 1332 536 1159 639 1276 794 1316 526 1332 288 1316 251 1297 109 1147 514 1228 420 1269 298 1385 285 1419 423 1426 555
img14776.jpg 1293 908 1284 709 1280 514 1330 533 1152 630 1255 795 1311 523 1330 288 1314 251 1293 110 1142 508 1224 420 1268 295 1384 285 1421 420 1427 552
img14777.jpg 1293 906 1279 708 1273 514 1326 533 1144 623 1231 798 1307 520 1326 291 1310 253 1292 112 1138 504 1219 419 1263 294 1380 288 1421 416 1430 551
img14778.jpg 1297 906 1278 709 1268 514 1322 533 1138 619 1201 802 1303 521 1322 289 1309 254 1287 111 1131 505 1217 419 1258 292 1379 289 1420 419 1430 553
img14779.jpg 1301 909 1276 712 1262 517 1317 533 1135 619 1177 807 1298 523 1317 290 1307 255 1282 113 1125 504 1215 418 1256 293 1375 290 1419 418 1426 552
img14780.jpg 1307 908 1275 714 1258 516 1313 532 1130 624 1150 816 1294 525 1313 292 1306 257 1278 116 1121 506 1207 423 1252 292 1370 292 1418 423 1421 554
img14781.jpg 1308 909 1271 716 1261 519 1306 532 1128 631 1125 828 1290 529 1306 294 1303 259 1274 116 1118 507 1204 424 1248 294 1366 294 1413 427 1417 558
img14782.jpg 1311 909 1267 718 1261 522 1299 535 1125 639 1103 841 1283 532 1299 294 1299 260 1267 117 1116 509 1201 427 1245 294 1362 294 1406 434 1409 560
img14783.jpg 1311 915 1263 720 1256 528 1292 537 1120 648 1082 858 1276 534 1295 295 1292 261 1263 118 1114 508 1196 429 1241 295 1355 295 1396 432 1403 559
img14784.jpg 1313 916 1259 723 1253 533 1285 539 1120 660 1066 872 1269 536 1291 298 1285 263 1259 117 1113 513 1189 431 1234 298 1348 294 1386 437 1396 564
img14785.jpg 1313 916 1256 726 1246 538 1275 544 1119 675 1056 885 1262 541 1285 299 1278 261 1253 118 1113 515 1186 433 1231 299 1342 296 1377 439 1387 566
img14786.jpg 1314 921 1250 730 1238 541 1263 551 1120 688 1050 895 1257 548 1279 302 1273 261 1247 120 1107 522 1180 436 1225 302 1333 296 1365 442 1375 570
img14787.jpg 1313 925 1246 736 1227 547 1253 556 1121 704 1044 906 1249 553 1272 306 1265 262 1240 121 1102 527 1176 438 1217 306 1326 297 1355 447 1361 575
img14788.jpg 1315 925 1241 740 1216 549 1245 562 1124 718 1044 919 1241 559 1264 310 1257 262 1232 125 1095 533 1168 441 1210 310 1318 300 1343 453 1346 584
img14789.jpg 1315 930 1235 743 1206 553 1238 569 1122 730 1045 933 1235 563 1254 312 1248 264 1222 126 1087 537 1161 444 1203 312 1309 306 1331 457 1331 589
img14790.jpg 1314 932 1227 745 1197 558 1230 574 1123 739 1046 945 1223 568 1246 316 1236 268 1214 126 1078 542 1152 445 1194 316 1297 310 1317 461 1313 597
img14791.jpg 1311 929 1221 748 1182 560 1227 573 1124 748 1046 955 1211 566 1234 317 1224 268 1201 125 1072 547 1143 446 1182 317 1285 314 1302 463 1295 602
img14792.jpg 1308 926 1213 749 1170 562 1219 572 1125 752 1049 962 1200 569 1223 316 1213 267 1190 126 1065 549 1131 447 1174 316 1272 316 1285 464 1275 608
img14793.jpg 1306 921 1203 749 1160 561 1206 571 1124 756 1051 964 1190 567 1206 316 1200 266 1176 120 1061 551 1124 448 1163 316 1256 316 1266 465 1256 607
img14794.jpg 1301 915 1197 752 1146 561 1194 568 1120 762 1050 965 1177 564 1194 313 1190 263 1164 116 1057 551 1120 447 1154 313 1240 313 1247 467 1233 611
img14795.jpg 1295 912 1190 753 1131 559 1179 566 1115 763 1050 964 1162 559 1179 312 1179 261 1149 111 1050 553 1115 444 1142 312 1223 312 1226 468 1209 611
img14796.jpg 1285 907 1178 752 1119 559 1161 566 1109 766 1050 966 1147 559 1168 307 1168 259 1137 107 1047 548 1109 442 1133 311 1209 311 1209 469 1184 611
img14797.jpg 1274 898 1164 753 1106 554 1147 564 1102 767 1047 967 1133 557 1157 307 1154 259 1126 104 1044 544 1106 438 1123 307 1195 310 1192 462 1161 602
img14798.jpg 1258 881 1148 751 1096 555 1137 562 1092 765 1048 967 1120 555 1151 304 1147 256 1113 102 1041 541 1099 432 1117 304 1185 311 1179 456 1137 600
img14799.jpg 1239 862 1130 749 1089 555 1126 562 1089 763 1048 966 1109 558 1143 303 1136 256 1102 100 1038 542 1092 429 1109 300 1174 310 1160 450 1106 589
img14800.jpg 1220 844 1114 750 1086 556 1119 560 1082 763 1045 970 1102 560 1136 302 1129 255 1096 99 1040 543 1087 430 1102 295 1167 309 1143 448 1075 580
img14801.jpg 1196 829 1093 747 1077 554 1110 561 1076 762 1046 967 1096 561 1130 303 1120 253 1087 99 1031 547 1079 432 1096 293 1157 310 1123 447 1046 571
img14802.jpg 1170 824 1076 743 1073 557 1103 564 1069 763 1046 969 1090 564 1124 300 1113 250 1076 94 1023 554 1072 436 1093 293 1147 307 1106 452 1018 567
img14803.jpg 1150 828 1064 746 1071 559 1091 566 1068 765 1044 970 1081 566 1118 299 1105 249 1068 93 1020 560 1069 442 1091 292 1135 303 1088 457 990 559
img14804.jpg 1123 836 1045 742 1064 554 1081 565 1064 765 1040 973 1074 565 1111 296 1098 245 1060 95 1009 561 1060 443 1087 292 1125 303 1074 459 972 555
img14805.jpg 1092 847 1022 742 1053 554 1073 568 1060 764 1040 973 1067 564 1104 294 1090 243 1050 94 994 561 1051 444 1087 294 1114 300 1060 459 958 551
img14806.jpg 1066 862 1006 745 1050 558 1067 568 1057 764 1037 976 1060 565 1097 292 1084 241 1043 96 989 562 1048 446 1087 292 1104 299 1047 460 946 545
img14807.jpg 1034 869 987 743 1043 558 1056 564 1053 761 1036 975 1053 561 1089 290 1076 240 1036 100 982 565 1040 448 1079 290 1093 300 1036 461 936 541
img14808.jpg 992 874 959 739 1027 556 1050 566 1047 763 1034 975 1044 560 1080 290 1067 240 1030 104 968 566 1029 449 1074 290 1084 300 1024 463 924 543
img14809.jpg 955 877 937 734 1018 555 1041 565 1041 762 1034 975 1031 558 1071 291 1058 241 1021 101 961 571 1020 453 1064 291 1074 298 1014 461 914 545
img14810.jpg 914 875 913 727 1005 552 1028 562 1035 762 1035 974 1018 555 1062 293 1045 239 1012 103 953 571 1011 451 1055 289 1062 299 1005 462 905 549
img14811.jpg 876 873 891 721 992 550 1019 560 1029 763 1036 976 1006 553 1052 293 1036 240 999 103 946 568 1003 447 1046 286 1052 297 999 460 899 556
img14812.jpg 840 875 871 720 984 552 1010 565 1023 769 1037 979 993 555 1040 295 1024 241 987 104 941 565 996 442 1037 285 1043 295 990 458 893 565
img14813.jpg 810 881 856 725 977 558 1000 568 1017 769 1037 980 983 561 1027 297 1010 243 973 102 939 568 987 442 1020 286 1034 297 987 457 893 571
img14814.jpg 792 891 847 733 969 565 989 571 1009 772 1035 983 975 565 1012 297 999 243 958 103 936 567 980 439 1008 287 1022 297 975 461 892 578
img14815.jpg 784 902 842 741 958 568 978 575 1002 777 1036 986 965 571 998 296 985 245 941 100 930 569 969 439 992 289 1012 296 971 457 891 581
img14816.jpg 775 912 838 749 941 568 968 578 992 778 1036 985 951 575 982 298 968 247 928 98 917 571 953 438 971 291 999 298 965 454 891 585
img14817.jpg 772 921 837 755 923 567 957 577 980 778 1035 984 936 577 967 299 953 245 913 96 901 570 936 439 953 296 984 299 960 455 889 587
img14818.jpg 773 924 834 754 904 563 945 574 965 780 1034 982 921 574 952 299 938 241 897 93 884 566 923 437 934 296 969 296 948 450 887 587
img14819.jpg 771 924 826 752 881 560 929 570 949 780 1032 979 901 573 935 299 922 237 881 92 859 560 906 435 915 295 953 295 946 447 884 587
img14820.jpg 767 926 819 749 860 555 912 565 929 776 1027 970 885 569 919 298 905 236 867 90 837 555 890 434 895 295 936 295 937 444 881 586
img14821.jpg 769 926 814 744 849 552 894 559 905 772 1016 963 874 563 905 294 891 232 849 85 811 546 874 434 880 294 922 291 922 444 877 580
img14822.jpg 769 926 807 734 835 545 879 552 877 766 1004 950 862 556 890 290 876 231 835 89 785 539 856 432 863 290 907 286 907 442 869 576
img14823.jpg 768 930 799 727 819 535 866 545 854 760 989 937 853 549 873 286 863 232 819 92 757 526 833 426 850 286 894 283 898 440 856 572
img14824.jpg 765 933 797 723 813 530 860 541 827 752 970 926 847 541 864 285 850 234 806 90 730 515 810 421 840 281 885 278 885 435 844 564
img14825.jpg 764 932 799 719 814 526 854 536 804 745 949 918 841 533 854 283 841 229 794 93 703 499 790 415 831 279 875 273 875 431 831 556
img14826.jpg 760 932 804 715 817 522 847 532 787 743 928 909 834 528 844 279 830 226 783 94 680 488 773 411 817 276 868 269 871 427 813 548
img14827.jpg 759 930 809 717 820 522 837 532 776 742 905 909 827 525 837 277 823 223 769 83 657 471 755 403 806 277 861 267 868 423 796 539
img14828.jpg 761 922 817 720 826 524 829 530 764 743 881 912 823 524 833 276 816 222 758 77 634 455 740 397 795 276 853 266 864 421 778 527
img14829.jpg 762 919 816 720 823 522 823 529 758 741 860 919 816 522 823 273 809 218 748 74 618 437 727 392 782 276 847 266 861 420 758 515
img14830.jpg 765 917 813 722 818 523 815 529 750 741 839 929 812 523 815 270 801 219 740 68 600 424 712 389 771 273 842 266 852 420 736 506
img14831.jpg 760 912 799 721 802 520 809 531 747 740 819 946 806 520 809 270 796 219 734 67 586 411 699 383 761 273 836 266 843 421 716 496
img14832.jpg 755 912 786 721 788 519 807 526 743 739 798 954 801 516 801 270 787 219 726 67 571 398 689 378 754 270 834 266 831 421 696 483
img14833.jpg 747 911 773 718 772 514 799 525 742 736 782 965 792 515 792 269 782 219 725 68 560 390 681 374 748 269 832 269 819 420 681 471
img14834.jpg 742 913 766 717 763 512 793 526 740 737 770 966 787 515 787 271 777 221 721 69 548 384 674 367 740 271 829 271 803 419 665 460
img14835.jpg 738 913 759 714 755 508 788 526 745 735 762 969 781 515 781 272 775 223 715 69 541 379 668 359 738 272 828 272 788 419 648 449
img14836.jpg 740 916 759 715 752 508 784 524 746 735 758 959 778 515 778 272 771 223 710 68 535 375 661 356 733 272 823 272 769 417 635 440
img14837.jpg 745 920 761 717 752 508 780 525 748 735 761 956 774 518 774 273 768 224 710 69 529 373 652 354 729 273 819 273 756 412 623 431
img14838.jpg 748 929 761 723 750 513 781 530 750 735 762 945 772 520 772 270 763 223 705 68 525 372 642 349 725 270 816 270 744 406 611 425
img14839.jpg 749 933 760 724 746 514 782 530 753 737 762 949 768 521 768 268 759 219 704 68 520 372 636 346 724 268 814 268 737 401 604 420
img14840.jpg 751 940 758 729 743 521 782 531 753 738 762 951 765 525 765 268 756 219 704 67 516 372 633 346 717 268 811 268 730 394 596 417
img14841.jpg 749 943 753 729 737 529 781 535 758 738 760 960 760 532 760 268 751 218 700 65 510 375 627 345 714 268 811 268 734 385 590 415
img14842.jpg 745 944 748 728 731 532 779 539 759 738 762 967 758 536 758 268 748 217 697 64 505 374 626 342 711 268 806 268 735 379 585 417
img14843.jpg 746 943 747 725 730 533 778 537 764 738 761 978 754 537 754 270 747 217 695 68 496 372 622 343 705 270 803 270 733 377 580 415
img14844.jpg 742 944 746 724 725 538 773 538 766 738 763 979 752 538 752 269 746 218 691 66 492 375 618 345 701 269 801 269 728 376 573 418
img14845.jpg 739 940 742 724 722 536 773 540 770 741 763 980 753 540 749 270 742 218 687 65 487 376 614 346 697 270 798 270 725 377 569 419
img14846.jpg 740 939 743 726 722 535 774 542 767 743 764 980 750 542 746 270 743 218 688 68 487 373 611 347 694 270 795 270 715 382 565 420
img14847.jpg 739 937 743 727 722 534 774 541 771 745 760 977 746 541 743 270 743 217 687 69 486 377 609 347 694 270 796 270 708 386 563 421
img14848.jpg 738 936 742 729 721 535 774 542 771 747 760 977 746 542 742 269 742 216 686 67 486 383 608 350 696 269 796 269 703 389 562 425
img14849.jpg 732 935 737 731 723 534 773 541 769 749 758 978 744 541 741 270 741 216 684 66 487 381 605 352 694 270 794 270 698 391 562 427
img14850.jpg 733 937 737 730 723 535 770 538 766 748 759 979 741 538 741 269 737 215 681 66 489 383 603 354 695 269 794 269 695 393 563 428
img14851.jpg 733 940 737 730 723 535 766 535 766 748 759 979 741 535 741 269 734 216 677 62 489 383 603 354 695 269 794 269 695 393 564 429
img14852.jpg 734 939 738 729 724 534 767 534 763 747 760 984 745 534 742 268 735 215 675 59 490 382 600 357 692 268 795 268 696 392 565 428
img14853.jpg 735 939 738 728 724 534 767 534 760 746 763 986 749 534 742 268 735 215 671 56 494 381 604 357 693 268 795 268 703 389 565 424
img14854.jpg 742 939 742 727 724 533 770 533 760 745 767 989 752 536 742 268 735 215 671 56 495 384 608 357 696 268 795 268 714 385 565 420
img14855.jpg 742 943 742 726 725 535 771 538 760 744 767 986 753 538 742 269 739 215 671 59 494 382 611 354 696 269 792 269 721 382 565 418
img14856.jpg 743 941 743 726 725 537 771 544 761 744 768 987 753 540 743 269 743 215 671 62 493 383 614 351 696 269 789 269 728 380 564 416
img14857.jpg 744 941 745 729 727 538 769 545 762 746 769 987 752 538 741 270 741 217 674 68 488 386 614 351 695 270 787 270 737 376 565 414
img14858.jpg 747 941 747 730 730 542 769 549 765 748 769 986 751 542 744 272 740 218 676 69 489 386 616 350 694 272 786 268 733 378 562 417
img14859.jpg 751 941 750 732 732 546 768 557 768 749 768 986 750 543 747 274 740 220 678 69 490 385 618 349 693 274 786 266 728 381 561 420
img14860.jpg 753 937 751 734 733 546 769 557 769 748 769 986 751 543 748 276 741 223 680 70 492 387 620 350 698 273 787 269 726 383 559 421
img14861.jpg 753 936 752 732 739 545 770 556 770 749 770 985 756 545 749 277 738 224 682 69 498 390 626 351 700 274 788 270 724 383 558 421
img14862.jpg 753 938 751 732 741 547 769 561 769 747 769 985 758 550 751 279 741 226 680 66 504 390 634 351 705 273 787 272 716 386 555 422
img14863.jpg 749 940 752 733 748 546 769 560 769 744 769 984 762 549 752 280 745 227 681 65 507 391 638 351 709 270 787 273 706 390 554 422
img14864.jpg 742 944 753 734 757 548 770 558 770 745 767 985 767 551 753 280 746 227 682 65 509 389 644 350 718 269 788 276 697 395 553 423
img14865.jpg 740 943 756 732 767 552 770 559 770 746 766 986 773 552 756 280 745 227 685 64 516 390 650 350 728 269 791 276 689 400 556 420
img14866.jpg 738 944 756 732 770 557 773 561 770 746 766 984 773 550 759 280 749 224 686 63 519 387 651 354 735 270 791 274 683 403 554 416
img14867.jpg 740 943 759 730 776 554 776 557 772 748 766 984 776 547 765 279 752 224 689 64 523 384 655 355 741 272 794 273 679 404 552 414
img14868.jpg 739 940 759 728 779 551 779 558 772 749 765 984 779 544 769 278 752 223 689 67 527 382 655 357 748 275 793 272 682 403 550 414
img14869.jpg 748 935 760 724 781 549 780 559 770 745 767 982 781 542 774 278 757 222 691 68 533 381 657 360 757 274 791 271 687 395 549 407
img14870.jpg 755 936 763 727 784 548 784 558 773 745 767 978 780 541 777 276 760 221 691 67 536 376 660 362 760 276 791 270 691 390 542 403
img14871.jpg 768 934 771 727 792 542 783 556 776 743 769 972 786 539 779 275 763 224 692 70 542 368 667 358 772 272 793 271 692 388 539 405
img14872.jpg 780 934 778 730 798 546 785 559 775 743 771 965 791 540 782 274 765 224 693 70 549 366 672 357 781 268 792 270 693 388 538 408
img14873.jpg 803 939 789 737 802 549 786 558 776 744 772 963 792 543 786 271 769 225 697 69 559 360 681 355 789 265 793 271 697 386 540 408
img14874.jpg 821 942 797 740 806 548 790 554 780 746 773 963 796 542 790 269 773 226 700 70 566 352 688 357 793 263 797 269 700 388 542 414
img14875.jpg 839 940 806 741 811 543 792 553 782 751 775 966 801 540 795 269 779 227 706 72 576 348 694 357 798 260 798 269 703 388 546 406
img14876.jpg 859 942 813 747 818 542 798 549 780 751 773 974 804 539 801 269 784 224 716 67 583 350 697 363 801 262 801 269 709 385 559 389
img14877.jpg 879 942 822 747 826 543 801 546 783 751 773 981 808 543 808 267 790 225 723 66 594 341 703 363 808 264 808 271 716 380 574 365
img14878.jpg 897 938 829 743 833 541 808 545 786 753 772 984 815 541 815 268 797 222 733 63 602 334 709 364 815 265 815 272 723 378 591 341
img14879.jpg 915 937 841 745 844 540 812 547 787 752 773 983 823 543 819 270 801 221 745 61 615 327 716 360 823 263 823 274 727 373 603 315
img14880.jpg 932 936 850 747 850 543 821 547 789 750 775 983 828 547 825 272 807 222 757 61 622 317 721 358 828 265 828 275 739 375 619 306
img14881.jpg 944 939 858 745 855 545 826 549 794 753 776 982 837 549 833 273 815 223 769 62 630 308 727 357 833 266 837 280 751 380 630 303
img14882.jpg 953 939 867 743 860 544 835 551 799 754 778 982 842 547 838 276 820 223 785 62 638 300 733 356 838 265 845 280 767 383 642 307
img14883.jpg 959 944 877 748 870 548 838 555 802 755 777 980 848 551 845 279 831 226 795 65 646 291 736 352 845 265 856 283 781 387 648 312
img14884.jpg 960 948 884 747 877 553 841 557 805 758 777 980 856 550 852 280 841 227 805 65 651 280 739 349 852 270 863 287 795 395 656 326
img14885.jpg 961 953 890 742 886 553 847 557 811 757 776 978 865 550 861 278 850 225 818 64 658 272 745 344 858 271 875 289 807 400 663 345
img14886.jpg 963 957 899 744 895 555 856 559 817 755 774 979 870 552 867 281 860 225 831 68 668 257 749 335 863 271 885 288 820 402 669 369
img14887.jpg 965 959 904 742 907 557 861 557 822 756 776 977 883 553 875 282 872 226 843 69 676 247 754 329 868 272 897 293 829 411 682 393
img14888.jpg 964 959 907 735 914 555 871 555 829 753 780 976 893 551 886 282 879 226 861 70 687 236 762 325 872 271 907 293 840 417 697 418
img14889.jpg 964 957 912 734 922 551 883 551 834 752 784 978 901 551 897 282 887 226 880 71 700 229 767 321 873 268 918 289 855 420 714 441
img14890.jpg 962 957 916 734 934 546 891 549 835 755 792 981 909 546 905 284 898 227 895 71 711 216 771 316 877 266 930 291 866 426 732 457
img14891.jpg 962 956 920 733 940 539 898 546 838 755 806 981 920 539 916 281 909 228 909 72 721 206 774 309 884 267 944 291 877 429 750 468
img14892.jpg 960 956 925 736 942 534 907 545 840 751 822 984 925 534 925 279 918 227 925 71 730 198 780 304 886 269 950 286 886 432 759 478
img14893.jpg 959 956 927 738 941 531 916 542 843 753 846 984 930 531 930 278 927 226 941 75 737 191 783 296 892 268 962 289 899 433 772 489
img14894.jpg 961 956 927 737 941 529 923 540 850 751 870 980 934 529 937 279 937 224 954 75 746 183 788 290 899 266 971 290 906 436 788 498
img14895.jpg 969 955 928 741 935 530 931 537 859 751 896 976 938 530 945 278 945 224 968 80 758 176 792 285 904 265 979 288 914 434 802 509
img14896.jpg 973 955 927 741 930 533 936 540 869 751 919 976 940 533 950 278 950 224 980 83 765 171 799 281 906 261 983 284 923 436 815 519
img14897.jpg 988 956 929 746 926 534 939 541 879 756 939 977 939 534 956 280 956 224 989 88 774 165 804 277 913 257 992 286 933 435 827 531
img14898.jpg 998 957 934 751 928 539 938 546 891 757 951 982 938 539 964 281 964 225 997 86 782 159 809 275 921 258 994 284 938 437 835 539
img14899.jpg 1002 958 937 754 924 541 940 548 901 761 960 990 937 541 967 278 970 225 1004 89 787 155 811 268 924 262 997 285 944 438 844 548
img14900.jpg 999 959 938 758 922 546 942 553 912 764 965 999 935 546 972 281 975 224 1009 89 791 153 814 267 929 264 1002 284 948 439 851 553
img14901.jpg 997 959 941 760 921 549 945 556 921 770 968 1004 934 553 975 281 982 227 1016 87 795 148 815 264 938 264 1006 288 951 441 856 560
img14902.jpg 989 960 943 762 926 556 947 560 926 772 967 1004 937 560 977 279 988 228 1025 91 800 145 817 262 944 265 1008 286 954 443 861 563
img14903.jpg 980 960 942 764 926 558 950 564 930 773 967 1005 936 561 977 278 991 226 1032 93 803 145 820 261 943 264 1011 284 957 442 865 564
img14904.jpg 973 961 943 767 928 561 949 571 935 776 965 1002 938 564 983 280 993 228 1037 94 808 142 822 262 945 262 1013 286 959 441 866 564
img14905.jpg 967 961 944 769 930 562 950 576 937 775 967 1001 940 569 985 277 995 232 1043 92 813 143 827 263 950 260 1015 291 964 442 868 565
img14906.jpg 957 958 941 769 927 561 948 575 938 774 965 1000 938 568 989 277 996 229 1048 92 818 147 828 263 952 260 1020 291 969 438 870 565
img14907.jpg 947 956 938 770 925 562 950 579 939 775 967 1002 936 569 994 276 998 228 1050 87 822 149 829 266 956 259 1022 294 970 435 874 562
img14908.jpg 941 953 940 770 927 561 951 578 941 777 965 1001 938 568 999 276 999 228 1051 87 828 149 831 269 958 262 1027 297 972 438 876 561
img14909.jpg 942 953 942 772 930 562 955 579 941 774 968 1004 937 569 1002 278 1002 227 1054 86 831 151 835 271 965 264 1030 299 975 439 876 562
img14910.jpg 945 954 945 772 933 562 954 579 940 775 968 1005 937 566 1006 281 1006 226 1058 86 834 151 834 271 968 267 1030 295 975 439 875 562
img14911.jpg 951 958 950 776 939 565 957 579 939 775 967 1003 943 565 1009 282 1009 227 1061 86 840 151 836 272 971 268 1029 296 971 441 874 558
img14912.jpg 954 954 950 771 940 560 958 574 940 774 968 1004 944 564 1009 285 1009 226 1065 85 845 151 838 271 972 271 1030 295 972 444 872 560
img14913.jpg 957 955 950 771 941 559 959 573 941 771 969 1003 945 566 1011 285 1011 226 1066 84 848 153 837 267 976 267 1028 295 969 445 872 559
img14914.jpg 960 954 953 770 944 558 958 572 941 771 969 1003 948 565 1011 284 1011 228 1067 84 850 151 839 266 979 266 1028 295 969 442 870 558
img14915.jpg 958 956 952 771 944 559 958 569 940 773 968 1001 947 566 1010 285 1010 228 1067 84 852 151 842 267 979 267 1028 295 968 439 870 555
img14916.jpg 958 957 951 773 943 560 957 571 940 773 971 1004 947 567 1009 285 1013 229 1069 86 852 148 845 267 978 267 1031 295 971 438 870 557
img14917.jpg 960 962 953 779 947 565 957 572 939 773 971 1002 950 569 1010 283 1013 230 1066 86 851 146 848 266 978 266 1031 294 971 439 869 555
img14918.jpg 959 965 952 782 946 568 956 572 939 775 974 1004 949 568 1009 284 1016 231 1068 88 851 144 851 263 977 266 1033 294 974 435 868 554
img14919.jpg 954 964 947 782 942 567 956 571 938 776 973 1003 949 571 1008 282 1018 233 1071 87 851 143 851 258 970 268 1036 296 973 435 869 554
img14920.jpg 954 962 946 781 942 565 955 572 938 777 973 1003 949 572 1008 281 1021 232 1070 90 851 142 851 253 969 267 1038 298 973 437 869 552
img14921.jpg 956 960 949 778 945 562 955 573 938 777 973 1003 949 569 1008 281 1021 233 1070 91 848 143 851 250 969 267 1038 299 973 438 868 552
img14922.jpg 952 956 945 775 942 559 956 573 938 779 973 1003 949 569 1007 280 1021 231 1069 90 845 145 852 249 969 266 1038 300 969 438 869 552
img14923.jpg 952 951 945 770 942 554 956 571 939 778 973 1003 953 568 1008 281 1018 233 1067 88 842 147 853 250 967 267 1035 299 967 440 870 550
img14924.jpg 949 950 941 770 940 553 957 571 940 777 971 1002 950 567 1006 283 1016 228 1064 86 840 149 853 252 971 266 1033 294 964 442 870 549
img14925.jpg 950 951 942 771 941 553 958 567 941 775 972 1004 955 564 1007 283 1013 227 1066 85 837 147 851 251 972 265 1027 293 962 442 871 550
img14926.jpg 946 951 938 772 938 554 959 564 941 772 972 1005 955 564 1007 283 1010 227 1063 82 837 148 848 252 973 266 1024 290 959 443 872 547
img14927.jpg 943 949 934 770 935 551 959 562 942 770 973 1006 952 562 1004 284 1011 229 1063 80 838 146 845 253 973 267 1021 291 959 441 869 544
img14928.jpg 942 951 933 773 934 553 955 564 941 769 969 1005 948 560 1004 283 1011 227 1063 81 837 147 841 255 976 265 1018 293 955 439 868 543
img14929.jpg 941 950 932 772 934 553 955 563 941 767 972 1006 951 559 1003 283 1010 227 1062 82 837 148 837 258 976 265 1017 293 951 439 865 542
img14930.jpg 940 946 931 769 934 549 954 562 940 766 971 1004 951 559 999 284 1009 225 1058 80 837 149 837 263 975 266 1020 290 947 439 861 542
img14931.jpg 939 941 930 764 934 543 954 561 940 765 971 1004 951 557 999 284 1009 225 1054 80 836 153 840 270 979 267 1016 291 944 440 857 543
img14932.jpg 944 948 935 772 939 551 950 564 939 769 970 1004 950 561 998 284 1008 226 1050 84 835 153 839 271 981 267 1019 288 939 440 856 544
img14933.jpg 943 948 934 772 938 550 952 564 938 771 973 1006 949 564 997 285 1007 226 1045 85 835 154 838 271 980 268 1021 288 938 440 852 544
img14934.jpg 948 951 939 775 944 553 947 563 937 771 972 1007 948 563 1000 283 1006 228 1041 86 833 155 837 273 979 266 1017 290 937 439 851 543
img14935.jpg 946 954 937 779 943 557 943 564 936 772 971 1008 943 564 999 282 1006 231 1040 88 832 154 836 272 988 265 1012 293 936 439 850 543
img14936.jpg 948 959 938 784 945 561 942 564 935 772 970 1008 942 564 994 284 1004 232 1039 90 831 152 831 270 987 263 1011 294 935 436 849 540
img14937.jpg 940 951 930 777 938 553 945 560 935 768 969 1007 945 557 994 283 1004 231 1035 85 831 155 831 272 983 262 1007 297 935 435 848 539
img14938.jpg 943 951 933 777 942 553 945 556 935 765 969 1007 949 553 990 282 1000 230 1032 81 831 154 834 275 983 261 1004 296 935 435 848 539
img14939.jpg 942 950 932 775 941 551 948 554 934 763 969 1006 948 551 986 283 1000 231 1028 78 830 155 837 273 986 262 1003 297 934 436 847 540
img14940.jpg 944 951 933 771 943 546 950 553 936 763 968 1004 950 546 985 284 999 232 1024 74 828 158 838 273 978 263 1002 294 936 438 845 539
img14941.jpg 942 952 931 771 942 546 949 553 939 763 966 1002 949 546 984 283 998 227 1019 73 827 160 840 272 974 265 1005 293 939 441 847 542
img14942.jpg 947 957 936 773 947 547 947 554 940 764 965 1000 947 547 983 284 997 227 1018 73 821 164 842 273 972 266 1007 290 940 441 846 543
img14943.jpg 946 958 933 772 946 546 946 553 942 764 963 1000 946 546 984 285 998 229 1016 71 816 165 840 274 974 268 1009 292 939 444 847 546
img14944.jpg 944 959 931 773 944 547 944 553 944 765 962 1001 944 547 983 286 994 226 1011 71 811 170 839 279 966 268 1011 290 937 445 849 547
img14945.jpg 944 959 930 778 944 550 944 554 944 767 962 1001 944 550 986 285 990 222 1007 69 805 173 836 281 962 268 1014 292 933 447 850 550
img14946.jpg 941 959 925 778 939 550 943 557 943 768 960 1003 943 550 987 284 988 222 1001 70 798 177 836 284 963 267 1015 291 930 448 850 550
img14947.jpg 940 959 918 778 934 550 941 557 941 768 958 1004 941 554 989 284 986 221 996 69 792 180 834 287 961 266 1013 294 927 452 851 550
img14948.jpg 939 956 910 772 926 551 940 558 940 769 957 1004 940 555 988 282 985 220 988 75 785 185 833 289 961 265 1012 293 930 453 850 548
img14949.jpg 936 953 900 768 920 549 940 559 940 771 957 1004 940 552 992 281 985 223 985 76 779 192 831 292 968 264 1012 292 934 454 848 548
img14950.jpg 933 949 888 761 912 548 940 558 940 769 957 1007 940 552 991 282 984 227 981 78 774 199 833 296 971 265 1012 289 937 451 846 548
img14951.jpg 930 945 880 752 908 547 943 557 939 769 960 1008 939 550 991 283 984 231 978 81 766 206 832 304 964 269 1012 293 938 450 842 547
img14952.jpg 927 939 877 744 909 545 948 555 941 768 965 1008 941 545 993 284 982 231 972 82 759 214 833 308 961 273 1014 294 941 447 839 548
img14953.jpg 919 938 871 742 908 541 950 555 943 767 967 1008 940 541 992 286 981 234 967 81 751 224 831 314 957 276 1012 293 940 443 835 548
img14954.jpg 907 937 871 739 911 542 953 556 942 768 971 1004 939 542 988 288 981 235 960 80 741 232 833 320 953 278 1009 295 939 440 833 546
img14955.jpg 894 932 869 739 913 540 955 558 944 770 980 998 937 540 987 289 979 236 955 80 732 243 831 324 944 282 1008 299 937 441 831 540
img14956.jpg 879 930 867 741 915 540 954 558 946 771 978 997 936 540 986 288 975 235 950 75 723 256 829 327 947 281 1003 299 936 441 829 536
img14957.jpg 859 929 858 744 910 540 949 558 949 774 977 996 931 544 981 289 974 236 945 76 712 268 825 331 946 282 998 296 935 438 825 529
img14958.jpg 842 926 854 746 910 540 946 557 949 777 978 993 928 547 978 288 967 235 939 75 705 281 822 334 942 281 995 295 935 437 822 526
img14959.jpg 828 924 842 746 904 538 943 556 950 775 974 994 922 549 974 287 960 234 936 75 695 290 815 336 929 287 992 294 929 439 815 520
img14960.jpg 815 927 835 745 897 540 939 557 950 775 967 998 918 550 967 286 957 233 929 74 685 303 812 342 925 286 985 289 922 441 809 518
img14961.jpg 801 928 826 744 890 537 936 554 950 776 968 996 912 551 961 286 951 233 919 75 679 314 806 346 912 290 979 286 915 441 802 516
img14962.jpg 794 930 822 746 885 538 931 556 948 774 966 997 909 549 955 287 941 231 909 76 673 326 800 348 902 291 973 284 906 446 796 514
img14963.jpg 785 932 817 748 878 540 924 557 945 773 966 1000 902 550 945 288 934 232 902 76 665 334 793 349 892 295 966 284 895 451 785 511
img14964.jpg 779 937 815 752 868 546 918 564 943 777 968 1001 896 553 936 290 929 234 893 77 655 344 786 351 889 290 961 287 889 450 779 507
img14965.jpg 775 941 810 756 860 547 913 565 938 781 967 1001 888 554 927 291 917 234 881 78 647 348 778 352 881 288 952 288 885 447 771 504
img14966.jpg 772 942 808 761 850 552 907 567 932 779 968 1002 882 556 918 290 907 233 872 77 634 354 772 350 875 283 943 286 879 446 762 499
img14967.jpg 768 946 803 765 843 553 903 567 924 783 970 1002 871 556 906 287 896 234 860 75 623 358 764 351 867 280 934 287 871 443 750 496
img14968.jpg 766 947 802 766 834 554 898 568 915 784 969 1001 862 557 898 287 883 234 848 74 610 361 759 351 859 276 922 287 862 440 741 489
img14969.jpg 766 947 798 765 826 552 887 563 904 783 969 1000 855 556 887 285 872 232 833 72 602 364 748 353 847 278 911 285 851 438 730 484
img14970.jpg 766 944 798 765 823 550 876 561 891 779 966 994 848 554 876 285 862 231 823 70 590 367 737 353 837 278 901 281 841 435 719 478
img14971.jpg 767 946 796 762 817 547 867 562 878 780 961 992 842 551 864 285 849 231 810 70 584 368 724 354 828 278 892 282 831 432 709 475
img14972.jpg 765 951 794 761 812 548 858 559 866 775 955 987 837 552 855 286 840 232 797 70 574 369 714 354 815 278 883 282 826 430 700 469
img14973.jpg 765 953 790 759 808 548 847 559 851 774 947 982 833 552 844 283 833 229 786 68 568 369 700 355 801 283 875 279 818 426 693 465
img14974.jpg 761 956 787 761 805 546 840 556 833 774 936 974 826 549 837 282 822 228 776 67 558 371 690 353 790 282 868 278 812 424 683 460
img14975.jpg 758 961 782 763 798 546 833 557 819 775 930 968 819 553 826 281 812 228 762 67 551 371 679 353 776 285 862 278 801 421 672 456
img14976.jpg 756 961 780 765 792 544 825 555 803 774 922 961 810 555 817 282 807 228 749 66 541 372 670 354 767 285 857 275 792 419 659 447
img14977.jpg 758 960 778 762 787 536 820 551 787 775 910 956 805 551 809 280 798 226 740 67 534 370 657 352 762 283 848 269 780 414 650 442
img14978.jpg 755 957 775 760 780 532 819 544 774 773 897 949 798 544 801 278 788 225 727 66 531 374 649 352 756 278 844 267 770 409 636 437
img14979.jpg 758 954 773 758 776 529 814 541 765 768 885 950 793 541 793 274 779 225 716 67 525 373 642 351 748 277 839 263 762 404 625 432
img14980.jpg 756 953 769 757 767 524 808 539 757 765 868 956 788 535 788 270 774 225 711 68 519 371 634 350 743 277 833 263 757 399 617 427
img14981.jpg 755 952 766 754 766 524 800 535 752 764 849 966 783 531 783 267 766 222 707 69 515 372 630 350 735 277 825 263 752 392 610 423
img14982.jpg 751 950 757 749 761 524 795 534 751 764 829 978 778 527 778 266 761 225 699 70 509 377 630 352 726 280 819 266 751 386 603 420
img14983.jpg 751 961 752 751 758 527 790 538 751 762 811 990 776 528 772 268 758 223 695 72 504 373 625 352 719 282 814 265 748 380 597 419
img14984.jpg 749 972 748 754 754 530 786 541 750 763 796 1000 772 531 768 269 754 220 691 72 504 374 623 354 715 283 807 266 747 375 592 417
img14985.jpg 752 977 743 752 753 536 781 539 753 764 784 1006 770 532 763 272 749 220 683 76 504 378 623 357 710 283 802 266 753 371 584 416
img14986.jpg 757 983 744 753 747 536 782 539 751 761 775 1003 768 533 758 273 744 221 675 76 502 380 623 356 709 280 799 266 751 370 578 418
img14987.jpg 768 987 750 758 746 541 781 541 750 758 770 1002 767 542 753 276 739 220 673 74 502 381 620 356 708 280 795 266 750 370 572 416
img14988.jpg 775 982 754 756 744 539 779 539 748 760 769 1002 765 542 751 272 734 223 670 72 499 384 621 356 709 279 789 265 748 370 569 416
img14989.jpg 772 975 753 750 743 536 778 540 750 759 768 1003 764 544 746 271 732 222 669 70 493 388 619 356 708 279 785 264 743 370 563 420
img14990.jpg 768 971 753 748 743 538 779 545 751 759 769 1002 761 549 743 270 733 220 668 66 497 395 622 355 708 277 782 266 733 373 561 420
img14991.jpg 758 966 751 749 740 538 777 549 755 759 770 1007 758 552 740 269 733 218 667 66 500 397 621 356 708 276 780 265 719 378 559 421
img14992.jpg 748 961 746 749 739 545 775 553 761 763 772 1010 757 556 739 266 732 219 663 67 506 398 623 357 706 277 779 266 703 382 558 422
img14993.jpg 738 957 741 749 738 550 774 561 766 760 774 1011 756 564 738 270 730 220 661 67 512 402 625 357 705 278 778 267 687 386 552 419
img14994.jpg 742 955 742 753 738 555 774 562 771 760 774 1009 756 566 738 270 728 223 659 68 521 405 630 357 706 277 778 267 670 392 551 414
img14995.jpg 742 952 742 755 738 559 774 563 774 759 774 1009 756 566 738 270 724 223 656 70 523 399 631 356 710 277 778 266 656 391 549 412
img14996.jpg 743 952 740 756 740 559 775 563 775 759 775 1010 758 566 740 270 722 223 654 69 529 402 632 356 711 277 775 266 650 391 547 409
img14997.jpg 743 958 742 758 739 554 775 565 775 758 775 1008 757 565 739 269 721 223 653 69 529 405 628 355 711 276 775 266 646 390 543 408
img14998.jpg 742 962 742 761 742 557 775 564 775 761 775 1012 761 564 739 268 721 221 650 71 532 403 628 353 710 275 775 268 646 393 542 411
img14999.jpg 737 966 740 763 741 556 776 563 773 763 776 1012 762 563 737 268 719 222 648 72 531 403 627 354 709 275 773 268 648 392 538 414
img15000.jpg 736 969 740 763 740 553 775 564 772 763 775 1013 761 564 736 269 719 222 648 69 530 407 622 354 704 276 772 269 648 396 537 415
img15001.jpg 736 971 743 762 743 559 775 566 772 766 775 1012 765 566 736 271 722 224 647 71 529 406 626 352 704 278 768 271 647 395 536 417
img15002.jpg 737 965 744 759 744 559 776 566 772 766 776 1013 765 566 737 273 723 223 647 72 529 405 633 351 705 276 765 269 647 394 536 419
img15003.jpg 735 965 742 755 742 559 774 566 774 767 774 1010 764 566 739 273 725 223 646 73 528 405 632 352 707 277 764 266 646 390 535 420
img15004.jpg 736 966 743 754 746 560 772 567 775 769 772 1011 765 567 739 274 725 220 645 72 526 404 631 354 710 274 764 267 645 390 536 422
img15005.jpg 736 966 743 755 751 563 773 567 776 770 773 1010 765 567 740 276 725 221 642 72 522 403 635 356 711 276 762 265 644 390 536 425
img15006.jpg 737 963 744 754 751 560 773 567 777 769 773 1010 762 567 740 275 723 221 640 70 512 396 629 358 712 275 762 265 642 388 535 423
img15007.jpg 736 965 743 754 751 560 772 567 776 768 772 1008 765 567 740 273 722 222 636 68 512 397 622 363 711 276 765 266 638 389 535 424
img15008.jpg 738 963 745 756 749 555 774 566 774 766 774 1010 763 566 738 273 720 223 635 66 511 397 621 366 710 277 763 266 636 389 538 424
img15009.jpg 738 961 749 753 746 553 774 567 774 764 774 1010 760 567 738 275 721 224 631 63 512 398 617 367 706 278 760 264 633 386 540 422
img15010.jpg 734 960 752 750 745 551 773 565 773 761 773 1011 763 565 738 273 720 223 634 66 515 396 613 365 706 276 763 266 631 387 539 422
img15011.jpg 725 962 751 752 748 552 773 563 773 759 773 1012 766 560 737 271 719 221 634 71 522 397 613 364 705 275 762 264 627 391 539 426
img15012.jpg 726 965 753 754 749 554 774 561 774 758 774 1012 763 558 738 272 720 222 635 71 523 399 613 365 706 272 760 265 628 392 540 425
img15013.jpg 726 968 756 754 749 553 774 560 774 757 774 1011 763 557 738 270 720 220 634 73 522 401 613 367 706 270 760 267 628 395 539 424
img15014.jpg 729 970 759 756 752 555 774 559 774 756 774 1010 763 556 738 269 720 219 634 75 521 403 612 366 705 272 763 269 631 397 541 423
img15015.jpg 736 971 763 756 752 555 773 559 773 756 773 1010 759 556 737 269 720 219 630 75 521 407 616 366 708 272 763 269 634 397 545 421
img15016.jpg 742 971 765 756 751 555 772 559 772 756 772 1010 758 555 737 269 719 219 629 75 518 412 618 365 711 272 765 269 639 395 547 419
img15017.jpg 736 971 763 756 753 556 771 559 771 756 771 1010 756 556 735 270 717 216 627 77 517 409 620 363 713 273 767 266 642 394 549 418
img15018.jpg 731 969 762 754 754 556 769 559 769 758 769 1009 758 552 733 273 715 219 627 81 517 407 627 357 719 273 769 266 644 393 549 418
img15019.jpg 722 969 757 755 753 556 767 560 767 758 767 1010 760 553 736 273 718 220 629 81 516 404 629 358 721 269 767 266 649 393 548 418
img15020.jpg 721 966 755 751 752 557 766 560 766 758 770 1010 762 553 738 273 720 220 631 81 515 400 631 358 724 269 766 266 659 393 550 421
img15021.jpg 724 965 755 750 748 557 765 560 765 760 773 1010 762 557 741 271 723 221 633 78 519 396 633 360 719 271 765 264 673 391 562 421
img15022.jpg 735 961 757 746 747 553 764 560 764 760 772 1010 764 557 743 267 725 221 636 77 518 396 636 360 718 271 764 267 678 393 565 421
img15023.jpg 741 960 760 747 746 553 763 561 763 758 774 1010 763 561 746 262 728 219 638 75 519 391 634 363 713 273 763 265 688 395 569 420
img15024.jpg 744 955 761 747 747 553 764 561 764 757 775 1009 761 561 747 259 729 220 639 76 521 388 636 363 714 274 764 263 696 392 575 421
img15025.jpg 749 956 762 750 744 554 765 562 765 758 772 1008 758 562 748 258 730 222 641 76 522 387 634 365 715 272 765 261 701 390 572 420
img15026.jpg 749 952 761 749 744 552 768 559 765 757 772 1008 758 559 747 261 730 222 641 81 521 389 634 364 719 272 765 265 702 392 563 420
img15027.jpg 749 950 762 749 741 549 768 556 765 756 775 1009 758 556 747 264 730 222 642 85 523 387 635 363 723 271 765 264 710 391 561 422
img15028.jpg 744 953 760 750 742 553 770 557 767 757 774 1010 760 557 749 264 731 222 644 85 520 391 633 363 724 272 767 268 708 391 559 423
img15029.jpg 750 954 763 748 742 554 770 557 767 758 777 1012 763 557 749 264 731 221 643 84 523 391 636 363 724 271 767 267 704 394 558 423
img15030.jpg 745 953 762 745 744 551 769 558 766 759 780 1014 766 558 748 263 730 221 641 87 521 391 641 363 719 274 766 267 702 394 560 423
img15031.jpg 744 957 758 749 744 549 768 556 768 760 779 1013 765 556 747 263 730 221 641 81 519 390 641 366 715 274 765 267 698 397 561 422
img15032.jpg 740 961 757 750 746 551 770 555 770 761 778 1010 764 558 746 263 729 222 641 78 515 390 641 369 711 274 767 267 697 397 560 421
img15033.jpg 745 962 758 748 745 547 772 551 772 759 779 1008 762 554 745 267 727 222 640 80 516 388 644 367 710 274 765 267 701 396 558 423
img15034.jpg 744 962 754 748 744 543 774 547 774 758 777 1006 761 550 744 270 726 223 641 80 512 390 645 366 709 274 764 270 701 394 556 424
img15035.jpg 742 963 752 750 742 546 775 546 775 760 775 1007 759 550 742 272 725 222 640 80 516 391 644 364 712 272 766 272 707 391 556 421
img15036.jpg 739 965 752 748 742 547 776 547 776 761 776 1006 759 551 742 272 725 222 640 83 519 391 644 364 715 272 766 272 714 385 556 422
img15037.jpg 749 964 754 747 741 549 775 552 775 760 775 1009 758 549 744 273 727 222 642 82 520 392 645 362 721 273 765 273 715 382 557 423
img15038.jpg 746 964 751 747 741 549 775 553 775 764 775 1009 758 549 745 273 728 222 642 82 520 392 649 362 724 273 765 273 721 379 560 420
img15039.jpg 743 967 752 748 742 550 776 554 776 765 776 1009 759 550 745 273 728 222 642 81 523 393 649 362 728 273 765 273 728 376 560 417
img15040.jpg 741 970 750 748 743 546 777 550 774 765 777 1008 760 546 747 273 730 222 644 81 528 399 648 365 730 273 764 273 726 376 558 417
img15041.jpg 741 973 754 749 744 549 775 553 772 763 775 1008 761 549 747 270 730 221 644 80 530 401 651 363 727 273 765 270 720 381 561 415
img15042.jpg 722 980 751 755 747 551 775 551 772 766 775 1008 765 551 747 267 730 223 644 77 536 399 651 365 723 275 765 267 713 386 561 413
img15043.jpg 717 981 754 755 750 552 774 552 771 765 774 1010 764 555 747 269 730 221 643 76 537 397 647 366 723 276 768 266 705 391 563 416
img15044.jpg 710 982 755 756 751 556 772 556 769 766 772 1011 765 559 748 269 730 221 644 79 537 397 651 366 724 276 772 262 703 393 565 414
img15045.jpg 711 984 759 757 752 557 770 557 770 764 773 1012 766 557 749 267 732 222 645 80 535 391 656 363 725 274 773 260 704 394 566 416
img15046.jpg 713 980 760 755 753 556 771 556 771 765 774 1016 767 556 750 268 733 224 647 82 537 392 654 364 730 271 774 261 712 391 565 416
img15047.jpg 720 975 763 754 753 555 770 559 773 764 777 1017 767 558 749 271 732 223 647 86 537 394 657 363 732 271 777 261 722 390 564 416
img15048.jpg 727 975 763 757 749 557 770 560 773 764 777 1020 766 557 752 270 735 225 649 87 542 398 663 363 735 270 777 260 729 389 563 414
img15049.jpg 734 975 765 756 748 555 769 558 776 763 779 1020 765 551 755 270 737 225 651 86 543 399 661 364 734 270 776 263 734 388 563 417
img15050.jpg 726 974 761 755 747 555 771 558 775 766 778 1018 764 554 758 274 737 226 654 84 543 399 661 364 740 271 778 267 738 389 563 417
img15051.jpg 725 976 759 757 745 552 773 559 777 764 780 1015 762 555 759 276 738 224 654 81 543 398 665 363 741 273 780 269 739 390 560 414
img15052.jpg 722 979 757 757 746 548 777 555 774 764 778 1011 763 552 763 277 743 225 659 79 545 399 666 364 749 270 781 270 741 387 561 410
img15053.jpg 720 978 757 755 750 545 778 556 774 762 778 1006 767 552 764 277 743 224 662 78 544 399 666 364 749 270 781 273 741 387 558 409
img15054.jpg 715 976 753 756 752 546 780 556 774 763 777 1007 770 556 763 277 742 224 661 77 546 399 669 364 752 270 780 273 737 391 557 410
img15055.jpg 725 974 754 755 754 543 779 558 775 762 775 1009 772 558 761 276 747 223 662 78 546 399 669 364 747 272 782 272 734 393 560 410
img15056.jpg 735 969 756 753 756 542 780 556 773 764 777 1009 773 553 763 276 749 223 665 79 545 398 668 367 745 272 784 272 732 395 570 411
img15057.jpg 742 966 757 753 760 542 778 553 774 763 778 1012 774 550 764 276 750 224 666 80 546 399 669 367 743 273 785 273 732 399 578 417
img15058.jpg 753 964 760 755 763 545 777 552 774 765 777 1016 774 545 767 276 753 224 666 81 547 399 673 371 749 273 788 273 735 402 591 420
img15059.jpg 765 963 764 756 767 544 778 554 774 763 778 1014 774 544 770 276 757 224 670 81 548 398 677 374 756 272 788 272 736 408 602 422
img15060.jpg 778 959 768 756 772 545 779 552 775 763 779 1013 775 541 775 277 758 226 671 83 553 395 682 375 765 270 789 270 737 413 611 423
img15061.jpg 771 960 765 760 778 552 778 555 778 763 775 1009 778 548 778 277 758 226 674 80 560 395 688 375 775 270 785 274 737 420 618 430
img15062.jpg 772 959 770 758 781 555 781 559 781 765 774 1009 781 548 781 275 760 223 673 80 564 394 693 380 781 272 784 275 739 426 623 434
img15063.jpg 768 954 772 752 789 553 783 560 783 766 772 1007 786 550 783 273 761 221 674 81 573 396 698 384 783 270 782 277 741 431 632 441
img15064.jpg 769 952 774 748 798 552 784 559 784 766 774 1008 791 549 784 275 763 223 676 78 584 398 704 388 784 268 784 278 746 429 637 450
img15065.jpg 758 954 773 742 808 548 790 558 787 763 776 1007 797 548 787 273 765 220 678 75 589 395 716 394 787 266 783 280 744 432 635 449
img15066.jpg 763 954 780 734 820 539 795 553 788 762 777 1010 805 539 788 270 770 220 678 79 601 398 734 398 791 263 788 277 745 429 632 439
img15067.jpg 770 958 781 734 831 536 799 550 788 764 781 1009 813 540 788 270 770 220 682 78 618 404 755 398 796 259 788 277 742 430 636 436
img15068.jpg 782 964 787 736 841 534 809 548 791 764 784 1009 819 541 791 271 773 222 685 76 641 413 780 398 805 257 787 275 738 427 631 430
img15069.jpg 791 969 792 740 846 534 814 548 793 766 782 1009 825 544 796 270 775 220 687 79 666 427 806 400 814 259 782 277 730 432 637 444
img15070.jpg 811 977 801 751 854 540 815 550 791 772 780 1010 830 547 801 270 777 221 693 81 696 448 826 404 822 263 777 277 725 431 650 469
img15071.jpg 831 984 808 760 861 544 815 554 791 774 781 1008 833 551 808 275 780 223 700 83 715 457 837 405 833 265 770 279 718 436 665 502
img15072.jpg 854 987 819 766 869 544 816 558 792 774 778 1008 837 554 816 275 788 223 712 80 738 467 850 408 844 269 764 279 711 436 673 527
img15073.jpg 875 991 828 770 874 545 814 559 790 776 779 1007 842 552 824 275 793 223 723 79 753 472 858 412 856 272 758 282 705 440 681 552
img15074.jpg 897 990 841 771 883 544 816 558 788 779 781 1004 848 547 827 277 802 224 739 80 769 475 866 416 869 273 757 280 704 442 683 555
img15075.jpg 914 984 851 766 890 541 816 559 788 780 781 1005 851 545 830 278 812 226 753 82 779 476 872 419 886 275 753 282 700 443 686 555
img15076.jpg 928 982 862 763 897 540 819 558 788 781 784 1004 855 544 833 275 823 226 766 77 794 483 886 424 897 275 752 282 699 441 689 551
img15077.jpg 938 983 869 760 900 542 820 557 788 780 785 1004 858 542 837 277 827 228 781 84 805 482 900 424 910 277 750 284 701 434 691 546
img15078.jpg 941 987 879 761 907 549 820 559 792 779 785 1005 862 549 841 277 837 229 796 89 823 496 912 427 921 281 751 281 702 427 699 542
img15079.jpg 941 995 890 764 911 553 821 560 793 778 783 1009 866 553 848 277 845 229 810 94 860 514 931 430 935 284 752 280 704 422 704 539
img15080.jpg 939 1011 901 771 912 558 823 561 799 778 785 1007 870 558 857 276 850 228 825 97 899 532 952 434 942 286 757 280 709 421 709 537
img15081.jpg 932 1019 909 778 916 563 824 563 803 781 783 1012 875 563 864 278 858 227 844 104 942 552 970 438 956 291 763 278 715 424 719 533
img15082.jpg 926 1027 916 785 923 567 827 567 807 785 783 1013 878 567 871 277 868 226 861 103 981 575 984 448 967 294 769 277 722 420 732 532
img15083.jpg 923 1034 920 786 924 565 832 565 808 786 781 1013 879 565 879 279 876 224 879 102 1015 582 998 453 978 293 778 276 730 425 742 544
img15084.jpg 922 1039 922 788 929 566 834 566 810 788 780 1012 882 566 888 280 885 226 895 100 1025 583 1008 454 987 294 783 277 742 427 764 551
img15085.jpg 923 1041 923 789 937 568 838 568 814 789 777 1013 885 565 896 282 896 224 909 99 1038 585 1015 456 998 293 790 276 753 432 782 567
img15086.jpg 924 1043 928 794 942 572 843 568 819 787 778 1013 890 565 904 284 904 226 925 93 1048 585 1024 455 1007 291 798 274 764 421 793 572
img15087.jpg 927 1044 934 794 948 572 849 568 821 787 780 1013 896 565 914 285 914 226 938 93 1057 586 1033 452 1016 292 808 271 770 421 796 573
img15088.jpg 926 1046 937 798 957 578 854 571 826 788 785 1015 906 567 923 285 923 227 954 89 1060 592 1040 454 1022 292 816 272 782 412 806 564
img15089.jpg 927 1047 941 802 965 580 861 570 837 787 792 1015 909 566 930 286 930 224 969 89 1068 594 1044 456 1027 290 826 269 785 400 797 553
img15090.jpg 927 1046 945 802 969 579 868 569 844 785 802 1011 913 569 938 283 942 227 987 84 1074 597 1049 457 1032 290 837 269 795 387 802 541
img15091.jpg 927 1046 944 796 972 576 874 570 853 782 812 1008 916 570 944 281 951 225 1000 86 1079 601 1052 459 1034 291 846 271 805 389 810 542
img15092.jpg 925 1050 942 794 973 579 880 569 865 777 824 1001 918 569 949 282 959 226 1014 91 1087 603 1056 458 1039 289 855 271 817 396 827 549
img15093.jpg 923 1047 944 792 975 578 886 567 882 771 837 992 920 567 954 280 969 229 1027 94 1096 602 1061 457 1044 287 864 270 826 401 836 555
img15094.jpg 923 1048 944 789 975 578 885 568 889 765 850 986 923 571 958 281 975 233 1041 94 1106 599 1068 457 1048 288 875 271 837 412 849 565
img15095.jpg 923 1049 947 788 979 582 889 565 899 762 868 987 927 568 965 284 982 232 1050 102 1116 596 1074 455 1051 287 882 270 844 421 857 574
img15096.jpg 923 1050 953 792 981 584 895 564 909 766 895 989 933 567 970 285 987 234 1062 108 1127 591 1079 459 1052 285 892 271 851 424 860 577
img15097.jpg 922 1049 964 794 984 583 905 563 922 771 919 987 940 566 977 286 995 235 1074 104 1136 587 1084 459 1054 286 905 273 860 424 863 577
img15098.jpg 922 1049 967 795 984 585 912 565 936 776 940 987 947 568 981 286 998 235 1084 108 1149 582 1091 458 1053 286 912 276 868 420 867 573
img15099.jpg 921 1050 976 795 989 584 925 564 962 783 959 982 955 564 989 285 1006 237 1091 115 1159 581 1095 455 1057 285 921 278 880 415 876 566
img15100.jpg 921 1052 982 795 992 584 935 564 975 785 972 974 965 568 995 286 1013 239 1100 117 1168 574 1100 456 1060 286 931 279 887 405 880 556
img15101.jpg 922 1054 990 791 997 581 943 561 986 780 980 970 970 564 1000 287 1020 239 1108 117 1175 571 1108 456 1064 290 939 276 895 402 890 549
img15102.jpg 924 1055 994 789 1004 580 947 560 991 779 984 969 977 566 1007 287 1027 240 1114 123 1187 570 1114 460 1067 290 944 277 901 400 894 543
img15103.jpg 927 1054 1004 789 1010 576 954 556 994 778 994 968 984 566 1014 290 1037 243 1120 123 1193 569 1117 462 1073 293 954 276 907 400 897 542
img15104.jpg 927 1054 1010 791 1017 577 960 557 990 778 1000 971 990 567 1020 291 1043 240 1127 124 1197 567 1123 467 1077 297 960 277 910 401 900 544
img15105.jpg 927 1052 1014 790 1025 575 967 558 994 777 1004 975 998 565 1025 289 1048 242 1132 121 1202 572 1125 467 1082 296 967 279 917 403 904 548
img15106.jpg 928 1044 1027 791 1034 572 974 558 1001 778 1004 971 1007 565 1031 289 1054 245 1137 122 1207 575 1127 465 1087 295 974 282 924 405 909 555
img15107.jpg 933 1033 1043 792 1040 571 979 561 1010 776 1006 969 1013 564 1033 289 1060 246 1144 122 1207 577 1130 460 1093 296 979 286 936 406 935 558
img15108.jpg 948 1015 1061 791 1048 571 985 558 1015 775 1004 966 1018 561 1038 287 1065 244 1148 124 1208 581 1135 457 1098 294 988 287 945 404 954 553
img15109.jpg 969 994 1082 787 1055 567 992 553 1018 770 1002 964 1022 557 1042 289 1068 246 1152 122 1209 587 1135 453 1102 292 995 286 965 406 1001 539
img15110.jpg 990 975 1106 784 1062 562 996 552 1023 767 1002 958 1023 552 1046 291 1076 244 1155 125 1208 592 1139 452 1109 294 1000 284 973 410 1032 528
img15111.jpg 1019 962 1126 780 1068 562 998 552 1025 766 1007 960 1025 552 1052 293 1078 243 1159 126 1206 595 1143 454 1112 293 1005 283 988 411 1062 515
img15112.jpg 1037 953 1141 774 1077 559 1003 546 1026 764 1012 957 1030 546 1060 291 1083 244 1164 127 1204 596 1144 455 1117 295 1013 281 1000 415 1077 505
img15113.jpg 1048 955 1155 768 1084 557 1007 546 1027 761 1014 958 1034 543 1068 291 1087 247 1169 129 1202 597 1145 455 1121 294 1017 280 1014 425 1098 501
img15114.jpg 1061 959 1168 766 1090 558 1010 547 1030 762 1019 964 1040 544 1074 289 1094 248 1175 131 1201 598 1148 460 1127 295 1023 282 1017 430 1091 506
img15115.jpg 1074 962 1179 763 1097 560 1013 546 1033 766 1019 973 1046 546 1081 289 1097 248 1179 130 1202 597 1152 458 1131 295 1030 282 1033 432 1102 503
img15116.jpg 1086 961 1185 764 1106 563 1021 546 1035 767 1015 974 1055 550 1086 288 1103 247 1185 128 1205 597 1154 454 1137 295 1035 285 1042 435 1113 503
img15117.jpg 1108 964 1193 764 1115 568 1027 547 1037 768 1013 981 1064 554 1091 289 1108 245 1190 130 1206 598 1159 456 1142 293 1040 286 1047 436 1118 505
img15118.jpg 1129 968 1197 767 1122 564 1034 547 1041 767 1014 984 1071 553 1095 289 1112 245 1194 129 1211 598 1163 455 1146 292 1048 286 1055 436 1126 506
img15119.jpg 1149 973 1203 768 1128 563 1043 546 1043 765 1016 983 1080 553 1101 290 1118 246 1200 129 1214 594 1169 451 1152 290 1057 283 1063 434 1134 506
img15120.jpg 1168 980 1209 772 1137 564 1052 547 1045 762 1018 980 1089 554 1106 291 1123 247 1209 131 1216 591 1175 452 1158 291 1066 284 1069 435 1138 511
img15121.jpg 1188 988 1212 770 1143 563 1055 546 1048 760 1021 982 1093 549 1113 290 1130 250 1215 134 1219 590 1181 454 1164 290 1072 284 1076 437 1145 515
img15122.jpg 1204 995 1215 774 1146 563 1061 549 1054 760 1020 985 1095 549 1119 293 1136 252 1221 133 1225 590 1184 453 1170 290 1082 283 1082 436 1149 517
img15123.jpg 1224 999 1221 774 1152 567 1068 550 1061 761 1023 985 1101 550 1128 298 1145 254 1231 134 1231 591 1190 454 1180 291 1088 284 1091 434 1160 515
img15124.jpg 1241 999 1224 776 1163 569 1072 548 1068 762 1024 986 1106 552 1136 301 1153 253 1238 135 1238 593 1197 457 1187 294 1096 287 1099 436 1167 519
img15125.jpg 1256 999 1229 776 1171 569 1077 548 1077 762 1025 986 1114 552 1148 301 1165 253 1246 138 1246 596 1205 460 1195 294 1104 291 1107 436 1175 521
img15126.jpg 1271 999 1240 784 1179 573 1087 556 1083 764 1025 985 1124 559 1158 303 1175 256 1257 140 1257 600 1213 464 1206 296 1118 290 1114 436 1178 526
img15127.jpg 1283 998 1249 786 1188 573 1095 560 1088 765 1026 981 1133 560 1171 306 1188 258 1266 145 1266 604 1225 467 1215 299 1126 293 1122 440 1186 531
img15128.jpg 1296 997 1258 787 1196 578 1100 567 1093 767 1024 980 1141 564 1183 306 1200 261 1279 151 1275 609 1237 471 1227 302 1141 296 1127 445 1182 543
img15129.jpg 1308 997 1267 788 1202 579 1109 572 1099 767 1024 979 1151 565 1198 305 1215 264 1294 157 1288 616 1246 472 1240 305 1154 298 1133 446 1184 547
img15130.jpg 1316 998 1278 792 1206 579 1116 575 1103 768 1024 977 1158 568 1209 308 1230 266 1312 160 1299 620 1258 476 1254 308 1168 297 1140 445 1184 551
img15131.jpg 1320 1002 1286 789 1211 575 1126 568 1109 765 1028 975 1167 561 1224 307 1248 263 1329 161 1309 622 1269 473 1269 311 1180 300 1149 443 1190 552
img15132.jpg 1324 1007 1294 791 1223 575 1135 565 1118 764 1031 973 1182 558 1236 308 1270 258 1351 160 1321 625 1284 470 1291 312 1196 298 1161 436 1199 548
img15133.jpg 1323 1009 1300 792 1233 571 1149 558 1129 762 1035 969 1196 554 1253 307 1290 256 1373 159 1333 628 1300 471 1307 313 1209 296 1176 432 1212 545
img15134.jpg 1321 1014 1308 793 1247 569 1160 555 1143 763 1040 964 1210 549 1267 308 1311 254 1394 157 1344 625 1318 472 1328 314 1224 294 1189 431 1225 546
img15135.jpg 1323 1015 1313 791 1263 564 1176 551 1163 761 1049 954 1223 544 1286 304 1329 253 1413 157 1359 624 1336 471 1346 314 1239 294 1203 423 1232 541
img15136.jpg 1323 1011 1320 791 1279 562 1192 549 1185 761 1057 936 1239 542 1303 303 1343 255 1431 158 1374 623 1357 471 1364 313 1255 293 1215 417 1238 536
img15137.jpg 1323 1009 1326 790 1293 558 1209 545 1209 757 1071 911 1249 542 1320 299 1353 259 1444 154 1390 622 1370 474 1377 312 1269 292 1225 410 1241 532
img15138.jpg 1323 1009 1334 790 1307 558 1226 541 1232 750 1088 884 1263 541 1330 299 1364 258 1455 150 1408 618 1384 470 1391 312 1280 289 1232 403 1243 527
img15139.jpg 1325 1003 1338 790 1314 556 1238 536 1251 740 1107 854 1274 540 1341 296 1371 256 1464 149 1427 616 1398 469 1404 309 1288 286 1238 396 1244 522
img15140.jpg 1325 1003 1342 788 1325 557 1252 534 1271 735 1130 830 1288 537 1351 296 1377 256 1470 147 1443 616 1410 464 1417 309 1292 286 1245 398 1255 526
img15141.jpg 1327 1001 1344 784 1334 558 1261 535 1287 729 1154 817 1297 538 1357 295 1386 256 1475 141 1458 613 1422 462 1429 308 1294 285 1251 397 1263 525
img15142.jpg 1327 999 1347 783 1340 557 1268 534 1295 727 1175 810 1307 537 1363 292 1389 256 1481 142 1474 609 1435 462 1438 308 1294 286 1251 400 1262 530
img15143.jpg 1325 997 1352 778 1349 556 1273 539 1302 731 1196 809 1315 536 1371 294 1394 254 1479 140 1486 608 1447 460 1450 307 1296 287 1253 402 1263 533
img15144.jpg 1324 999 1357 775 1357 554 1281 541 1308 734 1217 819 1324 538 1377 294 1397 255 1476 136 1495 607 1456 455 1456 307 1298 287 1255 399 1259 534
img15145.jpg 1324 999 1363 773 1363 556 1285 543 1309 737 1236 834 1330 540 1380 294 1400 254 1475 133 1504 602 1465 455 1462 307 1301 287 1255 395 1251 536
img15146.jpg 1324 1002 1367 769 1370 557 1288 544 1309 739 1251 847 1337 540 1386 295 1403 255 1472 134 1514 599 1471 452 1468 308 1301 285 1255 400 1246 541
img15147.jpg 1325 1002 1370 768 1380 560 1295 547 1318 742 1273 864 1344 544 1390 297 1406 255 1465 131 1520 596 1478 450 1474 310 1305 284 1260 398 1247 544
img15148.jpg 1327 999 1372 773 1385 561 1301 548 1322 743 1285 880 1346 548 1391 297 1408 255 1462 130 1526 590 1481 452 1478 313 1307 284 1259 404 1246 548
img15149.jpg 1328 1001 1373 772 1392 561 1305 551 1328 745 1297 892 1350 551 1392 298 1408 259 1459 128 1530 583 1488 452 1482 314 1308 285 1260 410 1250 551
img15150.jpg 1329 999 1374 774 1400 563 1310 554 1336 746 1307 900 1355 554 1394 301 1407 259 1451 128 1534 579 1493 454 1486 316 1307 285 1259 422 1256 554
img15151.jpg 1332 996 1377 780 1406 565 1316 556 1342 749 1314 910 1358 559 1393 306 1402 258 1443 132 1535 578 1500 458 1488 318 1307 290 1260 429 1260 559
img15152.jpg 1341 992 1381 781 1408 565 1320 556 1342 751 1311 919 1362 559 1391 307 1400 261 1434 136 1534 577 1506 456 1488 319 1305 294 1259 440 1263 559
img15153.jpg 1343 988 1386 777 1413 565 1322 556 1347 750 1320 927 1368 560 1390 308 1396 262 1423 138 1532 577 1510 454 1486 317 1301 296 1262 444 1265 560
img15154.jpg 1349 977 1395 778 1416 568 1326 559 1350 751 1325 935 1371 562 1390 310 1392 261 1410 144 1531 577 1512 457 1485 316 1299 301 1263 448 1266 562
img15155.jpg 1356 967 1402 775 1420 565 1329 559 1351 751 1330 942 1374 563 1387 311 1389 262 1401 149 1524 577 1512 455 1485 314 1296 305 1267 448 1264 563
img15156.jpg 1361 962 1410 772 1425 563 1331 561 1352 751 1339 945 1379 561 1386 311 1388 265 1391 147 1521 576 1509 455 1485 310 1294 304 1265 449 1262 561
img15157.jpg 1366 953 1416 767 1429 561 1335 561 1357 751 1351 945 1382 558 1388 312 1385 265 1379 147 1519 572 1506 455 1485 309 1295 303 1264 446 1261 561
img15158.jpg 1381 952 1421 762 1434 560 1340 560 1359 750 1353 946 1387 554 1390 311 1384 264 1368 149 1517 569 1505 454 1487 308 1297 305 1266 445 1259 560
img15159.jpg 1392 955 1421 759 1439 557 1346 557 1361 750 1355 946 1396 550 1393 310 1383 267 1358 148 1512 570 1502 454 1486 307 1299 304 1268 444 1259 557
img15160.jpg 1404 959 1419 756 1444 554 1351 554 1363 750 1357 949 1401 548 1394 308 1385 268 1348 146 1512 568 1500 454 1485 308 1304 302 1267 445 1258 557
img15161.jpg 1417 957 1417 752 1448 551 1355 551 1364 749 1358 951 1408 544 1399 305 1386 265 1339 150 1506 566 1498 451 1482 308 1312 302 1271 445 1256 557
img15162.jpg 1427 962 1417 752 1451 548 1361 548 1365 746 1358 956 1414 545 1402 304 1387 264 1334 155 1498 566 1495 451 1479 307 1315 304 1278 446 1254 557
img15163.jpg 1433 962 1414 751 1455 546 1368 549 1365 748 1361 958 1421 546 1405 304 1386 264 1327 158 1478 557 1486 442 1476 307 1321 304 1284 447 1253 558
img15164.jpg 1439 959 1417 751 1457 545 1373 548 1364 745 1364 959 1423 545 1407 302 1386 262 1323 159 1467 552 1482 438 1476 305 1327 305 1289 448 1252 561
img15165.jpg 1443 954 1418 749 1459 544 1378 548 1362 743 1362 957 1428 544 1409 302 1384 262 1319 162 1458 552 1477 437 1471 305 1335 305 1297 448 1254 560
img15166.jpg 1446 951 1421 748 1461 546 1384 549 1363 742 1363 957 1430 546 1409 300 1384 263 1314 162 1449 548 1473 434 1467 303 1341 306 1310 441 1261 561
img15167.jpg 1448 946 1420 746 1463 546 1389 549 1361 743 1361 955 1432 546 1408 300 1386 263 1312 162 1429 542 1463 429 1463 303 1352 306 1321 442 1272 561
img15168.jpg 1447 942 1420 743 1463 545 1396 545 1362 740 1362 954 1435 545 1408 297 1386 264 1307 160 1425 548 1460 435 1457 301 1362 307 1331 441 1282 560
img15169.jpg 1446 936 1419 742 1464 546 1401 546 1361 742 1361 954 1437 543 1410 298 1389 265 1304 165 1415 546 1453 434 1449 301 1376 304 1346 440 1295 561
img15170.jpg 1446 932 1422 744 1464 547 1407 550 1364 744 1361 953 1437 547 1412 298 1388 265 1300 168 1400 539 1443 428 1439 295 1388 304 1361 438 1310 562
img15171.jpg 1443 933 1422 742 1465 547 1413 550 1367 742 1360 954 1437 547 1416 299 1388 265 1293 170 1388 537 1435 427 1430 295 1400 302 1373 439 1324 562
img15172.jpg 1437 933 1422 738 1465 547 1419 550 1370 741 1357 955 1441 547 1419 300 1388 269 1283 170 1387 537 1435 426 1425 294 1410 300 1388 439 1339 562
img15173.jpg 1434 932 1425 734 1468 549 1425 552 1373 740 1354 954 1444 549 1419 302 1388 271 1280 178 1378 542 1431 427 1419 295 1419 299 1404 441 1354 568
img15174.jpg 1434 933 1425 730 1471 550 1434 553 1379 740 1351 951 1446 550 1416 305 1388 274 1272 182 1365 544 1427 431 1407 304 1422 299 1418 440 1375 569
img15175.jpg 1432 932 1426 726 1465 548 1444 548 1383 738 1350 950 1450 545 1414 308 1386 278 1265 187 1355 552 1419 437 1399 314 1423 297 1434 439 1394 572
img15176.jpg 1432 930 1429 724 1456 546 1450 546 1387 739 1351 948 1450 543 1408 314 1384 284 1263 196 1345 558 1413 442 1393 319 1423 296 1447 444 1413 574
img15177.jpg 1435 927 1429 728 1447 547 1453 547 1390 740 1354 948 1447 544 1402 314 1381 288 1260 203 1336 565 1402 448 1381 326 1423 297 1459 444 1429 578
img15178.jpg 1438 926 1429 729 1435 549 1453 549 1393 744 1357 950 1443 546 1399 316 1378 293 1255 209 1330 568 1391 452 1372 334 1423 295 1471 442 1447 577
img15179.jpg 1439 929 1430 731 1421 554 1451 554 1394 746 1361 953 1442 554 1394 320 1373 296 1250 215 1328 572 1379 455 1367 335 1424 296 1481 440 1457 578
img15180.jpg 1440 934 1429 735 1417 559 1450 562 1396 747 1366 955 1440 562 1390 321 1369 300 1247 222 1328 574 1373 458 1363 339 1426 300 1488 440 1467 577
img15181.jpg 1439 936 1427 738 1416 567 1451 570 1401 750 1368 960 1439 570 1389 322 1366 304 1241 230 1327 576 1366 464 1356 346 1427 304 1492 434 1474 582
img15182.jpg 1440 939 1428 737 1417 573 1451 576 1405 752 1373 960 1440 576 1385 327 1362 307 1237 240 1327 581 1362 469 1353 350 1425 307 1495 439 1483 582
img15183.jpg 1440 942 1429 742 1418 576 1455 579 1409 751 1380 960 1440 579 1380 333 1358 311 1232 250 1329 585 1360 473 1349 353 1423 313 1497 444 1489 585
img15184.jpg 1442 941 1430 743 1417 578 1459 581 1414 751 1388 956 1439 581 1377 339 1354 317 1226 262 1328 589 1357 478 1345 359 1419 319 1496 444 1496 589
img15185.jpg 1442 941 1431 742 1417 582 1460 579 1417 753 1394 955 1436 582 1371 345 1351 323 1217 274 1328 593 1357 482 1340 363 1414 326 1497 448 1499 594
img15186.jpg 1445 944 1431 741 1417 582 1459 580 1417 752 1400 955 1437 582 1366 354 1349 331 1211 286 1329 599 1355 486 1335 368 1411 331 1499 461 1502 597
img15187.jpg 1446 944 1431 745 1416 585 1461 579 1418 751 1404 952 1435 582 1364 359 1345 339 1203 302 1330 602 1353 489 1331 373 1407 339 1497 466 1503 602
img15188.jpg 1446 945 1428 741 1416 582 1463 577 1419 751 1402 953 1435 579 1362 365 1342 349 1196 317 1331 605 1351 492 1326 379 1404 346 1497 472 1503 605
img15189.jpg 1446 945 1423 740 1418 580 1465 569 1418 750 1398 956 1437 574 1359 370 1337 359 1189 333 1331 610 1351 496 1320 384 1401 356 1496 487 1501 610
img15190.jpg 1444 945 1417 738 1419 576 1473 562 1416 749 1397 958 1443 568 1358 378 1333 369 1185 350 1330 617 1347 502 1317 394 1397 366 1493 499 1501 617
img15191.jpg 1444 942 1411 737 1420 574 1487 555 1414 753 1396 959 1447 566 1358 387 1330 376 1181 368 1327 623 1346 506 1317 403 1390 378 1490 509 1498 623
img15192.jpg 1443 939 1402 734 1419 569 1499 548 1411 757 1393 964 1451 564 1355 398 1328 387 1175 381 1325 628 1344 513 1315 417 1387 389 1489 518 1494 634
img15193.jpg 1443 934 1394 737 1419 572 1509 545 1409 761 1393 966 1451 564 1353 409 1323 399 1172 398 1321 636 1342 518 1313 428 1382 401 1483 526 1491 646
img15194.jpg 1442 927 1386 738 1419 573 1518 546 1403 762 1393 969 1453 565 1348 423 1322 407 1171 413 1319 641 1340 526 1314 442 1379 410 1479 534 1487 657
img15195.jpg 1443 918 1376 741 1418 576 1522 550 1400 763 1392 970 1449 568 1345 433 1319 417 1169 428 1314 646 1340 532 1314 451 1376 417 1475 542 1483 666
img15196.jpg 1445 910 1367 744 1417 579 1520 554 1393 760 1391 972 1450 569 1339 442 1313 429 1166 439 1311 651 1337 538 1313 460 1373 427 1471 549 1479 677
img15197.jpg 1447 903 1358 748 1416 584 1519 558 1388 759 1390 973 1449 571 1336 450 1308 437 1163 449 1308 659 1336 546 1313 468 1370 435 1467 556 1475 684
img15198.jpg 1450 895 1348 751 1415 588 1519 563 1382 761 1389 972 1457 571 1333 459 1305 446 1161 456 1306 665 1334 553 1313 477 1369 444 1465 566 1470 692
img15199.jpg 1455 890 1338 753 1413 592 1520 567 1378 762 1390 972 1467 570 1335 467 1303 457 1158 466 1303 670 1331 560 1311 485 1368 454 1463 575 1465 699
img15200.jpg 1461 888 1328 757 1411 598 1521 574 1374 763 1391 972 1475 572 1334 476 1299 464 1154 471 1302 676 1327 569 1309 494 1369 466 1461 584 1459 708
img15201.jpg 1461 884 1318 760 1410 604 1521 580 1371 766 1390 972 1483 572 1336 486 1299 474 1154 480 1300 683 1324 577 1307 503 1368 476 1457 592 1452 719
img15202.jpg 1465 883 1307 764 1407 611 1520 588 1366 766 1390 970 1477 580 1332 496 1299 484 1153 489 1294 691 1320 585 1306 511 1371 489 1450 600 1443 732
img15203.jpg 1466 886 1296 769 1404 619 1502 598 1361 766 1392 969 1464 593 1330 505 1298 493 1152 496 1289 701 1320 596 1303 521 1370 500 1444 610 1435 744
img15204.jpg 1460 888 1282 774 1398 628 1480 609 1353 769 1391 966 1444 607 1327 514 1298 502 1152 504 1282 711 1318 607 1303 531 1368 510 1439 624 1425 757
img15205.jpg 1452 895 1270 778 1394 637 1460 623 1345 773 1391 966 1429 623 1324 528 1300 516 1154 516 1275 723 1315 616 1301 540 1366 521 1433 637 1415 770
img15206.jpg 1459 904 1271 783 1403 647 1458 633 1356 772 1391 963 1427 640 1320 540 1299 529 1152 527 1268 735 1313 629 1300 549 1368 535 1427 653 1404 783
img15207.jpg 1469 899 1276 786 1397 659 1458 644 1371 776 1391 961 1441 650 1322 553 1300 542 1153 540 1261 747 1309 641 1298 562 1368 549 1421 670 1391 795
img15208.jpg 1471 907 1282 787 1409 664 1475 652 1386 781 1388 961 1454 658 1322 567 1301 557 1153 552 1253 761 1305 653 1297 573 1370 563 1417 685 1380 807
img15209.jpg 1477 913 1290 790 1423 668 1492 662 1400 786 1383 964 1468 668 1323 580 1300 571 1153 566 1245 775 1300 668 1294 585 1372 577 1412 701 1365 822
img15210.jpg 1484 918 1298 791 1436 671 1508 672 1415 797 1377 971 1480 681 1324 590 1299 582 1152 575 1238 789 1297 683 1294 596 1370 590 1404 716 1351 839
img15211.jpg 1472 925 1291 792 1434 678 1507 690 1411 816 1374 985 1479 694 1325 601 1299 593 1151 584 1229 804 1293 696 1293 608 1363 605 1397 732 1337 852
img15212.jpg 1453 947 1284 794 1448 683 1500 710 1402 837 1368 1006 1472 708 1325 611 1299 603 1151 593 1220 819 1288 710 1292 619 1355 619 1389 748 1326 867
img15213.jpg 1440 957 1277 797 1444 695 1495 731 1394 859 1364 1028 1468 727 1323 623 1299 615 1151 603 1213 832 1281 726 1291 631 1350 631 1380 763 1312 879
img15214.jpg 1425 969 1271 799 1440 711 1491 749 1387 877 1361 1047 1465 745 1321 632 1299 622 1151 609 1205 843 1276 737 1289 642 1346 642 1370 777 1302 891
img15215.jpg 1405 982 1265 799 1437 728 1487 762 1382 892 1359 1061 1463 756 1321 642 1299 632 1151 618 1197 854 1270 749 1287 657 1344 654 1361 788 1294 901
img15216.jpg 1385 993 1261 800 1436 746 1486 774 1377 905 1358 1074 1460 768 1319 651 1300 641 1151 625 1190 864 1264 759 1286 667 1345 661 1355 798 1281 910
img15217.jpg 1377 999 1258 802 1433 754 1485 782 1374 912 1359 1081 1460 778 1315 658 1300 649 1151 631 1184 872 1261 765 1286 674 1344 666 1348 807 1271 917
img15218.jpg 1358 1009 1254 802 1434 770 1483 789 1369 920 1358 1089 1458 787 1317 665 1298 655 1150 636 1180 881 1265 766 1285 684 1338 676 1342 813 1260 925
img15219.jpg 1348 1016 1251 805 1434 780 1482 797 1366 929 1358 1097 1458 793 1316 672 1297 661 1149 640 1177 886 1269 763 1286 688 1334 683 1338 818 1251 928
img15220.jpg 1349 1018 1249 808 1431 782 1481 804 1363 937 1358 1104 1457 800 1313 675 1295 664 1147 642 1175 890 1274 757 1288 688 1334 686 1333 822 1240 928
img15221.jpg 1352 1018 1247 809 1429 779 1477 809 1356 943 1355 1110 1455 802 1313 678 1294 669 1146 645 1175 894 1280 752 1287 689 1331 691 1329 826 1239 930
img15222.jpg 1344 1023 1244 810 1433 785 1476 813 1353 947 1355 1114 1456 806 1313 681 1292 671 1144 645 1173 897 1286 747 1287 691 1331 694 1325 828 1241 929
img15223.jpg 1352 1019 1244 808 1432 779 1477 814 1351 948 1357 1114 1456 806 1311 682 1292 671 1144 644 1173 896 1287 744 1287 687 1335 693 1324 829 1244 926
img15224.jpg 1353 1019 1243 808 1432 778 1475 815 1346 951 1356 1116 1456 806 1311 680 1293 673 1144 644 1172 898 1288 743 1287 687 1341 691 1321 830 1244 924
img15225.jpg 1345 1023 1243 808 1435 786 1475 817 1344 952 1357 1117 1455 806 1313 679 1294 673 1146 643 1171 897 1287 745 1285 692 1346 690 1318 830 1243 923
img15226.jpg 1352 1020 1243 807 1432 782 1476 817 1342 953 1358 1116 1456 807 1312 678 1293 671 1145 640 1169 894 1286 747 1284 693 1347 690 1317 831 1242 927
img15227.jpg 1353 1021 1244 807 1430 783 1477 814 1341 951 1361 1114 1455 807 1312 676 1293 671 1145 638 1170 892 1283 750 1282 697 1352 688 1317 831 1240 928
img15228.jpg 1352 1020 1242 807 1431 783 1476 814 1337 951 1360 1113 1454 805 1311 675 1293 670 1145 635 1170 889 1281 752 1282 699 1352 688 1317 831 1237 931
img15229.jpg 1352 1020 1242 805 1432 783 1479 809 1337 946 1364 1107 1455 803 1312 673 1292 668 1144 632 1171 884 1276 754 1279 701 1351 686 1319 828 1238 931
img15230.jpg 1364 1013 1244 803 1432 774 1480 803 1335 941 1365 1100 1458 799 1310 671 1290 663 1142 626 1170 879 1263 761 1279 697 1351 686 1321 826 1241 931
img15231.jpg 1362 1013 1245 800 1435 774 1482 796 1335 934 1368 1092 1457 794 1312 666 1290 659 1143 620 1170 873 1254 764 1279 692 1354 681 1323 820 1240 923
img15232.jpg 1373 1006 1246 799 1437 766 1483 791 1333 929 1369 1086 1458 788 1314 661 1290 654 1143 613 1169 865 1247 764 1279 687 1353 674 1325 814 1238 917
img15233.jpg 1384 1004 1250 800 1437 762 1485 786 1332 925 1372 1080 1459 781 1315 655 1291 648 1144 606 1167 857 1241 762 1278 681 1358 663 1328 805 1236 907
img15234.jpg 1398 994 1253 796 1438 751 1486 781 1331 919 1373 1074 1460 771 1315 650 1293 638 1146 594 1167 849 1240 756 1280 674 1358 655 1328 798 1236 897
img15235.jpg 1403 990 1256 793 1440 747 1487 775 1329 914 1374 1067 1460 762 1318 642 1293 629 1146 584 1168 838 1246 745 1280 667 1357 640 1331 787 1234 885
img15236.jpg 1417 982 1261 791 1442 738 1488 769 1327 908 1376 1059 1463 752 1318 634 1293 618 1146 571 1169 825 1248 734 1279 661 1360 626 1333 777 1235 873
img15237.jpg 1424 974 1264 786 1443 731 1488 761 1324 899 1376 1049 1464 741 1319 624 1294 608 1147 560 1171 812 1252 721 1280 650 1363 616 1335 767 1236 860
img15238.jpg 1428 964 1260 782 1438 721 1490 747 1323 886 1378 1034 1464 729 1323 614 1295 599 1149 549 1172 800 1252 709 1283 639 1363 605 1337 757 1238 848
img15239.jpg 1434 952 1257 777 1432 710 1487 734 1318 873 1375 1019 1463 716 1323 603 1294 587 1148 535 1173 786 1251 698 1284 623 1364 593 1339 747 1241 835
img15240.jpg 1443 939 1257 773 1428 697 1489 718 1317 857 1377 1001 1462 703 1324 589 1297 575 1152 522 1172 773 1253 685 1287 613 1367 581 1342 735 1244 822
img15241.jpg 1450 925 1253 770 1420 686 1488 698 1313 837 1375 986 1459 690 1326 576 1300 561 1159 509 1174 760 1255 670 1289 596 1368 568 1344 721 1248 808
img15242.jpg 1454 913 1248 768 1411 676 1486 682 1308 820 1375 973 1453 678 1327 563 1303 547 1163 491 1175 747 1256 656 1292 578 1372 552 1347 705 1252 793
img15243.jpg 1460 901 1252 764 1410 664 1485 668 1306 807 1373 966 1450 666 1327 545 1304 529 1167 471 1176 731 1260 640 1292 559 1378 536 1350 689 1255 778
img15244.jpg 1467 894 1258 763 1411 655 1487 655 1307 796 1375 960 1449 657 1330 529 1306 512 1174 450 1178 716 1264 624 1294 543 1385 517 1354 672 1259 762
img15245.jpg 1466 891 1258 760 1405 644 1481 645 1306 787 1373 961 1445 647 1332 512 1307 492 1180 425 1183 700 1264 610 1293 522 1391 502 1356 657 1264 744
img15246.jpg 1467 888 1264 758 1405 635 1475 638 1305 786 1373 961 1440 638 1333 493 1308 475 1183 403 1186 685 1265 596 1290 503 1395 485 1360 641 1268 728
img15247.jpg 1467 886 1272 753 1407 624 1472 627 1309 780 1371 962 1438 627 1332 474 1309 453 1190 377 1190 671 1268 580 1288 487 1397 469 1363 624 1273 712
img15248.jpg 1465 885 1276 750 1405 614 1468 616 1312 776 1373 962 1433 616 1333 457 1312 433 1196 351 1196 656 1267 566 1288 468 1400 455 1368 608 1281 696
img15249.jpg 1460 881 1282 740 1403 597 1460 606 1315 771 1374 963 1427 603 1333 438 1315 414 1201 327 1201 641 1269 552 1288 449 1401 438 1371 592 1285 681
img15250.jpg 1454 877 1288 738 1402 590 1455 596 1318 767 1375 962 1424 590 1334 423 1318 395 1208 304 1205 626 1273 536 1290 431 1403 420 1375 577 1290 667
img15251.jpg 1447 873 1292 730 1399 577 1450 585 1322 762 1376 962 1422 580 1337 406 1322 374 1217 277 1208 614 1277 520 1294 414 1405 403 1379 562 1294 653
img15252.jpg 1439 873 1294 729 1393 571 1442 579 1324 760 1379 963 1416 574 1341 390 1327 358 1225 253 1210 602 1280 506 1298 399 1408 387 1382 550 1298 640
img15253.jpg 1433 873 1298 730 1389 567 1436 573 1324 755 1377 962 1412 567 1345 375 1330 342 1230 233 1212 593 1286 493 1298 386 1410 372 1383 537 1301 628
img15254.jpg 1430 872 1299 736 1382 569 1430 572 1325 753 1376 963 1409 566 1349 361 1334 328 1241 213 1214 584 1289 481 1301 373 1412 358 1385 526 1304 617
img15255.jpg 1424 876 1303 736 1377 565 1426 568 1328 751 1377 964 1404 562 1353 348 1337 318 1249 196 1215 577 1292 470 1304 360 1414 348 1386 513 1307 608
img15256.jpg 1409 886 1302 745 1368 570 1421 567 1331 750 1378 966 1399 561 1356 341 1341 307 1257 180 1220 570 1294 462 1306 350 1415 341 1387 502 1310 598
img15257.jpg 1393 895 1300 744 1358 567 1417 567 1336 750 1376 963 1395 560 1358 334 1342 300 1265 169 1222 563 1296 455 1308 340 1417 334 1389 492 1311 591
img15258.jpg 1381 900 1300 742 1349 562 1411 568 1343 749 1377 962 1389 562 1358 327 1346 293 1277 158 1224 555 1296 449 1311 333 1418 327 1389 486 1314 587
img15259.jpg 1367 908 1303 742 1343 559 1409 562 1350 749 1378 960 1384 559 1359 322 1350 287 1283 148 1226 549 1296 445 1311 328 1419 322 1390 480 1318 581
img15260.jpg 1355 914 1305 744 1336 560 1406 563 1352 748 1377 959 1377 563 1361 317 1352 282 1294 141 1227 544 1297 442 1313 323 1419 317 1396 477 1323 576
img15261.jpg 1354 913 1310 742 1332 557 1402 563 1354 744 1376 957 1370 563 1363 312 1354 280 1303 137 1227 541 1297 439 1316 321 1421 312 1399 477 1325 576
img15262.jpg 1355 910 1317 740 1329 554 1400 560 1358 742 1378 959 1364 560 1368 308 1358 275 1313 130 1229 538 1297 434 1316 317 1420 308 1404 473 1329 573
img15263.jpg 1356 913 1327 741 1330 555 1398 558 1359 742 1378 959 1362 558 1372 306 1359 270 1320 128 1230 535 1298 432 1317 312 1420 306 1405 467 1330 571
img15264.jpg 1356 917 1334 742 1327 555 1395 558 1359 744 1378 959 1359 558 1375 305 1359 267 1327 126 1228 536 1299 430 1318 308 1420 305 1405 465 1331 571
img15265.jpg 1356 919 1339 740 1324 554 1391 557 1362 744 1378 958 1356 557 1378 306 1362 263 1334 121 1230 535 1298 428 1317 309 1424 306 1408 457 1330 570
img15266.jpg 1353 923 1343 740 1324 554 1392 557 1366 746 1382 958 1356 557 1379 304 1366 259 1337 121 1231 532 1298 429 1318 307 1423 304 1408 454 1334 570
img15267.jpg 1354 925 1347 740 1325 556 1389 559 1367 747 1383 957 1357 556 1376 304 1367 257 1342 119 1230 530 1297 432 1319 307 1427 304 1409 450 1335 568
img15268.jpg 1353 923 1345 739 1324 553 1388 560 1369 746 1382 958 1356 557 1375 303 1369 255 1347 114 1227 531 1295 432 1321 310 1430 303 1411 450 1337 566
img15269.jpg 1357 917 1345 738 1322 551 1387 561 1373 742 1383 958 1354 558 1377 303 1370 255 1351 113 1228 529 1293 432 1322 309 1432 303 1416 448 1338 564
img15270.jpg 1357 917 1344 737 1325 548 1389 561 1376 743 1382 958 1357 557 1376 301 1373 253 1354 112 1229 528 1293 432 1325 307 1430 301 1408 455 1337 564
img15271.jpg 1360 918 1344 735 1325 544 1390 561 1376 745 1380 959 1357 557 1376 302 1373 253 1357 107 1228 528 1292 431 1325 308 1435 302 1412 451 1335 564
img15272.jpg 1362 915 1346 739 1326 544 1391 560 1378 745 1378 960 1359 560 1378 300 1375 252 1359 106 1229 527 1294 430 1326 310 1436 300 1407 456 1333 567
img15273.jpg 1363 919 1347 735 1327 546 1391 558 1379 745 1379 960 1360 558 1382 301 1375 253 1360 112 1231 526 1295 430 1327 308 1436 301 1414 450 1331 568
img15274.jpg 1359 924 1346 738 1330 548 1394 557 1378 747 1378 960 1362 557 1384 300 1378 252 1362 113 1233 525 1297 429 1330 310 1439 300 1419 445 1330 570
img15275.jpg 1361 921 1348 738 1329 549 1396 555 1377 748 1377 960 1361 558 1386 301 1377 253 1361 118 1232 526 1297 430 1329 311 1441 301 1428 440 1332 571
img15276.jpg 1359 919 1346 740 1330 550 1397 556 1378 746 1378 958 1362 556 1387 302 1378 254 1362 119 1233 527 1298 431 1330 309 1442 302 1429 437 1333 569
img15277.jpg 1357 921 1344 739 1331 550 1399 556 1379 745 1379 960 1363 553 1389 303 1379 255 1363 120 1232 527 1299 431 1331 306 1443 303 1437 431 1335 569
img15278.jpg 1355 919 1342 740 1333 545 1403 555 1381 747 1381 961 1368 551 1387 305 1381 257 1365 119 1230 529 1301 430 1333 308 1445 305 1439 430 1336 570
img15279.jpg 1357 920 1341 738 1338 543 1408 553 1382 748 1382 964 1372 550 1385 304 1382 256 1363 119 1229 531 1302 429 1331 307 1446 307 1437 429 1335 572
img15280.jpg 1354 921 1338 740 1341 542 1411 555 1382 749 1385 965 1376 549 1385 304 1382 256 1363 116 1230 530 1303 428 1332 307 1446 307 1436 428 1332 574
img15281.jpg 1353 922 1340 742 1343 542 1416 555 1381 751 1388 969 1378 552 1388 305 1381 257 1362 118 1229 530 1302 428 1331 308 1445 308 1432 435 1331 577
img15282.jpg 1353 923 1343 741 1349 546 1422 555 1381 753 1387 969 1384 552 1387 305 1381 260 1359 122 1230 530 1302 427 1331 311 1444 308 1434 433 1331 574
img15283.jpg 1353 924 1346 742 1359 553 1422 560 1378 754 1387 970 1387 557 1387 303 1381 259 1356 124 1231 532 1300 428 1331 309 1444 306 1431 435 1331 573
img15284.jpg 1350 925 1346 743 1362 555 1425 565 1375 756 1387 969 1390 558 1387 305 1381 264 1353 126 1231 533 1296 430 1331 311 1443 308 1431 437 1331 571
img15285.jpg 1353 927 1344 742 1365 561 1425 567 1375 755 1384 967 1394 561 1388 308 1381 268 1347 130 1231 536 1297 430 1331 315 1443 309 1434 437 1331 571
img15286.jpg 1354 926 1339 740 1370 566 1426 569 1373 755 1382 963 1398 560 1385 312 1382 272 1339 138 1230 538 1298 430 1332 318 1444 309 1432 439 1329 572
img15287.jpg 1358 925 1333 742 1370 566 1426 569 1370 758 1383 962 1398 562 1386 318 1380 275 1330 141 1231 541 1299 433 1330 321 1441 315 1420 454 1327 578
img15288.jpg 1363 921 1326 745 1366 565 1428 568 1369 757 1382 962 1401 559 1385 323 1376 280 1320 144 1230 544 1301 435 1326 327 1441 320 1413 466 1323 584
img15289.jpg 1377 914 1322 744 1368 569 1430 569 1368 757 1381 963 1402 563 1384 328 1371 285 1313 150 1227 547 1304 439 1325 331 1439 322 1405 479 1322 587
img15290.jpg 1391 905 1320 744 1372 568 1434 565 1366 756 1382 963 1406 559 1382 331 1369 291 1304 158 1224 550 1305 442 1323 337 1437 331 1391 494 1320 593
img15291.jpg 1407 897 1323 744 1375 567 1438 564 1363 757 1382 965 1410 561 1379 334 1363 297 1294 163 1220 555 1301 449 1319 340 1435 337 1388 502 1319 599
img15292.jpg 1422 888 1326 743 1379 567 1444 564 1360 757 1382 967 1413 561 1376 340 1360 305 1285 174 1217 561 1298 455 1316 346 1435 343 1388 508 1316 605
img15293.jpg 1436 885 1331 741 1386 567 1452 564 1358 758 1380 967 1417 564 1371 346 1355 315 1274 187 1212 567 1293 462 1314 352 1430 349 1386 514 1314 611
img15294.jpg 1440 884 1335 744 1389 569 1458 565 1355 759 1380 966 1424 562 1365 356 1349 324 1262 199 1211 575 1286 468 1311 359 1424 359 1383 521 1311 622
img15295.jpg 1441 883 1339 747 1394 570 1466 570 1351 759 1379 964 1429 567 1358 365 1342 334 1249 214 1208 586 1280 483 1308 368 1420 368 1382 530 1308 632
img15296.jpg 1444 884 1341 753 1401 577 1472 574 1347 762 1377 963 1435 571 1353 379 1338 348 1238 233 1207 598 1274 494 1301 385 1414 382 1381 540 1304 643
img15297.jpg 1446 887 1343 760 1410 583 1476 583 1342 762 1377 962 1443 577 1348 392 1330 362 1229 254 1202 613 1267 511 1297 400 1407 395 1378 550 1303 657
img15298.jpg 1445 886 1342 769 1416 592 1480 592 1337 763 1378 960 1448 586 1346 410 1322 378 1217 278 1199 630 1264 527 1293 419 1404 410 1375 568 1299 674
img15299.jpg 1446 888 1340 776 1420 600 1483 600 1334 764 1377 959 1452 597 1343 428 1317 399 1208 304 1194 649 1260 545 1288 439 1403 428 1371 585 1297 692
img15300.jpg 1449 889 1337 785 1424 610 1485 610 1331 768 1378 960 1457 605 1339 450 1311 421 1198 331 1190 666 1258 562 1283 460 1398 447 1370 604 1294 711
img15301.jpg 1446 890 1333 790 1427 616 1490 622 1332 771 1379 960 1460 616 1335 472 1305 444 1191 358 1188 685 1258 580 1283 480 1394 466 1368 624 1291 732
img15302.jpg 1435 897 1323 802 1423 629 1495 624 1337 772 1377 958 1466 624 1332 494 1302 466 1183 388 1188 704 1259 596 1283 501 1389 488 1366 644 1285 752
img15303.jpg 1423 908 1312 811 1418 640 1499 632 1340 781 1379 959 1470 632 1327 512 1301 491 1179 417 1189 720 1257 616 1280 524 1382 509 1363 662 1283 772
img15304.jpg 1416 911 1309 813 1423 643 1503 638 1342 786 1380 960 1472 640 1325 532 1298 509 1172 446 1189 735 1257 632 1280 542 1375 531 1363 685 1280 793
img15305.jpg 1406 918 1307 815 1427 648 1507 645 1348 793 1380 961 1476 652 1324 552 1300 530 1173 475 1187 752 1256 647 1280 557 1373 551 1361 705 1278 811
img15306.jpg 1400 928 1304 822 1431 657 1509 656 1350 804 1380 967 1481 663 1324 567 1302 550 1173 501 1185 767 1255 663 1279 574 1373 569 1359 722 1276 827
img15307.jpg 1396 935 1305 825 1438 662 1507 678 1349 827 1383 976 1480 680 1324 580 1306 568 1175 522 1184 779 1253 678 1278 587 1372 586 1358 740 1276 843
img15308.jpg 1396 946 1309 833 1449 673 1507 695 1350 845 1385 982 1480 696 1324 592 1307 582 1178 540 1182 794 1253 691 1278 596 1375 607 1358 754 1273 858
img15309.jpg 1389 966 1306 850 1452 693 1506 717 1350 867 1388 983 1483 713 1324 603 1311 596 1179 559 1181 808 1250 708 1281 609 1376 618 1357 765 1270 871
img15310.jpg 1380 987 1301 868 1454 714 1504 739 1348 890 1389 985 1482 731 1324 611 1312 609 1180 573 1182 819 1251 720 1282 622 1379 628 1356 775 1266 883
img15311.jpg 1365 1002 1291 880 1450 729 1503 754 1348 906 1389 975 1481 744 1325 621 1312 617 1180 586 1181 830 1249 732 1284 635 1380 640 1356 785 1262 895
img15312.jpg 1352 1015 1282 890 1448 743 1502 766 1347 918 1387 967 1478 755 1327 634 1313 626 1181 596 1180 840 1248 741 1285 652 1383 649 1353 794 1261 905
img15313.jpg 1340 1023 1275 895 1447 753 1500 777 1346 930 1383 960 1476 765 1325 645 1315 633 1182 604 1180 846 1247 749 1287 663 1383 653 1351 802 1260 913
img15314.jpg 1327 1027 1267 898 1445 759 1498 785 1345 939 1379 956 1473 773 1326 652 1314 642 1184 610 1178 852 1249 753 1285 678 1384 660 1350 811 1260 920
img15315.jpg 1314 1029 1259 897 1443 763 1495 789 1343 943 1375 952 1470 777 1328 658 1314 647 1183 613 1177 859 1248 760 1285 691 1384 666 1349 816 1260 926
img15316.jpg 1304 1032 1254 898 1444 769 1494 796 1342 951 1377 953 1469 785 1328 663 1314 652 1184 616 1176 863 1247 763 1284 698 1384 671 1348 823 1259 930
img15317.jpg 1294 1016 1257 880 1443 773 1493 800 1342 955 1375 950 1470 790 1328 666 1315 656 1185 619 1177 867 1246 767 1282 702 1384 673 1347 826 1257 932
img15318.jpg 1281 1017 1250 879 1441 778 1492 804 1342 961 1371 949 1468 795 1332 667 1315 661 1185 622 1176 869 1245 770 1283 703 1384 675 1346 831 1254 936
img15319.jpg 1275 1018 1246 880 1438 781 1491 808 1342 964 1368 946 1469 800 1331 672 1316 665 1187 624 1177 871 1242 774 1282 705 1385 678 1345 834 1253 939
img15320.jpg 1267 1020 1242 881 1439 786 1491 812 1342 970 1366 944 1468 807 1330 676 1316 669 1187 626 1177 872 1240 776 1282 705 1383 682 1343 839 1253 944
img15321.jpg 1262 1021 1240 881 1441 789 1491 814 1343 972 1363 942 1466 808 1329 679 1315 671 1187 626 1177 873 1238 779 1281 708 1381 683 1342 840 1253 949
img15322.jpg 1261 1040 1231 901 1442 792 1490 815 1343 973 1363 940 1464 807 1327 680 1316 675 1187 628 1176 874 1239 780 1281 709 1379 682 1342 843 1255 956
img15323.jpg 1259 1041 1230 901 1442 792 1489 813 1343 972 1365 939 1465 807 1325 684 1315 677 1188 628 1175 876 1239 780 1279 717 1378 684 1344 843 1256 959
img15324.jpg 1251 1043 1227 902 1445 797 1489 814 1343 974 1365 940 1464 808 1327 685 1315 677 1188 627 1174 877 1239 780 1281 715 1378 687 1344 845 1254 962
img15325.jpg 1252 1044 1228 903 1447 797 1492 816 1346 976 1368 942 1467 808 1329 685 1318 678 1191 625 1174 878 1240 780 1282 714 1380 687 1344 844 1251 961
img15326.jpg 1254 1044 1229 904 1446 796 1491 818 1346 980 1367 945 1467 811 1330 687 1318 678 1192 624 1174 877 1241 779 1283 712 1383 689 1345 845 1248 960
img15327.jpg 1253 1045 1229 904 1447 798 1490 822 1346 984 1367 949 1468 814 1331 687 1319 676 1193 620 1174 877 1241 779 1283 710 1384 689 1346 843 1246 956
img15328.jpg 1252 1046 1230 906 1447 799 1489 825 1346 988 1366 953 1467 818 1331 686 1319 675 1194 618 1173 877 1240 780 1283 709 1382 686 1346 843 1248 956
img15329.jpg 1255 1045 1232 904 1446 797 1488 827 1346 990 1366 955 1466 816 1330 688 1320 674 1195 617 1173 875 1240 778 1282 711 1381 684 1347 841 1249 952
img15330.jpg 1251 1023 1240 883 1445 796 1488 827 1346 991 1365 955 1465 815 1329 688 1320 674 1195 616 1173 874 1240 777 1281 711 1382 682 1349 841 1254 952
img15331.jpg 1246 1003 1249 864 1448 798 1488 825 1348 989 1366 954 1468 813 1331 685 1320 675 1195 618 1172 873 1243 773 1281 710 1379 677 1349 838 1259 950
img15332.jpg 1238 979 1253 840 1447 794 1491 823 1351 987 1369 952 1470 811 1334 683 1319 675 1195 617 1173 871 1244 771 1284 705 1382 677 1349 838 1259 950
img15333.jpg 1234 958 1260 820 1448 791 1494 818 1355 983 1373 948 1473 806 1336 679 1318 673 1196 615 1175 868 1247 766 1286 703 1382 675 1351 835 1259 951
img15334.jpg 1231 941 1267 803 1448 789 1497 814 1358 980 1375 944 1475 802 1339 672 1320 670 1199 612 1177 864 1250 762 1289 698 1385 672 1352 831 1264 947
img15335.jpg 1232 942 1265 804 1447 784 1498 810 1360 976 1376 943 1477 800 1342 665 1321 665 1201 608 1180 858 1254 757 1291 694 1387 667 1354 827 1269 943
img15336.jpg 1235 941 1263 802 1444 776 1499 804 1362 971 1378 944 1474 791 1345 658 1321 656 1202 599 1185 851 1257 753 1295 688 1391 664 1359 821 1278 937
img15337.jpg 1238 947 1260 807 1440 772 1495 800 1359 968 1376 948 1475 784 1346 650 1323 646 1206 590 1190 844 1263 745 1297 681 1394 661 1362 814 1285 927
img15338.jpg 1239 948 1255 807 1434 763 1492 796 1356 964 1376 952 1474 776 1346 644 1323 638 1208 581 1196 835 1268 738 1301 669 1402 656 1366 806 1295 913
img15339.jpg 1243 945 1253 804 1431 752 1490 787 1355 956 1379 953 1473 769 1345 634 1322 626 1207 569 1202 825 1273 730 1303 655 1402 646 1372 798 1305 905
img15340.jpg 1255 944 1259 802 1434 741 1485 777 1351 947 1381 952 1472 756 1345 624 1321 611 1206 555 1206 816 1279 717 1304 641 1402 637 1377 786 1315 897
img15341.jpg 1263 944 1262 802 1434 733 1484 767 1350 937 1384 950 1473 748 1346 614 1322 599 1205 543 1212 804 1283 705 1307 625 1404 627 1380 774 1322 886
img15342.jpg 1280 940 1272 798 1442 722 1486 750 1353 920 1390 943 1470 737 1347 602 1322 587 1203 528 1219 790 1287 693 1309 609 1402 611 1387 761 1337 878
img15343.jpg 1307 934 1284 796 1430 715 1485 735 1354 906 1390 941 1469 729 1349 587 1324 572 1201 513 1224 778 1292 678 1310 594 1399 596 1390 749 1346 870
img15344.jpg 1328 935 1289 803 1418 708 1487 721 1356 893 1389 941 1468 717 1350 575 1327 557 1199 499 1230 765 1294 666 1311 582 1401 584 1394 735 1353 858
img15345.jpg 1344 934 1290 807 1403 700 1487 712 1357 884 1388 943 1468 705 1349 562 1329 543 1200 484 1236 752 1297 655 1314 567 1399 572 1400 723 1360 847
img15346.jpg 1366 928 1297 807 1389 695 1486 705 1357 877 1385 946 1470 695 1348 549 1332 530 1201 472 1242 740 1302 641 1314 557 1404 554 1404 711 1368 838
img15347.jpg 1382 925 1299 809 1373 689 1488 691 1359 865 1383 950 1468 682 1348 537 1331 515 1201 462 1246 733 1306 628 1314 547 1404 542 1407 699 1373 827
img15348.jpg 1384 925 1299 811 1377 679 1490 681 1362 855 1384 951 1467 666 1350 526 1332 501 1204 443 1252 721 1307 616 1314 536 1410 526 1412 686 1381 816
img15349.jpg 1391 918 1304 805 1380 668 1490 668 1363 842 1385 952 1467 653 1353 513 1332 490 1208 426 1256 713 1309 605 1314 523 1414 510 1414 673 1391 805
img15350.jpg 1396 912 1307 801 1379 661 1490 654 1363 829 1387 953 1456 644 1356 499 1333 476 1209 411 1261 705 1309 595 1312 512 1418 494 1418 659 1400 792
img15351.jpg 1401 908 1309 800 1380 650 1489 637 1364 813 1388 954 1446 632 1359 485 1332 464 1210 392 1266 695 1308 584 1311 499 1418 485 1423 648 1404 780
img15352.jpg 1409 900 1313 795 1380 642 1481 631 1357 807 1389 955 1435 629 1362 474 1334 452 1215 370 1272 683 1307 574 1310 484 1424 474 1427 637 1410 767
img15353.jpg 1417 892 1316 791 1379 635 1475 621 1351 798 1390 955 1425 624 1363 460 1335 438 1217 355 1275 673 1308 563 1308 470 1423 465 1428 624 1417 755
img15354.jpg 1422 887 1319 787 1375 628 1467 615 1345 793 1389 956 1411 620 1364 448 1336 423 1219 336 1278 662 1308 553 1308 459 1425 453 1434 615 1422 742
img15355.jpg 1428 880 1323 784 1374 622 1456 608 1342 790 1388 956 1408 617 1366 436 1338 410 1224 317 1281 651 1309 540 1309 444 1428 441 1431 605 1425 730
img15356.jpg 1428 875 1321 779 1371 616 1448 602 1338 788 1386 954 1402 613 1366 424 1341 395 1230 299 1284 641 1309 531 1312 432 1431 426 1434 590 1428 714
img15357.jpg 1427 872 1319 775 1370 606 1444 592 1339 784 1384 955 1402 604 1367 409 1345 381 1236 283 1287 632 1310 520 1316 420 1431 412 1442 566 1430 701
img15358.jpg 1423 869 1315 769 1365 602 1436 590 1342 781 1383 958 1395 602 1368 398 1348 369 1245 263 1289 622 1312 510 1318 407 1433 398 1451 544 1430 687
img15359.jpg 1420 869 1312 764 1363 598 1425 592 1346 780 1384 959 1390 601 1369 385 1351 356 1256 245 1291 612 1315 499 1321 391 1435 388 1456 528 1429 675
img15360.jpg 1410 875 1306 760 1357 594 1420 594 1348 775 1385 960 1384 597 1372 372 1357 342 1267 226 1293 602 1318 490 1324 381 1436 375 1463 511 1430 663
img15361.jpg 1397 884 1304 758 1356 592 1415 595 1351 773 1384 961 1384 595 1375 361 1360 327 1280 207 1292 592 1323 481 1326 367 1437 361 1467 490 1431 653
img15362.jpg 1384 893 1303 755 1353 592 1406 598 1356 770 1384 962 1378 595 1378 350 1362 316 1294 187 1290 582 1328 472 1328 353 1438 350 1466 482 1428 642
img15363.jpg 1370 903 1303 754 1353 587 1403 596 1359 770 1384 962 1375 590 1381 339 1369 304 1303 172 1290 575 1331 464 1331 342 1438 339 1463 474 1425 631
img15364.jpg 1357 909 1302 750 1349 583 1406 589 1362 768 1384 963 1377 580 1384 329 1374 294 1312 160 1290 568 1334 457 1334 332 1437 326 1462 461 1421 624
img15365.jpg 1348 915 1307 748 1352 577 1405 583 1364 766 1383 963 1380 577 1383 321 1377 286 1320 147 1288 561 1336 450 1339 321 1440 318 1462 454 1418 615
img15366.jpg 1342 916 1310 742 1348 571 1405 580 1370 761 1386 963 1376 574 1386 314 1379 279 1329 137 1287 555 1335 444 1342 314 1440 314 1459 456 1417 609
img15367.jpg 1338 918 1313 739 1348 565 1404 578 1370 757 1385 962 1376 572 1385 310 1382 272 1335 130 1284 546 1332 439 1345 306 1442 310 1458 458 1420 603
img15368.jpg 1336 919 1320 735 1345 561 1404 571 1370 754 1385 962 1376 571 1385 306 1382 268 1342 126 1281 539 1329 435 1348 299 1446 306 1458 460 1423 602
img15369.jpg 1334 920 1324 731 1345 557 1403 568 1371 747 1387 962 1371 573 1387 305 1382 263 1350 121 1276 531 1324 431 1350 294 1445 305 1460 463 1429 600
img15370.jpg 1336 927 1336 734 1336 557 1401 557 1369 750 1385 960 1369 573 1385 300 1385 268 1353 123 1272 525 1320 429 1353 284 1449 300 1465 461 1433 606
