ResultRaw1 ResultRaw2 ResultRaw3 ResultRaw4 ResultRaw5 ResultRaw6 ResultRaw7 ResultRaw8 ResultRaw9 ResultRaw10 ResultRaw11 ResultRaw12 ResultRaw13 ResultRaw14 ResultRaw15 ResultRaw16 ResultRaw17 ResultRaw18 ResultRaw19 ResultRaw20 ResultRaw21 ResultRaw22 ResultRaw23 ResultRaw24 ResultRaw25 ResultRaw26 ResultRaw27 ResultRaw28 ResultRaw29 ResultRaw30 ResultRaw31 ResultRaw32 ResultRaw33
img03881.jpg 1537 813 1509 686 1495 531 1537 531 1495 686 1523 855 1523 531 1523 319 1509 277 1466 164 1452 517 1481 432 1481 319 1565 319 1565 446 1509 545
img03882.jpg 1542 817 1510 690 1496 538 1543 538 1500 694 1524 860 1524 543 1514 321 1505 283 1462 169 1443 515 1479 430 1472 321 1557 311 1571 444 1515 543
img03883.jpg 1560 817 1514 692 1494 538 1545 538 1502 695 1516 860 1522 541 1510 319 1499 285 1459 171 1436 515 1466 427 1468 322 1556 310 1573 444 1519 544
img03884.jpg 1570 817 1512 694 1489 539 1543 539 1506 700 1512 863 1518 542 1509 319 1498 287 1458 172 1429 513 1459 425 1463 322 1555 307 1578 445 1526 545
img03885.jpg 1575 815 1506 692 1483 537 1538 537 1509 701 1506 865 1509 537 1509 318 1497 286 1457 171 1422 514 1451 424 1460 321 1555 309 1581 444 1532 548
img03886.jpg 1581 812 1500 691 1477 535 1532 537 1509 700 1503 866 1503 535 1509 317 1494 289 1454 172 1417 515 1443 423 1457 320 1555 309 1580 446 1540 552
img03887.jpg 1569 812 1484 690 1470 534 1525 537 1507 702 1501 869 1496 534 1507 318 1493 288 1449 170 1412 514 1441 425 1452 320 1557 309 1580 448 1548 554
img03888.jpg 1548 814 1463 687 1463 534 1521 540 1509 704 1503 872 1489 534 1506 317 1492 288 1448 170 1411 514 1437 427 1448 317 1556 308 1581 450 1555 557
img03889.jpg 1524 810 1439 681 1457 532 1517 541 1508 702 1503 871 1483 532 1503 316 1488 287 1445 170 1411 515 1437 429 1445 316 1555 310 1580 452 1560 558
img03890.jpg 1500 803 1418 676 1449 532 1516 543 1507 702 1504 872 1478 532 1498 319 1487 287 1441 169 1409 512 1435 429 1443 316 1553 310 1579 454 1564 558
img03891.jpg 1474 795 1392 670 1442 530 1512 544 1506 705 1503 872 1471 533 1495 319 1486 286 1439 169 1407 509 1436 430 1442 316 1553 310 1580 456 1565 559
img03892.jpg 1450 778 1371 658 1436 527 1509 544 1506 706 1503 872 1465 530 1492 319 1486 287 1439 170 1404 507 1436 428 1442 317 1550 310 1579 460 1564 562
img03893.jpg 1431 759 1354 647 1428 524 1502 545 1502 707 1502 872 1461 530 1490 321 1484 289 1437 168 1400 501 1438 424 1440 315 1549 312 1576 459 1561 563
img03894.jpg 1409 746 1341 636 1424 522 1497 545 1497 710 1503 872 1456 530 1488 321 1483 289 1435 168 1394 499 1433 425 1435 318 1547 312 1571 460 1553 566
img03895.jpg 1387 738 1327 626 1418 519 1492 546 1492 711 1501 873 1451 531 1486 319 1477 289 1433 169 1392 496 1430 422 1430 319 1545 313 1566 460 1545 567
img03896.jpg 1358 739 1317 616 1414 519 1484 546 1487 709 1501 873 1446 531 1484 317 1472 288 1428 168 1386 493 1423 423 1425 320 1542 314 1560 461 1533 566
img03897.jpg 1333 746 1307 613 1409 520 1476 543 1481 709 1502 874 1441 532 1481 317 1467 288 1423 169 1382 489 1415 421 1420 320 1540 317 1551 459 1522 563
img03898.jpg 1309 760 1298 615 1402 520 1466 543 1474 708 1500 876 1431 531 1474 317 1463 289 1417 170 1381 489 1408 425 1414 323 1532 317 1544 459 1506 563
img03899.jpg 1285 777 1290 622 1394 524 1457 544 1469 708 1498 876 1423 532 1466 319 1457 290 1409 169 1377 487 1403 426 1409 322 1527 319 1535 460 1492 561
img03900.jpg 1264 795 1284 632 1387 528 1450 543 1462 709 1499 876 1416 534 1459 321 1450 293 1402 169 1370 490 1396 431 1402 324 1519 321 1525 462 1476 563
img03901.jpg 1249 812 1280 646 1377 532 1443 544 1455 709 1495 876 1409 535 1449 326 1443 294 1395 171 1360 491 1386 435 1392 326 1509 326 1515 463 1461 563
img03902.jpg 1236 829 1279 663 1367 534 1433 549 1448 712 1493 875 1399 537 1439 330 1433 296 1385 173 1347 499 1376 442 1382 330 1499 330 1505 465 1442 565
img03903.jpg 1226 843 1278 675 1356 539 1425 550 1443 712 1492 871 1391 539 1428 333 1423 298 1379 173 1328 508 1361 451 1370 336 1489 333 1492 466 1428 568
img03904.jpg 1222 856 1278 686 1345 542 1418 551 1436 712 1492 870 1380 539 1415 334 1410 299 1369 176 1311 517 1347 456 1356 340 1474 334 1480 466 1412 569
img03905.jpg 1218 866 1277 697 1333 544 1407 553 1431 712 1490 866 1369 541 1401 337 1395 298 1357 177 1293 525 1332 459 1342 343 1460 337 1466 467 1398 567
img03906.jpg 1213 871 1273 704 1321 549 1399 555 1423 713 1491 865 1360 546 1386 337 1378 301 1342 175 1279 533 1320 460 1330 343 1446 334 1452 468 1387 567
img03907.jpg 1212 876 1269 708 1308 553 1391 553 1412 711 1490 861 1349 547 1367 335 1361 302 1326 173 1265 543 1305 462 1311 343 1427 332 1439 466 1376 565
img03908.jpg 1208 882 1261 712 1297 555 1377 552 1398 712 1487 858 1335 549 1353 332 1344 299 1306 172 1253 550 1293 461 1294 341 1410 329 1425 466 1365 564
img03909.jpg 1203 884 1254 713 1284 554 1362 551 1383 713 1482 851 1326 551 1338 330 1326 297 1287 168 1240 553 1281 457 1281 336 1392 327 1410 465 1356 563
img03910.jpg 1203 887 1248 713 1272 554 1347 551 1365 716 1476 842 1314 551 1323 326 1311 293 1269 163 1227 554 1270 453 1266 332 1374 320 1398 458 1347 563
img03911.jpg 1206 893 1242 716 1260 551 1332 548 1347 722 1466 826 1296 548 1311 321 1296 288 1251 163 1218 552 1260 452 1254 330 1359 318 1385 453 1338 563
img03912.jpg 1207 895 1236 714 1248 548 1315 548 1324 723 1408 835 1281 548 1303 318 1281 285 1236 161 1206 545 1246 447 1245 324 1345 312 1372 451 1330 563
img03913.jpg 1210 896 1232 715 1238 546 1305 549 1299 724 1392 816 1275 546 1290 316 1268 283 1223 159 1196 537 1235 441 1235 322 1332 307 1362 446 1323 562
img03914.jpg 1211 895 1226 717 1229 546 1295 549 1274 723 1375 799 1262 546 1280 315 1259 282 1214 156 1187 531 1223 439 1223 324 1322 306 1352 444 1316 558
img03915.jpg 1203 892 1216 716 1219 546 1286 549 1249 719 1352 786 1253 546 1268 314 1250 284 1201 156 1177 524 1207 437 1213 323 1314 305 1344 445 1308 555
img03916.jpg 1191 882 1206 710 1212 543 1277 549 1224 712 1304 808 1246 543 1258 315 1243 284 1191 155 1166 521 1194 432 1203 321 1305 303 1336 444 1299 552
img03917.jpg 1179 877 1195 707 1203 542 1267 550 1200 708 1307 810 1236 542 1248 314 1233 284 1181 156 1157 520 1187 429 1194 323 1297 302 1327 441 1291 553
img03918.jpg 1170 870 1185 704 1194 541 1259 550 1179 704 1265 838 1225 541 1240 314 1225 283 1169 157 1148 516 1179 428 1188 323 1289 302 1320 443 1283 553
img03919.jpg 1164 866 1178 703 1186 541 1247 550 1156 700 1236 855 1217 541 1232 314 1217 283 1158 160 1140 516 1170 428 1183 320 1281 299 1312 443 1275 556
img03920.jpg 1169 865 1175 705 1179 542 1237 551 1137 699 1203 878 1209 542 1224 315 1206 281 1149 160 1131 517 1164 430 1176 321 1270 300 1300 445 1267 559
img03921.jpg 1175 866 1174 708 1172 545 1226 551 1121 701 1193 878 1199 545 1214 313 1199 280 1142 160 1121 517 1157 430 1166 322 1259 301 1289 449 1259 562
img03922.jpg 1184 872 1177 715 1167 547 1219 551 1113 705 1170 879 1191 547 1203 314 1194 281 1134 156 1113 514 1149 432 1158 323 1249 305 1280 451 1249 563
img03923.jpg 1188 880 1177 720 1157 549 1208 552 1109 712 1148 883 1181 552 1193 314 1187 281 1127 155 1103 516 1142 434 1148 323 1238 308 1268 453 1238 567
img03924.jpg 1193 884 1173 726 1147 550 1198 556 1111 720 1113 905 1171 553 1183 317 1180 280 1123 153 1092 514 1135 435 1138 329 1229 311 1259 453 1229 568
img03925.jpg 1193 890 1163 729 1135 554 1190 560 1111 729 1087 920 1160 557 1175 317 1175 284 1120 154 1081 514 1126 432 1132 329 1220 314 1248 457 1217 572
img03926.jpg 1195 896 1155 735 1125 554 1179 564 1110 738 1067 930 1149 561 1167 319 1167 286 1116 151 1070 512 1116 435 1131 328 1213 316 1235 457 1204 576
img03927.jpg 1195 896 1140 739 1115 558 1167 567 1106 745 1056 936 1139 564 1161 321 1161 287 1112 152 1056 512 1106 438 1127 327 1207 315 1222 463 1189 579
img03928.jpg 1194 891 1123 740 1108 560 1157 570 1098 749 1049 941 1132 564 1154 322 1154 285 1111 152 1043 511 1095 440 1120 328 1197 313 1210 468 1172 579
img03929.jpg 1188 885 1110 742 1097 560 1144 570 1088 754 1047 941 1122 566 1147 322 1147 288 1107 150 1028 510 1085 445 1116 326 1188 313 1197 473 1153 582
img03930.jpg 1177 876 1097 743 1088 558 1132 568 1078 755 1044 943 1114 564 1142 322 1139 287 1101 147 1018 503 1075 447 1111 325 1180 313 1190 472 1136 580
img03931.jpg 1164 871 1074 743 1081 557 1126 566 1071 756 1043 945 1110 560 1136 322 1129 287 1094 146 1007 499 1065 444 1101 322 1171 310 1184 473 1116 573
img03932.jpg 1147 866 1053 736 1076 551 1124 564 1066 752 1043 947 1108 554 1128 320 1121 284 1089 141 998 492 1056 440 1092 320 1163 310 1177 470 1098 564
img03933.jpg 1134 862 1034 733 1070 546 1123 556 1063 746 1044 947 1103 549 1123 319 1113 286 1080 138 988 480 1047 434 1090 312 1159 309 1169 464 1080 552
img03934.jpg 1108 868 1013 728 1065 544 1121 550 1062 741 1042 949 1099 544 1118 317 1105 280 1072 135 976 468 1039 425 1085 307 1154 307 1164 458 1062 534
img03935.jpg 1083 874 998 725 1057 541 1116 551 1063 738 1044 948 1090 541 1109 315 1099 278 1066 134 961 456 1034 420 1076 301 1149 305 1155 452 1044 515
img03936.jpg 1057 879 991 723 1047 538 1106 548 1063 736 1044 947 1077 538 1103 311 1097 278 1063 132 948 446 1027 416 1070 301 1146 304 1146 446 1030 495
img03937.jpg 1034 886 992 725 1035 535 1098 545 1065 738 1045 945 1065 539 1098 312 1091 276 1058 133 935 432 1018 412 1061 299 1141 302 1138 442 1018 472
img03938.jpg 1009 895 991 727 1024 534 1088 547 1061 741 1045 944 1055 541 1095 310 1088 274 1054 130 921 420 1004 407 1051 300 1138 304 1131 440 1004 450
img03939.jpg 1003 899 996 730 1020 532 1080 549 1060 741 1044 942 1047 542 1087 310 1084 277 1053 129 909 407 993 404 1040 300 1137 307 1117 438 993 434
img03940.jpg 1003 902 997 733 1017 533 1074 547 1054 740 1044 943 1044 543 1084 310 1081 276 1050 127 898 398 983 401 1033 300 1135 306 1105 435 983 421
img03941.jpg 1002 903 998 731 1015 535 1073 545 1049 738 1042 941 1042 545 1083 312 1076 271 1046 126 887 390 976 397 1025 298 1130 309 1093 433 971 410
img03942.jpg 1002 903 998 730 1015 536 1070 546 1042 736 1039 940 1039 543 1080 308 1073 271 1042 125 876 386 970 396 1022 298 1127 308 1080 430 961 403
img03943.jpg 1005 903 998 726 1015 536 1066 546 1042 736 1039 940 1036 539 1073 309 1069 268 1039 125 869 383 966 390 1019 295 1124 309 1066 424 951 400
img03944.jpg 1007 903 997 724 1011 535 1068 545 1041 734 1041 940 1038 535 1071 305 1065 265 1034 126 865 383 959 382 1014 295 1118 308 1058 420 940 400
img03945.jpg 1008 902 998 724 1008 533 1068 547 1041 734 1041 938 1035 533 1068 303 1058 263 1032 125 861 386 953 376 1008 296 1115 309 1051 416 928 400
img03946.jpg 1011 902 1001 723 1004 533 1068 547 1041 733 1041 940 1035 533 1062 303 1055 262 1032 123 859 384 940 370 1004 296 1112 309 1045 415 920 401
img03947.jpg 1012 904 1002 723 999 533 1065 546 1042 730 1042 941 1032 533 1055 302 1049 262 1029 121 855 382 931 362 999 292 1109 309 1042 413 912 406
img03948.jpg 1010 905 1004 727 994 536 1064 545 1041 730 1041 942 1031 536 1051 300 1044 263 1028 122 853 384 926 361 994 290 1104 307 1041 415 906 411
img03949.jpg 1008 907 1005 725 992 538 1059 547 1038 732 1038 944 1025 538 1045 303 1042 262 1025 121 847 386 921 360 992 289 1102 306 1038 417 904 413
img03950.jpg 1008 906 1008 725 991 537 1055 546 1035 731 1038 943 1025 537 1041 305 1038 264 1022 123 843 385 917 358 988 288 1098 305 1038 419 904 416
img03951.jpg 1008 906 1004 724 991 536 1054 549 1034 731 1041 943 1024 536 1041 304 1034 265 1018 122 839 387 915 357 985 288 1097 304 1037 417 902 420
img03952.jpg 1010 907 1003 725 993 538 1056 548 1033 731 1043 944 1026 538 1040 306 1033 262 1017 123 837 385 910 355 983 289 1093 306 1036 415 900 419
img03953.jpg 1011 909 1001 723 995 538 1058 548 1031 730 1044 942 1028 538 1037 307 1031 260 1014 121 832 383 908 353 981 290 1090 307 1034 412 899 419
img03954.jpg 1011 904 1001 725 994 539 1058 545 1031 728 1044 941 1027 539 1037 306 1027 259 1011 120 831 382 911 349 977 289 1087 306 1031 412 894 419
img03955.jpg 1012 907 999 723 992 539 1059 545 1032 729 1042 944 1025 539 1036 305 1029 258 1012 117 831 382 905 348 978 288 1086 305 1029 411 895 418
img03956.jpg 1010 905 1000 725 990 540 1057 544 1034 731 1041 945 1024 540 1034 303 1027 260 1010 119 830 380 904 346 977 286 1084 303 1027 413 893 417
img03957.jpg 1009 903 999 724 989 540 1056 544 1033 730 1040 943 1023 540 1033 301 1026 261 1009 118 830 381 903 344 976 284 1086 304 1026 414 890 417
img03958.jpg 1006 900 999 721 989 538 1055 545 1032 731 1039 947 1022 538 1032 299 1026 263 1009 117 830 383 900 346 976 283 1085 302 1026 415 890 415
img03959.jpg 1010 905 1000 722 990 536 1053 546 1030 732 1040 948 1020 536 1033 297 1026 264 1009 117 827 380 897 350 976 283 1086 303 1026 416 890 413
img03960.jpg 1007 905 1001 724 991 537 1053 546 1030 731 1040 948 1020 537 1034 297 1027 261 1007 119 823 379 895 349 974 284 1086 303 1027 418 889 412
img03961.jpg 1007 906 997 726 990 535 1053 548 1030 729 1040 945 1020 535 1033 296 1026 260 1007 119 820 378 895 352 974 283 1085 302 1030 421 892 411
img03962.jpg 1005 905 998 726 988 534 1051 550 1031 733 1038 945 1018 534 1035 299 1025 259 1005 119 820 382 896 355 975 285 1085 302 1035 425 899 411
img03963.jpg 1006 904 999 728 989 536 1049 552 1032 732 1036 944 1016 536 1036 300 1026 256 1006 120 820 383 896 356 976 286 1086 303 1039 426 903 409
img03964.jpg 1003 901 996 728 990 536 1049 552 1033 732 1036 941 1016 539 1033 300 1026 257 1006 120 820 383 900 360 976 287 1083 300 1043 426 914 406
img03965.jpg 1003 901 996 729 989 538 1046 551 1030 733 1036 938 1013 541 1033 299 1023 258 1009 120 825 383 902 369 976 289 1084 302 1047 430 926 403
img03966.jpg 1002 901 998 728 988 536 1042 549 1028 732 1035 938 1012 543 1032 300 1025 256 1011 121 829 381 910 374 978 290 1083 303 1055 431 934 398
img03967.jpg 1003 900 997 729 986 535 1040 548 1026 729 1036 940 1010 545 1030 298 1026 257 1013 120 832 375 916 378 976 288 1080 301 1060 435 946 395
img03968.jpg 1005 902 998 729 985 533 1038 546 1024 729 1038 939 1011 546 1031 297 1028 260 1014 121 835 367 918 383 978 287 1081 300 1067 437 958 390
img03969.jpg 1003 900 997 725 983 536 1040 546 1026 728 1040 936 1013 546 1033 299 1029 262 1016 120 841 362 914 388 980 286 1082 302 1076 438 963 388
img03970.jpg 1002 903 995 722 982 533 1042 547 1028 728 1042 936 1015 543 1031 299 1031 263 1015 118 844 355 916 385 982 283 1081 299 1081 435 969 385
img03971.jpg 1002 905 996 720 982 534 1042 547 1028 729 1042 935 1015 540 1032 298 1032 265 1015 116 846 351 916 388 982 282 1081 298 1081 438 972 385
img03972.jpg 1002 906 995 718 982 533 1041 546 1028 731 1041 935 1015 540 1031 299 1031 266 1015 118 847 345 916 391 982 283 1081 299 1081 437 972 385
img03973.jpg 1000 907 993 718 980 533 1039 546 1029 731 1043 936 1013 539 1029 298 1029 265 1013 116 847 341 920 394 980 281 1079 298 1079 440 973 387
img03974.jpg 1001 908 995 720 981 531 1037 548 1027 733 1040 941 1014 538 1031 297 1027 264 1014 115 846 337 922 393 978 284 1080 297 1077 442 974 390
img03975.jpg 1004 903 994 721 984 532 1036 549 1027 734 1040 943 1013 539 1033 297 1027 264 1017 118 848 334 927 393 980 287 1080 297 1076 443 973 393
img03976.jpg 1005 901 992 723 985 535 1038 549 1025 736 1041 944 1012 542 1035 299 1025 266 1018 121 850 332 923 391 982 289 1081 299 1078 440 972 394
img03977.jpg 1006 902 993 722 990 539 1039 549 1026 736 1043 942 1013 543 1039 300 1026 267 1019 120 853 333 923 390 983 290 1083 300 1076 440 969 393
img03978.jpg 1007 902 994 722 991 543 1044 550 1027 735 1040 941 1014 543 1044 301 1027 268 1020 122 858 334 921 387 984 294 1083 301 1077 441 967 391
img03979.jpg 1006 904 996 724 989 541 1043 547 1026 734 1039 937 1013 544 1043 301 1029 267 1019 121 860 334 923 387 986 294 1083 301 1079 441 966 388
img03980.jpg 1004 907 998 725 988 543 1044 546 1027 731 1040 937 1014 546 1044 302 1031 268 1017 120 862 335 918 388 984 291 1087 302 1080 441 964 384
img03981.jpg 1004 907 997 723 987 540 1044 547 1027 730 1041 937 1014 544 1044 300 1034 267 1017 117 861 334 917 390 984 294 1087 300 1077 440 967 384
img03982.jpg 1003 907 996 725 986 539 1042 546 1026 728 1039 934 1012 542 1042 300 1036 267 1019 117 860 333 913 389 986 293 1089 300 1079 439 969 383
img03983.jpg 1006 906 996 726 986 536 1042 546 1026 729 1042 933 1012 542 1039 299 1036 265 1019 118 859 335 911 391 989 292 1089 299 1076 439 969 382
img03984.jpg 1007 905 994 725 984 539 1043 546 1027 728 1043 938 1010 542 1040 300 1037 266 1020 120 861 336 909 391 990 290 1090 300 1073 439 970 383
img03985.jpg 1008 903 992 724 985 539 1045 549 1025 731 1041 940 1012 542 1038 300 1038 267 1022 120 859 336 911 391 992 293 1088 300 1071 439 972 383
img03986.jpg 1009 903 992 725 982 538 1045 548 1025 729 1042 942 1012 545 1038 301 1038 268 1022 123 861 337 919 388 992 291 1088 301 1071 443 969 383
img03987.jpg 1008 902 995 724 981 536 1047 553 1028 730 1041 948 1014 543 1041 302 1037 266 1024 125 863 335 924 387 995 293 1087 302 1074 444 968 381
img03988.jpg 1006 901 993 723 983 539 1046 552 1026 730 1039 947 1013 542 1043 305 1039 265 1026 124 862 335 931 387 993 292 1089 305 1076 443 967 384
img03989.jpg 1004 900 994 722 984 534 1047 554 1027 732 1040 946 1014 540 1044 306 1037 266 1027 125 862 336 937 385 994 293 1090 306 1073 442 961 382
img03990.jpg 1003 901 996 723 983 531 1046 550 1029 729 1043 944 1013 540 1046 305 1039 265 1029 123 864 338 940 387 996 292 1089 305 1072 444 957 381
img03991.jpg 1001 900 998 724 985 532 1048 552 1028 731 1041 943 1011 538 1048 303 1038 266 1031 121 869 339 941 389 998 293 1088 306 1071 442 952 379
img03992.jpg 1002 897 996 725 986 533 1045 549 1026 732 1042 940 1009 539 1049 301 1039 268 1029 122 876 344 945 393 999 294 1089 304 1065 440 946 381
img03993.jpg 1001 898 994 724 985 530 1047 549 1027 731 1041 941 1011 539 1050 299 1041 270 1031 122 883 344 947 391 1001 293 1090 302 1060 441 942 378
img03994.jpg 1003 898 994 725 987 535 1046 551 1026 732 1040 941 1013 541 1049 299 1043 267 1033 123 892 347 952 391 1003 293 1088 303 1059 440 938 378
img03995.jpg 1004 897 991 725 988 536 1047 552 1027 732 1037 943 1014 542 1050 301 1044 266 1034 126 904 349 956 391 1004 292 1089 305 1057 438 936 376
img03996.jpg 1004 898 988 724 988 536 1047 552 1031 731 1037 944 1017 542 1050 303 1047 264 1034 128 911 353 959 391 1004 290 1092 303 1053 439 937 378
img03997.jpg 1004 902 988 725 992 535 1050 552 1030 729 1037 944 1021 542 1046 304 1046 265 1037 127 912 354 959 388 1004 288 1091 304 1053 439 937 378
img03998.jpg 1006 902 989 724 993 534 1051 554 1028 731 1038 943 1022 540 1044 306 1044 267 1038 128 912 358 960 390 1002 290 1089 306 1051 438 934 376
img03999.jpg 1005 903 989 725 992 533 1054 553 1028 728 1038 942 1021 539 1044 306 1044 267 1038 124 908 357 959 391 998 290 1089 306 1048 439 937 377
img04000.jpg 1005 902 988 723 995 534 1054 554 1024 726 1037 938 1021 537 1044 306 1044 267 1037 124 903 353 962 391 998 290 1089 306 1047 439 936 378
img04001.jpg 1005 903 989 722 998 534 1055 554 1022 725 1038 935 1022 537 1045 307 1041 268 1038 123 902 346 967 395 1002 294 1087 307 1045 439 933 376
img04002.jpg 1006 901 989 723 996 536 1055 556 1022 726 1039 937 1022 539 1049 309 1042 266 1039 122 903 345 975 403 1002 296 1088 309 1042 441 930 372
img04003.jpg 1005 903 992 725 998 538 1051 554 1022 725 1038 935 1022 541 1051 308 1045 265 1038 120 905 342 984 407 1005 294 1087 308 1041 439 930 370
img04004.jpg 1003 903 993 725 1000 534 1049 554 1023 725 1039 932 1023 541 1053 307 1046 268 1036 123 910 340 992 416 1010 297 1085 307 1040 439 928 370
img04005.jpg 1002 905 996 728 999 535 1048 552 1025 728 1042 938 1022 542 1051 306 1045 270 1038 123 910 343 994 421 1009 296 1087 306 1035 437 924 368
img04006.jpg 1002 906 999 728 999 535 1048 552 1025 732 1041 938 1022 542 1051 306 1045 267 1038 119 907 344 990 421 1005 293 1087 306 1032 437 924 365
img04007.jpg 1001 907 998 727 998 536 1048 553 1024 733 1041 937 1021 543 1051 304 1047 267 1041 120 906 341 990 418 1005 290 1087 304 1028 435 923 366
img04008.jpg 1001 905 994 725 998 538 1050 555 1027 734 1043 937 1021 542 1050 306 1047 267 1044 120 906 337 989 418 1008 290 1086 306 1024 437 923 362
img04009.jpg 1002 904 996 725 999 541 1048 553 1028 735 1041 943 1019 541 1051 307 1048 265 1048 119 904 334 988 413 1009 287 1087 307 1022 437 918 356
img04010.jpg 1001 904 995 725 998 540 1047 556 1027 738 1040 940 1021 540 1054 308 1050 263 1050 116 906 330 992 414 1011 289 1086 308 1021 439 917 351
img04011.jpg 1002 905 992 726 996 540 1045 556 1028 739 1041 940 1022 540 1054 309 1054 264 1054 117 908 329 998 417 1012 290 1087 309 1022 436 914 349
img04012.jpg 1004 905 994 726 997 540 1043 556 1030 738 1043 940 1020 540 1053 311 1053 266 1053 116 906 328 999 417 1013 292 1085 311 1023 435 916 344
img04013.jpg 1003 905 997 729 997 540 1043 556 1029 738 1043 940 1019 540 1052 308 1052 266 1052 116 909 328 1000 418 1010 291 1088 311 1023 432 915 344
img04014.jpg 1006 905 992 727 996 540 1045 556 1028 740 1042 938 1018 540 1052 306 1052 267 1052 116 907 326 999 417 1009 290 1088 310 1022 431 917 343
img04015.jpg 1010 905 993 727 993 540 1046 556 1029 737 1043 938 1016 540 1049 304 1049 267 1052 116 904 330 1000 417 1010 290 1088 310 1023 431 918 346
img04016.jpg 1007 903 994 725 994 541 1047 554 1031 735 1044 939 1017 538 1050 301 1050 268 1054 117 905 331 1001 416 1011 288 1086 311 1024 432 919 347
img04017.jpg 1005 904 992 724 995 540 1047 553 1031 734 1041 940 1018 537 1051 301 1051 268 1057 117 906 330 1001 416 1011 288 1087 311 1025 435 916 347
img04018.jpg 1007 904 990 724 997 540 1046 553 1030 734 1040 944 1017 536 1053 303 1053 270 1059 119 905 329 1000 416 1017 290 1086 309 1027 437 918 349
img04019.jpg 1004 906 990 722 994 539 1046 552 1030 732 1040 942 1017 535 1053 302 1053 269 1063 118 905 328 1000 416 1013 289 1089 309 1030 436 921 351
img04020.jpg 1001 906 991 721 997 537 1046 550 1030 735 1040 942 1020 537 1053 303 1056 270 1063 119 905 323 999 414 1014 287 1089 310 1030 435 925 348
img04021.jpg 1002 907 989 726 999 538 1048 551 1029 736 1038 940 1019 541 1052 304 1055 271 1062 119 905 331 996 415 1016 288 1091 307 1029 436 927 349
img04022.jpg 1004 906 990 729 997 540 1046 550 1027 736 1040 939 1020 543 1053 304 1057 270 1060 121 905 334 994 416 1017 287 1093 307 1027 437 928 353
img04023.jpg 1002 908 989 727 992 542 1048 548 1026 737 1039 938 1022 545 1052 303 1058 267 1062 118 905 337 991 416 1019 287 1095 307 1029 436 930 355
img04024.jpg 1003 906 990 727 997 542 1046 549 1023 734 1039 942 1023 546 1053 304 1059 268 1059 119 906 338 992 418 1023 288 1092 308 1030 437 928 356
img04025.jpg 1004 905 988 728 994 543 1047 550 1021 731 1037 942 1021 543 1053 306 1057 266 1060 118 907 336 990 417 1021 290 1093 306 1033 438 925 359
img04026.jpg 1003 906 987 726 990 539 1046 549 1020 729 1036 942 1020 539 1052 307 1056 264 1062 117 905 327 983 407 1017 290 1095 307 1039 438 928 362
img04027.jpg 1004 904 987 724 991 535 1046 551 1020 727 1036 940 1017 538 1053 306 1056 264 1063 117 906 323 980 396 1017 290 1095 306 1046 437 932 368
img04028.jpg 1006 901 989 725 992 532 1045 552 1022 725 1038 941 1015 539 1055 307 1055 264 1064 117 904 320 975 390 1016 290 1094 307 1054 437 937 375
img04029.jpg 1004 900 988 724 988 532 1047 552 1024 728 1040 936 1014 539 1056 304 1056 262 1066 115 903 317 964 381 1014 291 1096 307 1063 438 946 385
img04030.jpg 1004 901 987 724 987 533 1046 553 1027 727 1043 933 1013 540 1056 304 1056 261 1066 117 902 317 960 374 1017 291 1095 307 1069 438 954 395
img04031.jpg 1003 899 986 725 986 533 1045 553 1029 728 1045 935 1012 543 1059 303 1055 263 1065 118 900 309 959 374 1019 290 1095 306 1075 441 960 401
img04032.jpg 1000 899 987 722 984 538 1046 554 1030 729 1046 935 1014 544 1056 301 1056 262 1066 117 895 301 951 374 1017 288 1096 305 1083 443 968 406
img04033.jpg 999 901 986 723 983 541 1045 554 1029 730 1045 932 1012 544 1055 300 1055 263 1065 118 893 290 946 369 1016 286 1098 306 1092 445 973 412
img04034.jpg 999 904 989 726 982 543 1042 557 1029 732 1045 934 1012 547 1052 302 1055 262 1068 117 890 279 942 367 1015 285 1098 305 1101 444 976 417
img04035.jpg 1001 904 991 726 984 545 1040 558 1027 733 1044 938 1011 548 1053 301 1057 264 1070 116 888 268 928 359 1014 284 1100 304 1110 446 981 426
img04036.jpg 1001 905 991 724 985 546 1041 559 1028 734 1044 938 1011 546 1054 302 1057 263 1070 114 886 256 919 351 1015 282 1100 305 1120 447 985 437
img04037.jpg 1000 906 990 728 987 545 1040 559 1027 734 1043 940 1011 545 1053 304 1057 264 1073 115 888 244 910 339 1014 280 1100 307 1126 446 987 450
img04038.jpg 999 907 993 728 986 546 1043 559 1026 735 1042 944 1013 546 1052 304 1059 261 1076 115 887 231 900 326 1010 278 1099 304 1129 447 990 464
img04039.jpg 1002 905 992 728 985 545 1045 559 1025 732 1042 945 1012 545 1055 302 1058 262 1075 118 888 218 891 312 1008 275 1098 305 1132 448 995 479
img04040.jpg 999 904 993 727 983 543 1046 557 1023 734 1043 944 1013 547 1053 303 1056 260 1076 119 889 203 889 300 1006 273 1096 306 1133 450 999 493
img04041.jpg 999 904 995 729 982 545 1046 558 1022 736 1042 941 1012 548 1049 300 1056 260 1079 119 891 190 885 287 1002 274 1096 307 1133 451 1009 508
img04042.jpg 1000 904 996 731 980 548 1043 558 1020 737 1040 944 1010 548 1050 298 1053 258 1080 119 894 179 883 278 1000 275 1096 308 1133 455 1017 521
img04043.jpg 1001 901 994 734 981 546 1041 559 1021 740 1041 944 1008 546 1051 299 1051 262 1081 118 897 168 884 268 1001 275 1095 309 1131 456 1024 533
img04044.jpg 1001 902 994 735 981 545 1041 558 1021 745 1041 945 1008 548 1048 302 1051 262 1084 118 898 158 884 261 1001 275 1094 308 1124 462 1031 545
img04045.jpg 1003 902 992 737 982 545 1036 559 1023 747 1039 945 1006 545 1050 300 1053 263 1087 118 898 152 885 256 1003 273 1093 310 1120 465 1036 559
img04046.jpg 1004 904 990 737 984 546 1030 556 1024 747 1037 947 1004 546 1051 302 1054 262 1087 121 900 148 890 251 1004 272 1091 309 1114 466 1040 570
img04047.jpg 1003 903 989 734 982 544 1030 555 1026 748 1040 947 1003 548 1050 304 1053 260 1087 125 898 145 891 246 1006 271 1091 308 1108 467 1043 582
img04048.jpg 1003 904 989 734 979 546 1027 557 1027 747 1040 948 1003 550 1047 304 1054 257 1085 127 897 144 891 243 1006 270 1092 308 1102 468 1047 591
img04049.jpg 1000 905 990 733 976 547 1025 558 1028 747 1042 947 1000 551 1049 303 1052 258 1083 127 901 145 890 241 1004 268 1094 310 1100 468 1052 596
img04050.jpg 1001 904 990 734 973 547 1025 558 1029 745 1043 946 1001 554 1046 305 1053 257 1080 129 900 146 890 239 1004 270 1095 309 1098 468 1056 596
img04051.jpg 999 901 992 736 971 547 1027 561 1027 747 1045 946 999 554 1045 303 1055 257 1079 128 901 145 887 239 1006 271 1097 309 1097 467 1058 600
img04052.jpg 1000 899 992 736 972 545 1024 562 1024 747 1045 941 1000 552 1045 299 1055 257 1079 125 902 145 888 239 1003 270 1093 309 1097 468 1062 597
img04053.jpg 1000 901 993 732 972 542 1021 559 1024 746 1045 939 996 549 1045 296 1055 258 1082 123 903 147 889 241 1003 272 1093 310 1097 469 1062 593
img04054.jpg 1002 902 991 734 974 541 1019 558 1022 744 1043 940 998 548 1047 297 1057 255 1084 125 902 149 888 241 1005 273 1091 307 1098 469 1060 592
img04055.jpg 1001 901 991 731 971 540 1018 557 1022 744 1042 942 994 543 1049 295 1056 254 1086 124 903 148 889 243 1005 274 1090 308 1100 468 1059 594
img04056.jpg 1004 902 990 729 967 540 1017 557 1021 743 1041 942 994 543 1051 296 1055 253 1088 124 903 148 889 246 1001 273 1088 307 1099 469 1058 591
img04057.jpg 1006 902 989 729 966 543 1020 556 1023 743 1040 946 993 543 1050 299 1057 255 1091 126 905 147 888 248 1003 272 1091 306 1098 468 1054 590
img04058.jpg 1006 899 989 730 965 544 1023 557 1019 744 1040 943 992 544 1050 300 1057 256 1090 127 904 144 888 249 999 270 1090 307 1097 470 1050 591
img04059.jpg 1004 896 987 726 967 546 1025 560 1021 743 1042 943 991 543 1049 298 1055 258 1089 125 906 146 889 251 1005 271 1089 308 1093 468 1049 593
img04060.jpg 1003 895 986 728 973 551 1027 562 1021 742 1041 943 993 548 1048 299 1055 262 1089 122 908 146 891 252 1004 268 1089 309 1089 470 1044 592
img04061.jpg 1002 897 984 727 974 552 1029 559 1019 738 1040 942 995 548 1047 300 1054 262 1084 123 909 148 891 252 1012 269 1088 310 1088 469 1040 593
img04062.jpg 1000 899 986 728 972 551 1031 558 1017 739 1038 941 996 551 1049 301 1052 259 1080 123 910 148 892 252 1017 269 1087 311 1087 468 1038 593
img04063.jpg 998 900 987 729 970 555 1033 558 1019 739 1040 942 998 555 1050 301 1050 259 1078 123 911 147 893 252 1022 272 1085 311 1085 468 1036 593
img04064.jpg 998 900 988 732 967 558 1033 558 1016 743 1037 942 998 558 1051 303 1051 258 1078 122 911 146 894 251 1016 271 1085 310 1085 471 1033 593
img04065.jpg 1000 903 990 733 966 556 1031 556 1018 747 1038 941 997 556 1049 303 1052 254 1080 122 910 146 893 251 1018 271 1083 306 1087 469 1035 591
img04066.jpg 1002 903 992 735 968 556 1030 556 1016 748 1040 941 995 556 1047 301 1054 256 1081 119 909 149 892 249 1013 273 1081 304 1088 470 1037 590
img04067.jpg 1004 903 990 735 970 557 1028 557 1018 749 1042 941 997 557 1045 301 1052 260 1083 116 908 150 891 250 1007 273 1079 304 1089 469 1038 592
img04068.jpg 1007 901 990 735 973 556 1027 556 1017 749 1041 942 996 556 1044 302 1054 258 1081 116 908 153 892 252 1003 272 1078 302 1091 468 1041 590
img04069.jpg 1007 904 990 735 977 553 1024 553 1018 749 1041 941 997 553 1041 300 1055 260 1079 118 906 155 889 253 1004 273 1079 303 1092 465 1041 587
img04070.jpg 1005 903 988 734 975 554 1026 554 1016 744 1039 941 998 554 1043 300 1053 263 1077 120 907 157 887 256 1002 272 1080 307 1090 466 1039 588
img04071.jpg 1002 902 989 730 975 555 1026 555 1019 744 1039 942 999 552 1043 299 1049 262 1077 121 904 155 884 259 999 272 1080 310 1090 464 1039 589
img04072.jpg 1001 902 987 730 973 552 1024 552 1017 740 1041 942 997 548 1045 299 1051 259 1078 124 906 154 883 262 997 275 1082 309 1088 464 1041 589
img04073.jpg 999 903 985 731 971 548 1022 552 1019 738 1039 941 999 548 1043 298 1050 261 1077 122 904 153 881 264 995 274 1084 308 1087 464 1039 589
img04074.jpg 998 901 985 730 968 548 1022 552 1018 733 1038 942 998 548 1042 300 1048 262 1079 122 904 152 881 266 991 272 1082 306 1085 464 1042 592
img04075.jpg 998 901 988 731 968 543 1018 550 1018 734 1042 941 998 546 1042 299 1048 262 1078 121 901 151 881 265 991 275 1082 305 1085 463 1045 590
img04076.jpg 998 901 988 733 965 538 1015 548 1018 733 1042 941 998 548 1042 299 1049 262 1079 121 904 152 881 266 991 273 1082 303 1086 464 1045 592
img04077.jpg 997 900 991 731 963 538 1014 552 1018 734 1038 941 997 548 1041 298 1048 264 1079 118 903 156 883 264 994 271 1082 305 1085 467 1045 592
img04078.jpg 996 897 989 726 962 543 1017 553 1017 733 1041 941 996 549 1044 297 1047 263 1081 120 905 158 881 263 997 270 1081 307 1085 467 1047 594
img04079.jpg 995 898 992 726 961 540 1019 557 1016 733 1040 940 995 550 1047 298 1047 263 1081 118 906 160 882 263 1002 270 1081 308 1085 467 1047 595
img04080.jpg 996 899 989 724 962 543 1020 557 1016 734 1037 940 996 550 1047 300 1047 262 1078 118 907 160 883 262 1003 269 1081 307 1085 467 1044 598
img04081.jpg 997 898 987 724 966 547 1021 557 1014 738 1038 939 997 550 1048 301 1048 260 1079 120 905 161 884 260 1004 270 1082 308 1082 468 1045 598
img04082.jpg 998 896 985 725 971 547 1022 558 1015 739 1038 940 998 551 1045 302 1048 259 1079 121 904 162 884 262 998 269 1082 306 1082 467 1045 598
img04083.jpg 999 900 986 728 973 545 1019 559 1016 741 1036 940 999 548 1042 303 1049 257 1079 121 903 164 886 263 996 270 1082 303 1082 466 1042 598
img04084.jpg 1002 900 985 727 972 548 1019 555 1019 744 1038 940 998 548 1042 302 1048 253 1075 123 902 163 885 263 999 273 1082 302 1085 465 1042 598
img04085.jpg 1002 898 985 727 971 546 1015 552 1019 744 1039 939 998 546 1039 301 1045 251 1075 123 901 164 884 264 999 275 1083 304 1086 466 1042 596
img04086.jpg 1001 901 988 727 970 546 1018 552 1018 740 1039 938 997 546 1039 300 1045 252 1072 123 899 163 885 266 1002 273 1083 303 1087 464 1042 593
img04087.jpg 1001 903 988 727 967 544 1019 551 1019 738 1040 938 994 544 1040 299 1043 254 1070 123 898 161 884 264 1002 271 1085 306 1088 465 1040 592
img04088.jpg 1001 902 987 726 966 544 1019 551 1019 737 1040 941 990 544 1040 298 1040 252 1068 122 895 161 882 263 1005 273 1086 308 1089 463 1040 593
img04089.jpg 998 900 987 726 970 542 1015 549 1015 736 1039 941 991 542 1039 296 1039 254 1071 122 893 160 880 261 998 271 1085 310 1088 462 1039 591
img04090.jpg 997 900 987 723 969 543 1018 554 1015 734 1039 945 987 543 1042 297 1042 259 1070 120 893 162 879 259 997 269 1084 307 1088 460 1039 591
img04091.jpg 998 902 984 724 967 542 1018 556 1015 734 1039 946 988 542 1042 296 1042 255 1073 121 892 162 878 258 995 272 1084 306 1087 460 1035 594
img04092.jpg 998 902 985 726 968 543 1019 556 1015 736 1039 946 991 546 1042 295 1045 255 1073 119 890 164 880 258 995 275 1083 306 1087 458 1035 594
img04093.jpg 999 902 986 727 969 543 1023 556 1016 734 1039 946 996 546 1043 297 1049 260 1073 119 888 162 881 260 993 274 1084 304 1087 458 1036 593
img04094.jpg 1003 907 983 727 970 543 1026 556 1016 733 1040 947 996 546 1043 299 1050 262 1073 118 889 165 883 262 993 272 1084 302 1087 459 1036 593
img04095.jpg 1006 909 985 730 972 544 1029 557 1015 736 1042 942 1002 547 1042 298 1048 261 1072 118 889 165 886 265 992 275 1082 301 1089 461 1039 590
img04096.jpg 1008 908 988 730 975 545 1028 555 1015 740 1041 941 1001 548 1041 298 1051 265 1070 116 892 163 886 265 991 275 1084 305 1090 459 1041 588
img04097.jpg 1010 908 990 729 976 546 1030 556 1013 738 1043 941 1000 546 1043 300 1049 266 1069 117 893 163 883 266 993 273 1083 303 1089 459 1043 589
img04098.jpg 1008 908 991 732 978 545 1028 555 1015 741 1044 938 998 545 1044 299 1048 265 1071 119 894 162 881 265 994 275 1081 302 1091 462 1044 589
img04099.jpg 1008 904 994 734 977 544 1028 558 1014 741 1045 934 1001 544 1045 300 1048 262 1068 120 895 161 882 266 997 279 1082 303 1092 463 1045 588
img04100.jpg 1007 901 996 734 976 543 1027 556 1017 741 1044 936 1000 543 1044 300 1047 262 1071 122 897 160 877 266 1000 279 1082 303 1092 464 1044 591
img04101.jpg 1006 900 999 736 978 541 1026 558 1019 740 1044 938 1002 541 1047 301 1047 263 1071 123 896 161 879 267 1006 280 1081 301 1092 466 1044 592
img04102.jpg 1005 898 998 736 977 540 1025 557 1021 740 1042 939 1005 540 1045 300 1049 259 1072 124 896 161 883 266 1005 283 1082 300 1093 469 1042 591
img04103.jpg 1008 899 998 735 977 540 1028 557 1021 738 1041 939 1008 540 1044 299 1051 259 1071 122 897 162 887 266 1005 282 1085 302 1092 467 1041 591
img04104.jpg 1008 902 998 734 978 542 1027 558 1024 740 1041 942 1008 542 1044 297 1051 261 1074 122 895 162 885 268 1001 281 1087 304 1090 466 1041 591
img04105.jpg 1006 903 996 732 979 541 1029 558 1026 739 1042 943 1006 541 1045 298 1052 262 1071 120 894 163 890 268 1006 281 1088 304 1091 462 1042 591
img04106.jpg 1004 904 994 729 977 540 1031 557 1027 739 1044 941 1004 540 1044 299 1050 259 1070 120 895 166 888 269 1004 279 1087 305 1093 461 1040 590
img04107.jpg 1001 907 994 728 978 538 1031 555 1028 741 1044 940 1004 542 1044 300 1048 263 1067 120 895 167 885 270 1011 280 1087 306 1097 459 1038 588
img04108.jpg 1001 907 994 727 978 540 1028 553 1028 740 1044 941 1001 543 1044 300 1044 263 1064 123 894 167 881 273 1014 280 1085 303 1101 460 1034 584
img04109.jpg 998 907 995 726 978 540 1029 550 1025 739 1045 941 998 543 1045 301 1045 264 1062 122 894 170 884 274 1015 278 1082 301 1106 459 1028 577
img04110.jpg 999 908 995 725 979 539 1029 549 1023 739 1043 939 999 542 1046 302 1046 261 1063 122 894 174 880 278 1012 275 1084 302 1107 461 1023 569
img04111.jpg 998 908 995 728 975 537 1029 547 1019 738 1043 939 998 540 1046 301 1046 260 1063 120 893 179 879 281 1012 278 1084 301 1111 458 1015 557
img04112.jpg 1001 907 998 729 977 537 1032 547 1018 736 1042 938 998 537 1046 301 1049 257 1066 120 888 185 881 287 1005 277 1083 301 1111 455 1008 541
img04113.jpg 1000 906 996 728 979 536 1034 546 1017 735 1041 938 1003 536 1045 303 1052 255 1069 117 887 196 883 292 1003 279 1086 303 1113 450 997 523
img04114.jpg 1003 904 999 731 979 534 1034 547 1020 734 1040 935 1006 537 1044 302 1051 255 1071 115 884 207 884 299 1003 282 1088 302 1112 448 989 503
img04115.jpg 1001 903 998 731 977 535 1035 549 1022 735 1042 938 1008 538 1045 302 1049 254 1069 116 880 221 886 309 998 285 1089 302 1113 447 978 481
img04116.jpg 1003 903 996 732 979 537 1037 550 1023 735 1040 936 1010 540 1047 302 1050 258 1067 117 876 235 892 322 996 285 1090 302 1107 446 970 460
img04117.jpg 1003 904 992 729 976 538 1036 551 1023 732 1040 937 1009 541 1050 303 1050 262 1063 118 878 252 898 329 999 286 1090 303 1103 447 962 440
img04118.jpg 1001 906 994 729 974 535 1037 552 1024 732 1041 936 1007 538 1051 302 1051 265 1061 118 877 268 907 335 1001 285 1091 302 1094 445 961 425
img04119.jpg 998 907 992 725 975 536 1038 550 1022 732 1041 940 1005 536 1054 301 1054 265 1055 119 879 287 916 343 1005 288 1091 305 1088 444 955 411
img04120.jpg 999 905 992 725 976 538 1038 547 1022 731 1041 941 1005 538 1054 302 1058 269 1051 118 881 300 925 345 1009 288 1091 305 1081 439 956 400
img04121.jpg 1000 904 993 721 977 538 1039 548 1023 731 1042 943 1006 538 1052 300 1055 267 1049 117 886 312 932 347 1006 290 1091 306 1075 440 958 395
img04122.jpg 998 904 994 720 978 536 1039 546 1023 733 1043 945 1007 540 1052 301 1056 266 1046 118 888 323 937 352 1007 292 1094 308 1072 436 959 392
img04123.jpg 999 902 996 717 980 536 1037 546 1021 730 1043 950 1008 540 1053 301 1053 266 1043 120 891 332 942 357 1005 292 1094 311 1069 438 957 390
img04124.jpg 1000 901 993 720 981 536 1038 548 1022 730 1041 946 1012 542 1051 303 1051 265 1041 119 892 338 946 361 1003 291 1095 310 1067 437 958 389
img04125.jpg 1001 903 991 721 982 535 1040 548 1020 730 1039 945 1014 542 1049 301 1049 263 1039 119 892 346 948 367 1001 292 1097 311 1068 439 956 391
img04126.jpg 1001 904 991 721 984 536 1039 548 1020 731 1039 945 1013 542 1048 302 1048 264 1039 119 885 353 949 367 1001 289 1096 308 1074 439 955 395
img04127.jpg 1004 901 991 723 987 538 1039 551 1020 729 1039 940 1013 541 1046 301 1046 265 1036 119 880 359 948 369 997 288 1095 307 1079 443 955 398
img04128.jpg 1005 901 992 724 989 539 1041 553 1021 730 1038 938 1012 543 1044 302 1044 266 1031 118 874 365 946 368 995 289 1094 306 1084 444 956 401
img04129.jpg 1006 902 996 723 989 541 1042 554 1022 733 1039 938 1009 541 1042 302 1042 269 1029 120 867 369 939 365 993 289 1092 305 1089 448 959 408
img04130.jpg 1006 900 999 722 990 539 1042 556 1026 732 1039 940 1009 543 1042 304 1039 271 1026 122 860 374 933 361 990 288 1092 304 1092 450 963 413
img04131.jpg 1004 900 1001 722 991 538 1044 555 1027 733 1041 940 1011 542 1044 304 1041 271 1021 120 857 378 927 361 991 287 1095 304 1095 452 967 418
img04132.jpg 1002 901 1002 724 992 536 1046 553 1029 734 1042 941 1012 543 1046 302 1039 272 1019 122 852 382 922 359 992 289 1096 306 1099 450 972 423
img04133.jpg 999 902 999 724 993 536 1047 553 1030 738 1043 942 1013 543 1047 301 1040 271 1016 120 848 385 919 358 993 288 1097 304 1103 449 976 429
img04134.jpg 999 904 999 725 992 539 1046 552 1029 738 1043 945 1016 546 1050 302 1040 268 1016 119 847 390 918 360 992 288 1097 305 1110 444 975 431
img04135.jpg 999 907 999 726 996 542 1047 552 1030 739 1043 944 1016 546 1050 303 1040 266 1016 120 846 392 917 362 996 290 1095 307 1115 443 978 436
img04136.jpg 1000 911 1000 726 997 545 1048 555 1027 739 1041 945 1017 548 1051 305 1038 268 1017 120 846 394 918 360 993 291 1093 308 1120 442 979 439
img04137.jpg 1000 913 1000 724 996 546 1048 557 1027 741 1041 947 1017 550 1051 306 1041 265 1017 118 845 395 921 361 993 292 1092 309 1123 440 979 443
img04138.jpg 1000 912 1000 725 996 545 1048 556 1027 742 1041 946 1020 552 1051 306 1041 265 1017 120 848 397 920 366 993 296 1093 310 1128 438 982 445
img04139.jpg 1001 910 997 724 997 545 1049 556 1028 742 1042 945 1021 552 1049 304 1042 266 1015 118 849 397 921 366 994 297 1094 307 1128 439 984 446
img04140.jpg 1000 907 996 724 996 542 1048 555 1027 741 1044 945 1020 552 1048 303 1044 269 1014 117 851 397 924 366 993 297 1096 307 1131 435 982 445
img04141.jpg 1001 902 994 723 994 541 1045 552 1028 741 1045 943 1022 552 1045 301 1045 266 1011 119 853 397 925 370 994 297 1097 304 1132 431 984 445
img04142.jpg 1004 900 997 725 994 544 1045 550 1031 739 1045 941 1024 550 1048 304 1045 269 1011 122 856 396 925 372 994 297 1096 304 1131 430 987 444
img04143.jpg 1006 898 999 725 996 546 1046 550 1033 736 1046 942 1022 550 1049 303 1043 269 1009 121 857 398 928 371 996 296 1094 303 1131 432 985 445
img04144.jpg 1005 895 1001 726 995 547 1049 550 1035 736 1045 943 1022 550 1052 304 1042 270 1008 121 856 398 927 372 998 297 1093 304 1130 432 988 449
img04145.jpg 1005 899 1001 728 998 551 1051 554 1038 738 1045 943 1025 551 1051 303 1041 269 1008 122 857 400 928 373 998 299 1092 303 1129 433 988 450
img04146.jpg 1003 900 1003 730 1000 549 1053 555 1040 740 1046 944 1026 552 1053 304 1040 271 1010 120 859 398 929 371 1000 301 1090 304 1127 435 986 452
img04147.jpg 1001 899 1001 729 1001 549 1055 556 1041 739 1048 946 1028 552 1051 302 1038 269 1008 119 861 399 931 372 1001 302 1091 302 1125 439 985 453
img04148.jpg 1002 902 999 730 1002 550 1056 556 1043 740 1046 949 1029 553 1053 305 1039 268 1009 121 862 399 932 375 1002 302 1093 302 1123 442 982 453
img04149.jpg 1002 902 999 732 1006 549 1059 556 1045 738 1046 948 1032 552 1052 306 1039 269 1009 123 862 396 936 379 1002 303 1092 303 1122 446 979 452
img04150.jpg 1004 899 1001 731 1004 549 1060 553 1047 737 1044 949 1034 553 1053 308 1040 268 1007 126 862 394 938 381 1004 301 1090 305 1120 447 978 453
img04151.jpg 1004 899 1000 731 1007 549 1063 553 1050 737 1040 949 1033 549 1056 308 1043 269 1004 130 862 394 941 384 1014 302 1089 305 1119 447 974 453
img04152.jpg 1005 902 1002 729 1012 551 1068 558 1048 739 1038 948 1035 551 1058 309 1045 269 1005 130 863 395 945 385 1018 302 1088 306 1118 445 972 454
img04153.jpg 1004 902 1007 729 1014 550 1070 560 1050 739 1037 945 1040 550 1060 307 1047 271 1004 131 864 394 948 384 1028 304 1087 307 1113 443 970 453
img04154.jpg 1007 903 1010 729 1017 549 1070 563 1050 739 1037 943 1043 549 1064 309 1050 269 1004 132 870 396 950 383 1037 305 1084 309 1110 442 970 452
img04155.jpg 1013 903 1016 732 1023 549 1070 566 1050 738 1040 941 1046 549 1067 309 1050 269 1003 131 877 397 952 384 1046 309 1080 309 1107 441 969 448
img04156.jpg 1020 905 1023 732 1030 553 1071 567 1050 739 1043 938 1050 553 1067 310 1050 270 1003 131 885 398 954 383 1047 310 1077 314 1104 442 969 445
img04157.jpg 1034 904 1032 732 1038 553 1072 563 1052 739 1045 939 1055 553 1069 313 1052 269 1001 134 893 398 955 381 1055 310 1072 316 1099 442 971 442
img04158.jpg 1054 904 1038 731 1048 554 1072 564 1052 741 1045 942 1058 554 1069 316 1052 269 1002 135 908 400 959 380 1062 309 1065 320 1096 444 971 440
img04159.jpg 1075 906 1047 729 1060 556 1073 563 1053 743 1044 947 1063 553 1070 315 1053 272 1000 135 920 402 965 378 1070 305 1063 319 1090 443 970 433
img04160.jpg 1095 906 1050 727 1066 558 1073 562 1053 744 1040 950 1066 552 1073 316 1057 273 1004 137 931 399 985 385 1080 303 1060 316 1083 442 971 436
img04161.jpg 1117 909 1056 726 1073 555 1069 558 1053 742 1037 953 1069 548 1076 317 1060 271 1010 136 947 401 1009 393 1092 301 1053 314 1073 443 971 436
img04162.jpg 1133 911 1064 727 1074 557 1064 560 1054 744 1035 954 1071 547 1081 317 1064 271 1018 136 964 404 1035 403 1104 300 1048 310 1064 445 966 439
img04163.jpg 1142 912 1074 729 1087 553 1064 557 1054 742 1035 951 1077 547 1084 315 1071 272 1025 135 987 416 1068 417 1113 302 1044 308 1054 442 960 446
img04164.jpg 1148 917 1080 730 1100 549 1061 556 1051 743 1038 949 1084 546 1087 314 1077 272 1035 139 1014 429 1103 429 1119 304 1039 307 1042 443 958 459
img04165.jpg 1149 923 1091 733 1119 544 1062 553 1052 743 1039 949 1094 547 1091 312 1084 273 1046 141 1050 445 1133 429 1132 302 1033 305 1033 444 956 466
img04166.jpg 1147 927 1099 736 1137 539 1070 552 1051 743 1042 946 1105 545 1096 310 1092 275 1054 145 1086 458 1160 428 1146 304 1029 304 1026 441 953 478
img04167.jpg 1142 931 1104 739 1155 534 1076 546 1050 742 1041 947 1117 543 1101 310 1101 275 1066 149 1122 469 1186 428 1161 307 1025 304 1019 439 956 493
img04168.jpg 1139 935 1108 742 1161 536 1077 545 1049 742 1042 948 1120 542 1108 311 1108 274 1082 152 1150 476 1207 427 1176 308 1024 302 1011 439 964 504
img04169.jpg 1136 938 1117 745 1167 537 1083 543 1049 742 1042 947 1123 543 1114 313 1117 273 1101 155 1174 484 1225 434 1197 310 1024 301 1009 438 974 518
img04170.jpg 1138 936 1125 748 1169 537 1085 540 1048 741 1045 946 1125 540 1122 314 1125 271 1116 156 1195 497 1236 438 1212 314 1026 302 1008 435 983 531
img04171.jpg 1137 935 1131 750 1171 543 1082 540 1048 740 1044 944 1125 540 1131 314 1134 271 1134 157 1214 515 1245 444 1223 317 1032 299 1008 435 995 539
img04172.jpg 1138 938 1138 750 1178 543 1085 543 1051 737 1048 941 1128 543 1141 315 1144 272 1150 155 1230 531 1255 451 1236 318 1039 297 1012 432 1005 546
img04173.jpg 1140 937 1146 749 1186 546 1094 543 1057 734 1051 934 1137 546 1149 313 1155 272 1164 156 1244 543 1263 454 1248 319 1045 294 1017 429 1017 549
img04174.jpg 1141 936 1147 748 1193 548 1098 542 1064 730 1055 927 1144 545 1159 312 1162 274 1177 155 1258 551 1270 450 1255 318 1055 293 1024 425 1024 548
img04175.jpg 1138 935 1147 742 1196 549 1102 543 1077 727 1062 917 1147 546 1166 310 1172 273 1193 154 1264 555 1273 454 1261 316 1065 289 1028 424 1034 546
img04176.jpg 1139 937 1154 741 1199 549 1109 543 1097 726 1073 910 1154 546 1172 311 1181 272 1208 157 1269 557 1281 455 1269 314 1076 290 1034 422 1043 543
img04177.jpg 1136 933 1157 740 1201 551 1110 539 1109 728 1086 905 1154 542 1178 309 1189 273 1222 161 1275 562 1284 451 1272 312 1086 291 1042 421 1051 539
img04178.jpg 1135 933 1159 739 1200 547 1112 535 1126 730 1103 903 1153 538 1186 310 1197 271 1236 162 1280 567 1286 452 1278 310 1097 292 1050 419 1055 538
img04179.jpg 1134 933 1164 739 1200 546 1114 534 1144 730 1124 900 1156 540 1194 312 1206 273 1251 164 1289 573 1289 455 1283 312 1108 294 1058 418 1064 537
img04180.jpg 1135 936 1171 736 1204 547 1121 535 1157 730 1143 897 1162 541 1201 313 1213 277 1263 168 1296 577 1295 452 1290 313 1118 298 1065 419 1071 535
img04181.jpg 1132 937 1174 733 1204 547 1127 536 1166 730 1163 895 1166 542 1210 314 1219 281 1273 168 1303 580 1297 455 1294 314 1130 299 1073 425 1076 533
img04182.jpg 1135 941 1183 732 1210 543 1137 535 1177 726 1177 890 1174 541 1218 316 1227 283 1284 172 1311 580 1303 460 1300 316 1140 301 1081 421 1084 532
img04183.jpg 1132 942 1191 729 1218 542 1146 533 1188 723 1193 884 1185 539 1224 316 1232 287 1292 174 1322 578 1307 459 1304 316 1152 302 1090 423 1090 530
img04184.jpg 1131 941 1201 730 1228 540 1157 534 1198 725 1206 883 1193 537 1228 317 1239 284 1298 176 1330 575 1313 461 1310 317 1157 302 1099 428 1099 531
img04185.jpg 1135 937 1213 734 1236 536 1167 530 1207 721 1217 880 1199 533 1234 317 1245 283 1303 175 1338 574 1318 460 1315 317 1164 303 1108 425 1106 533
img04186.jpg 1145 922 1232 734 1252 532 1177 529 1215 719 1221 877 1212 532 1238 315 1252 280 1307 177 1345 572 1325 457 1322 318 1169 303 1117 411 1117 535
img04187.jpg 1161 903 1255 728 1261 531 1187 528 1224 716 1230 872 1221 531 1244 313 1258 279 1310 176 1353 571 1330 454 1330 319 1175 302 1126 416 1124 534
img04188.jpg 1183 881 1275 723 1269 531 1192 528 1226 714 1229 868 1226 531 1252 310 1266 275 1315 175 1358 568 1335 450 1335 318 1180 301 1131 404 1134 534
img04189.jpg 1201 859 1292 717 1278 526 1200 523 1228 713 1226 866 1234 526 1261 307 1272 275 1321 174 1364 567 1344 446 1341 316 1185 298 1139 393 1142 529
img04190.jpg 1231 831 1310 716 1290 526 1209 520 1229 713 1225 869 1244 523 1267 304 1278 275 1327 174 1373 566 1353 442 1347 313 1192 295 1146 390 1151 523
img04191.jpg 1262 809 1324 715 1301 524 1215 518 1229 714 1225 873 1252 519 1273 303 1284 272 1333 171 1384 562 1362 438 1356 309 1198 292 1155 392 1160 519
img04192.jpg 1293 794 1333 714 1310 525 1221 516 1230 717 1224 879 1258 516 1279 303 1290 272 1339 168 1393 560 1371 436 1362 306 1201 292 1161 389 1169 516
img04193.jpg 1325 785 1345 706 1320 522 1229 516 1232 715 1223 883 1266 514 1286 303 1294 269 1342 166 1405 556 1382 431 1371 303 1206 289 1169 394 1177 511
img04194.jpg 1365 781 1360 701 1332 523 1235 515 1235 713 1224 885 1275 512 1292 302 1303 266 1343 164 1416 555 1391 427 1380 302 1213 289 1176 396 1184 512
img04195.jpg 1394 786 1374 693 1341 523 1242 517 1240 713 1223 884 1285 515 1301 302 1310 265 1343 162 1430 551 1402 425 1388 302 1220 291 1184 399 1192 515
img04196.jpg 1417 800 1386 685 1347 523 1254 517 1246 713 1223 884 1294 517 1310 304 1319 268 1347 161 1442 548 1414 424 1394 304 1223 290 1190 402 1198 517
img04197.jpg 1438 812 1393 686 1360 524 1264 521 1250 714 1225 885 1306 518 1320 304 1326 268 1348 161 1455 546 1430 425 1404 304 1230 291 1197 402 1205 518
img04198.jpg 1453 826 1400 691 1369 525 1276 522 1256 716 1228 888 1318 519 1329 306 1335 275 1352 162 1467 545 1445 426 1414 306 1236 292 1206 407 1211 522
img04199.jpg 1463 837 1407 696 1379 528 1286 528 1261 719 1230 890 1331 522 1339 308 1342 278 1356 165 1477 541 1461 429 1424 308 1247 294 1213 412 1218 522
img04200.jpg 1472 849 1412 702 1389 535 1299 532 1265 722 1233 891 1341 526 1350 311 1352 280 1358 170 1486 540 1475 433 1435 311 1256 294 1225 416 1222 523
img04201.jpg 1477 856 1415 705 1403 538 1310 536 1270 723 1236 890 1352 527 1361 312 1361 283 1361 175 1494 541 1489 433 1449 312 1273 300 1239 422 1227 527
img04202.jpg 1479 860 1423 706 1417 539 1323 536 1278 718 1238 885 1366 527 1371 314 1371 285 1363 178 1499 539 1499 431 1459 314 1289 303 1255 425 1235 530
img04203.jpg 1483 862 1429 706 1432 536 1338 533 1284 715 1239 879 1383 525 1383 315 1381 284 1364 182 1505 536 1511 428 1471 315 1307 307 1273 428 1245 533
img04204.jpg 1484 864 1434 701 1445 530 1355 527 1293 707 1245 872 1397 522 1397 314 1391 285 1366 184 1511 533 1518 423 1478 314 1324 305 1295 429 1259 535
img04205.jpg 1484 862 1440 698 1459 517 1370 520 1303 698 1253 864 1414 514 1408 314 1400 286 1370 183 1516 526 1526 414 1487 312 1339 306 1317 428 1278 539
img04206.jpg 1485 860 1446 695 1468 514 1385 516 1311 687 1267 855 1429 514 1421 316 1410 285 1369 183 1518 522 1532 410 1490 310 1353 305 1339 428 1300 538
img04207.jpg 1488 859 1452 692 1477 506 1403 509 1321 678 1285 843 1444 509 1433 312 1419 282 1370 186 1521 517 1534 405 1490 307 1365 304 1359 424 1323 539
img04208.jpg 1488 859 1460 690 1491 503 1419 506 1331 671 1312 828 1457 506 1443 308 1430 281 1369 187 1525 514 1539 400 1493 306 1378 303 1378 418 1347 537
img04209.jpg 1491 855 1469 690 1502 504 1436 507 1338 665 1332 812 1472 507 1450 306 1436 279 1370 189 1529 513 1546 398 1496 304 1387 304 1393 416 1368 537
img04210.jpg 1493 855 1474 688 1510 507 1452 507 1347 659 1366 795 1482 507 1457 303 1446 278 1369 190 1529 512 1550 397 1499 303 1399 306 1408 410 1391 532
img04211.jpg 1497 858 1481 688 1520 507 1464 507 1357 655 1400 785 1492 504 1464 300 1452 277 1371 191 1530 513 1554 396 1500 303 1411 308 1422 406 1411 532
img04212.jpg 1497 853 1486 684 1527 506 1474 508 1365 656 1435 778 1502 503 1469 299 1457 279 1373 190 1529 510 1558 393 1505 299 1421 310 1435 407 1426 530
img04213.jpg 1496 849 1489 680 1531 503 1483 509 1377 657 1458 795 1506 500 1472 303 1461 280 1377 188 1523 506 1559 389 1506 294 1427 311 1447 411 1439 531
img04214.jpg 1493 851 1493 683 1535 506 1489 512 1391 660 1486 815 1509 500 1478 303 1466 283 1377 185 1518 504 1560 387 1506 291 1438 311 1461 414 1452 531
img04215.jpg 1495 849 1497 682 1540 506 1494 514 1404 666 1508 823 1514 500 1483 305 1468 285 1382 187 1514 503 1561 387 1505 291 1445 310 1471 419 1460 534
img04216.jpg 1494 846 1499 678 1542 502 1504 510 1420 672 1530 836 1519 499 1484 306 1472 286 1386 188 1511 503 1561 385 1504 289 1452 309 1481 424 1467 536
img04217.jpg 1496 847 1499 683 1545 505 1513 511 1436 676 1544 848 1524 502 1487 309 1478 286 1391 188 1509 508 1561 389 1504 292 1461 309 1490 424 1472 537
img04218.jpg 1499 850 1497 685 1549 509 1522 512 1451 682 1559 846 1531 506 1494 309 1482 286 1395 188 1520 509 1562 392 1505 295 1470 309 1502 425 1479 538
img04219.jpg 1502 847 1496 682 1548 507 1530 512 1468 687 1573 844 1536 507 1499 309 1487 286 1399 189 1521 516 1562 397 1508 298 1479 312 1510 426 1485 538
img04220.jpg 1501 846 1495 682 1547 509 1538 512 1483 694 1572 857 1538 512 1503 310 1489 287 1403 189 1523 521 1562 401 1509 299 1489 310 1521 428 1489 538
img04221.jpg 1502 843 1493 685 1536 516 1536 519 1496 700 1567 864 1536 516 1510 309 1490 289 1404 188 1527 526 1557 406 1513 300 1502 309 1530 427 1496 536
img04222.jpg 1502 845 1493 689 1530 522 1536 525 1510 707 1565 871 1533 522 1516 309 1490 289 1404 191 1536 529 1549 412 1508 306 1513 309 1542 430 1504 537
img04223.jpg 1503 844 1494 694 1520 527 1535 532 1520 711 1564 873 1529 529 1517 310 1494 293 1408 194 1524 538 1539 418 1500 313 1523 310 1549 434 1514 538
img04224.jpg 1503 845 1495 699 1512 533 1532 536 1526 714 1561 874 1526 536 1517 314 1494 294 1413 194 1518 539 1531 422 1494 317 1535 308 1559 437 1521 539
img04225.jpg 1504 845 1501 703 1504 538 1533 541 1533 715 1562 877 1530 538 1521 315 1498 294 1414 196 1510 541 1522 427 1489 323 1545 312 1567 440 1530 541
img04226.jpg 1503 848 1512 703 1506 538 1541 541 1541 714 1561 880 1535 541 1523 319 1503 295 1416 197 1498 538 1519 427 1480 327 1550 313 1575 443 1535 544
img04227.jpg 1503 847 1514 702 1503 539 1543 545 1543 713 1561 882 1535 542 1523 322 1509 298 1421 196 1482 536 1518 428 1480 327 1558 313 1581 444 1543 548
img04228.jpg 1501 848 1518 703 1504 542 1547 548 1547 714 1559 884 1539 542 1524 323 1510 300 1422 198 1478 533 1520 430 1481 329 1565 311 1588 446 1550 551
img04229.jpg 1502 850 1519 699 1505 540 1555 549 1555 716 1560 884 1540 540 1529 324 1514 301 1424 199 1476 532 1521 432 1479 332 1569 312 1592 448 1558 555
img04230.jpg 1501 851 1512 698 1507 539 1559 548 1562 715 1562 883 1539 539 1530 326 1518 300 1429 198 1475 527 1517 431 1478 331 1573 311 1596 450 1562 559
img04231.jpg 1502 849 1502 698 1510 538 1560 547 1566 716 1563 881 1537 538 1531 326 1519 300 1432 201 1475 526 1515 432 1481 332 1577 312 1601 451 1569 561
img04232.jpg 1501 849 1498 696 1510 537 1564 543 1573 713 1562 880 1539 537 1536 327 1518 301 1432 203 1475 526 1508 432 1484 333 1579 312 1605 454 1573 566
img04233.jpg 1502 848 1493 690 1510 536 1567 539 1579 710 1562 882 1539 536 1539 327 1519 301 1436 203 1473 524 1500 432 1484 332 1582 315 1605 455 1576 570
img04234.jpg 1501 844 1490 689 1512 535 1569 538 1580 705 1560 881 1538 535 1538 328 1518 302 1436 203 1470 521 1493 430 1487 331 1583 317 1606 456 1583 572
img04235.jpg 1502 841 1490 686 1513 533 1569 539 1581 705 1561 883 1538 533 1538 330 1516 305 1437 206 1471 522 1491 432 1488 336 1583 319 1606 457 1589 573
img04236.jpg 1501 837 1492 684 1512 536 1570 541 1582 706 1559 885 1540 536 1540 332 1517 307 1439 206 1470 525 1487 433 1487 340 1584 324 1604 460 1593 575
img04237.jpg 1499 839 1496 685 1516 537 1571 545 1580 707 1560 883 1541 537 1538 333 1518 311 1440 207 1468 526 1485 434 1488 344 1586 327 1602 464 1594 576
img04238.jpg 1498 836 1501 687 1517 539 1573 547 1579 710 1562 881 1542 539 1537 337 1520 311 1439 208 1467 528 1484 435 1486 345 1584 328 1604 466 1596 575
img04239.jpg 1496 838 1505 689 1519 540 1572 545 1580 711 1564 883 1547 540 1538 337 1519 312 1437 211 1468 529 1479 436 1485 348 1586 332 1606 467 1595 576
img04240.jpg 1495 842 1509 692 1520 542 1574 547 1580 711 1563 881 1549 542 1537 338 1520 312 1435 210 1467 530 1475 437 1484 349 1588 335 1605 471 1594 578
img04241.jpg 1496 844 1513 693 1524 541 1580 546 1580 709 1563 880 1552 541 1535 339 1515 316 1431 212 1465 530 1471 437 1482 350 1588 336 1605 474 1591 580
img04242.jpg 1497 842 1514 694 1525 542 1584 545 1582 711 1562 882 1554 542 1534 343 1512 317 1428 216 1464 531 1467 438 1478 351 1587 337 1604 475 1588 581
img04243.jpg 1500 844 1516 695 1527 543 1588 546 1582 709 1560 883 1558 546 1530 344 1508 319 1423 222 1461 535 1464 438 1475 355 1586 341 1602 477 1583 584
img04244.jpg 1500 844 1519 696 1527 547 1593 549 1582 712 1558 883 1560 549 1525 348 1505 323 1417 227 1458 541 1461 442 1470 359 1580 342 1599 481 1577 588
img04245.jpg 1502 843 1518 695 1529 550 1598 550 1581 711 1557 884 1565 553 1518 353 1499 328 1409 235 1453 545 1458 446 1467 364 1573 345 1595 485 1570 591
img04246.jpg 1502 842 1518 697 1529 553 1603 550 1579 714 1557 883 1570 556 1513 359 1497 332 1404 245 1448 553 1456 454 1462 370 1565 351 1592 490 1562 597
img04247.jpg 1502 840 1515 695 1531 552 1609 547 1575 711 1558 884 1577 552 1507 366 1494 339 1397 256 1443 563 1453 463 1456 380 1559 358 1585 498 1556 603
img04248.jpg 1500 841 1513 697 1535 555 1615 545 1570 711 1559 884 1580 550 1502 375 1489 348 1392 264 1438 574 1449 474 1449 388 1554 366 1578 509 1549 612
img04249.jpg 1499 839 1509 697 1542 554 1624 546 1569 714 1561 882 1590 549 1499 386 1483 359 1388 277 1430 586 1443 485 1446 396 1548 378 1572 522 1540 623
img04250.jpg 1497 839 1503 697 1548 553 1632 545 1563 715 1561 882 1595 548 1497 400 1478 373 1384 289 1426 601 1439 498 1439 408 1545 389 1563 535 1532 638
img04251.jpg 1496 840 1498 694 1558 553 1637 552 1555 715 1561 884 1600 550 1494 414 1472 388 1376 302 1418 615 1433 511 1433 422 1546 399 1556 550 1522 654
img04252.jpg 1495 840 1497 697 1570 558 1644 565 1547 716 1558 883 1606 560 1490 428 1467 400 1371 318 1411 629 1429 524 1429 435 1543 410 1551 565 1513 669
img04253.jpg 1494 841 1494 696 1584 562 1649 577 1540 719 1558 883 1614 567 1487 444 1462 417 1364 337 1403 643 1425 537 1428 451 1541 422 1544 581 1504 688
img04254.jpg 1495 843 1485 699 1591 571 1649 585 1529 717 1557 883 1615 574 1483 457 1459 431 1358 357 1396 659 1421 552 1424 467 1540 433 1535 599 1496 704
img04255.jpg 1494 842 1479 699 1601 580 1649 596 1523 722 1556 884 1620 583 1479 470 1456 445 1353 376 1388 673 1417 566 1422 482 1536 448 1529 616 1486 719
img04256.jpg 1493 844 1468 701 1605 593 1645 610 1516 734 1554 883 1622 595 1475 485 1453 460 1350 396 1383 689 1414 579 1420 496 1530 463 1519 634 1478 735
img04257.jpg 1513 820 1458 701 1574 612 1640 617 1513 743 1555 884 1622 604 1470 498 1450 477 1349 410 1377 705 1409 595 1418 511 1528 477 1511 653 1470 752
img04258.jpg 1509 821 1446 700 1570 624 1637 622 1510 748 1555 885 1620 615 1467 510 1446 491 1347 424 1372 718 1404 609 1414 525 1523 489 1505 668 1463 767
img04259.jpg 1502 825 1440 703 1569 637 1633 635 1505 762 1554 887 1618 628 1461 523 1443 504 1346 438 1368 729 1399 622 1410 537 1521 502 1499 682 1457 781
img04260.jpg 1491 831 1432 709 1566 652 1627 651 1499 778 1554 889 1615 645 1459 534 1441 518 1343 451 1365 741 1396 633 1406 552 1520 514 1491 696 1451 795
img04261.jpg 1481 836 1428 712 1562 662 1625 659 1498 785 1553 889 1611 658 1454 545 1436 529 1342 461 1360 750 1390 646 1402 565 1517 525 1487 708 1447 806
img04262.jpg 1448 869 1423 719 1591 666 1619 674 1492 799 1552 888 1607 672 1454 558 1432 540 1340 473 1356 758 1385 654 1399 576 1513 536 1482 717 1443 818
img04263.jpg 1441 879 1420 728 1592 678 1615 693 1488 818 1552 890 1604 684 1450 568 1431 551 1340 482 1352 768 1382 662 1398 587 1511 547 1477 727 1437 828
img04264.jpg 1434 886 1418 735 1594 688 1613 704 1486 827 1551 889 1602 698 1447 577 1426 560 1339 488 1349 777 1381 670 1398 598 1506 556 1473 737 1432 838
img04265.jpg 1426 890 1414 739 1591 695 1612 710 1484 833 1550 887 1600 705 1444 585 1423 568 1339 495 1345 784 1376 678 1395 603 1505 565 1472 745 1427 845
img04266.jpg 1428 895 1409 745 1566 703 1609 719 1482 841 1550 888 1596 709 1441 593 1422 576 1339 502 1343 792 1374 683 1393 609 1507 573 1470 754 1408 846
img04267.jpg 1429 896 1404 748 1542 707 1604 713 1477 834 1524 884 1591 705 1437 597 1422 584 1338 507 1340 800 1373 690 1392 615 1500 586 1484 768 1405 854
img04268.jpg 1435 894 1399 749 1512 708 1578 708 1451 829 1498 881 1565 704 1435 603 1420 588 1336 515 1339 803 1371 697 1389 617 1487 601 1499 779 1402 862
img04269.jpg 1445 891 1397 750 1485 708 1556 706 1430 826 1476 881 1540 702 1434 608 1420 595 1336 521 1338 807 1367 705 1387 624 1487 606 1512 786 1400 867
img04270.jpg 1451 895 1393 756 1462 710 1556 710 1429 830 1449 879 1536 705 1433 613 1419 600 1336 525 1337 811 1365 715 1386 627 1482 615 1513 796 1401 896
img04271.jpg 1436 903 1382 763 1461 714 1556 715 1429 834 1423 878 1535 708 1432 615 1418 604 1336 526 1337 813 1362 725 1386 631 1481 617 1512 797 1402 919
img04272.jpg 1415 911 1367 769 1460 719 1560 733 1433 851 1422 882 1537 722 1432 619 1416 606 1338 527 1336 814 1358 733 1386 633 1482 619 1498 802 1404 943
img04273.jpg 1397 917 1365 772 1482 724 1582 745 1456 863 1448 886 1559 733 1433 622 1419 612 1339 529 1336 817 1355 742 1387 636 1494 614 1482 801 1394 957
img04274.jpg 1384 920 1359 773 1480 726 1601 753 1475 870 1444 886 1582 737 1433 624 1421 613 1341 530 1336 816 1357 739 1385 634 1495 617 1467 802 1386 969
img04275.jpg 1380 920 1360 771 1480 729 1600 755 1474 872 1445 888 1582 741 1434 626 1423 615 1341 530 1334 817 1357 740 1386 637 1499 614 1463 797 1373 952
img04276.jpg 1384 916 1367 767 1482 728 1600 755 1474 871 1446 892 1584 745 1435 628 1423 617 1340 531 1333 818 1358 741 1385 637 1498 613 1464 797 1376 944
img04277.jpg 1395 911 1377 762 1481 726 1599 758 1473 873 1447 900 1584 744 1434 626 1423 619 1339 533 1334 817 1359 740 1386 637 1507 606 1460 788 1363 921
img04278.jpg 1397 907 1375 760 1459 723 1597 756 1471 871 1421 904 1561 737 1433 624 1420 617 1339 531 1332 817 1359 739 1383 633 1507 605 1462 787 1366 912
img04279.jpg 1415 909 1395 761 1483 723 1597 757 1472 870 1425 913 1560 739 1432 624 1419 614 1338 528 1331 817 1356 744 1384 633 1504 606 1465 789 1373 908
img04280.jpg 1414 905 1394 757 1482 718 1593 742 1468 855 1427 909 1537 731 1430 621 1416 610 1338 526 1331 816 1356 742 1384 629 1503 606 1475 790 1391 906
img04281.jpg 1417 901 1395 754 1482 713 1567 731 1442 843 1410 908 1513 721 1425 617 1414 606 1339 524 1332 814 1356 738 1384 624 1486 600 1452 782 1367 886
img04282.jpg 1423 899 1398 753 1483 711 1566 711 1441 822 1420 896 1488 713 1425 615 1415 602 1339 521 1330 813 1357 734 1383 622 1479 596 1461 779 1387 882
img04283.jpg 1420 897 1403 751 1514 709 1567 706 1442 817 1435 897 1514 713 1427 611 1416 598 1339 519 1332 810 1359 727 1384 620 1478 593 1464 776 1393 872
img04284.jpg 1409 892 1386 747 1493 703 1566 691 1441 801 1449 885 1514 699 1427 605 1414 595 1338 516 1333 805 1362 715 1385 616 1468 579 1463 765 1395 858
img04285.jpg 1419 889 1390 746 1492 699 1570 697 1445 807 1470 892 1539 697 1428 599 1413 590 1337 510 1334 800 1364 704 1386 612 1455 567 1457 757 1389 846
img04286.jpg 1419 887 1394 744 1512 693 1595 699 1470 808 1512 891 1564 697 1433 593 1414 582 1336 505 1334 794 1367 695 1387 608 1468 564 1480 756 1423 853
img04287.jpg 1426 884 1398 742 1529 677 1595 703 1471 812 1527 895 1588 679 1436 586 1413 575 1334 499 1336 785 1371 683 1389 599 1472 559 1471 748 1415 844
img04288.jpg 1450 878 1402 740 1498 673 1595 697 1471 805 1535 887 1588 671 1436 577 1412 566 1333 491 1337 776 1372 672 1391 592 1471 549 1467 736 1418 836
img04289.jpg 1445 876 1405 736 1519 663 1602 695 1478 802 1543 890 1588 669 1440 568 1412 556 1333 483 1337 766 1374 664 1391 581 1480 549 1465 725 1418 824
img04290.jpg 1443 873 1410 732 1543 653 1607 675 1483 782 1545 886 1590 661 1440 557 1414 544 1334 476 1340 755 1375 654 1393 573 1495 544 1464 713 1419 814
img04291.jpg 1420 879 1384 739 1516 655 1583 664 1460 770 1546 886 1561 659 1434 552 1412 536 1332 472 1343 744 1376 645 1394 564 1485 536 1434 695 1420 801
img04292.jpg 1404 879 1370 738 1501 657 1586 651 1463 756 1547 884 1561 661 1434 540 1413 524 1332 459 1344 733 1378 635 1395 556 1488 522 1411 676 1423 789
img04293.jpg 1403 878 1378 734 1529 641 1588 640 1464 745 1548 884 1564 648 1437 530 1416 512 1333 447 1346 722 1380 624 1398 546 1491 510 1412 665 1426 777
img04294.jpg 1415 874 1385 729 1530 631 1586 630 1465 735 1549 885 1566 636 1439 519 1421 499 1332 435 1350 711 1382 612 1400 535 1496 495 1414 653 1428 766
img04295.jpg 1424 871 1392 726 1532 622 1583 629 1464 736 1551 885 1565 623 1442 507 1424 490 1333 419 1353 700 1385 602 1401 524 1497 482 1416 640 1431 753
img04296.jpg 1463 855 1424 703 1557 593 1610 615 1494 730 1549 884 1598 600 1453 489 1430 472 1336 403 1355 688 1388 587 1403 512 1512 464 1449 633 1436 741
img04297.jpg 1488 850 1449 688 1575 573 1614 594 1500 718 1551 885 1603 582 1458 475 1434 458 1336 391 1358 675 1391 573 1404 497 1514 452 1478 628 1441 728
img04298.jpg 1490 848 1453 676 1571 556 1614 576 1507 711 1553 884 1600 570 1458 461 1436 446 1337 378 1362 662 1393 560 1405 482 1517 437 1481 613 1443 714
img04299.jpg 1491 844 1460 664 1571 538 1615 554 1513 709 1553 883 1599 550 1459 449 1438 433 1339 364 1365 649 1397 550 1408 470 1516 424 1484 599 1448 700
img04300.jpg 1493 842 1466 648 1569 518 1616 535 1520 705 1555 883 1600 535 1459 435 1440 416 1341 351 1367 637 1400 537 1412 456 1514 414 1488 587 1453 687
img04301.jpg 1493 844 1476 653 1571 520 1618 527 1529 703 1557 883 1598 530 1461 423 1444 403 1343 335 1370 624 1405 526 1414 440 1515 401 1490 576 1456 674
img04302.jpg 1494 843 1481 659 1569 522 1617 527 1534 709 1557 883 1594 530 1462 413 1447 391 1346 321 1376 611 1409 516 1419 428 1514 391 1494 564 1459 662
img04303.jpg 1494 842 1486 669 1566 530 1617 526 1541 709 1556 882 1591 532 1464 403 1452 377 1352 306 1380 602 1413 507 1423 418 1515 383 1497 553 1464 653
img04304.jpg 1495 843 1487 677 1559 535 1613 534 1547 708 1557 881 1587 534 1470 393 1455 367 1357 293 1385 592 1416 498 1426 408 1519 375 1500 541 1467 641
img04305.jpg 1494 843 1491 692 1555 548 1609 539 1553 707 1557 882 1581 540 1476 385 1458 361 1361 280 1389 584 1421 490 1429 398 1523 367 1505 532 1471 631
img04306.jpg 1496 840 1498 695 1554 549 1606 536 1557 704 1556 882 1575 539 1480 378 1462 354 1367 268 1393 578 1422 480 1433 388 1528 362 1509 520 1475 622
img04307.jpg 1498 841 1504 695 1554 551 1601 540 1562 704 1556 883 1572 541 1485 371 1467 347 1374 257 1395 572 1427 471 1435 379 1533 358 1514 511 1480 614
img04308.jpg 1500 841 1511 692 1555 548 1597 540 1567 704 1558 883 1571 538 1489 363 1471 339 1378 249 1397 566 1431 463 1436 371 1534 352 1521 503 1484 603
img04309.jpg 1500 842 1518 694 1557 550 1597 539 1571 702 1559 884 1573 542 1493 357 1476 333 1385 242 1399 558 1436 456 1439 363 1538 349 1527 496 1490 596
img04310.jpg 1503 840 1522 691 1553 549 1596 535 1572 701 1562 882 1572 541 1498 351 1481 324 1393 233 1401 551 1439 450 1444 356 1540 346 1532 490 1495 589
img04311.jpg 1503 842 1524 687 1548 548 1593 538 1572 701 1564 882 1567 540 1503 346 1484 319 1399 228 1404 546 1444 447 1449 354 1540 343 1540 487 1497 583
img04312.jpg 1502 841 1526 686 1547 547 1590 539 1572 699 1566 878 1566 541 1507 340 1486 316 1406 223 1408 541 1446 445 1454 351 1542 340 1545 482 1499 576
img04313.jpg 1501 843 1528 687 1543 547 1589 539 1570 701 1565 880 1565 539 1511 338 1490 314 1412 217 1412 534 1447 443 1457 349 1546 338 1551 478 1503 572
img04314.jpg 1502 843 1529 688 1539 550 1588 540 1569 702 1564 880 1558 539 1515 334 1493 310 1415 210 1415 531 1447 440 1461 348 1550 331 1558 472 1507 567
img04315.jpg 1501 845 1528 690 1536 548 1582 543 1569 701 1563 883 1552 540 1517 331 1498 307 1419 206 1416 527 1449 437 1463 347 1555 328 1566 467 1509 562
img04316.jpg 1503 844 1530 691 1535 544 1580 545 1563 700 1563 882 1552 539 1519 329 1503 304 1422 202 1419 523 1450 434 1464 345 1561 326 1572 462 1511 556
img04317.jpg 1502 843 1530 694 1530 542 1578 545 1555 700 1561 886 1547 536 1522 328 1508 300 1423 199 1420 517 1451 429 1466 345 1564 325 1578 460 1513 553
img04318.jpg 1500 843 1529 690 1526 539 1574 545 1554 698 1563 883 1540 536 1523 326 1509 300 1426 196 1421 514 1452 426 1466 343 1569 323 1583 457 1515 548
img04319.jpg 1500 843 1528 690 1520 539 1568 548 1551 698 1563 883 1540 539 1523 324 1509 298 1432 193 1420 508 1454 423 1466 340 1571 324 1585 457 1514 545
img04320.jpg 1500 840 1529 687 1518 538 1569 547 1548 698 1563 880 1540 538 1520 325 1509 299 1437 191 1421 504 1454 419 1466 336 1571 322 1589 456 1514 541
img04321.jpg 1498 841 1526 686 1512 540 1566 545 1551 700 1560 881 1540 537 1518 323 1509 297 1444 188 1419 500 1456 416 1467 331 1571 320 1591 453 1515 540
img04322.jpg 1498 842 1523 682 1504 536 1563 544 1557 702 1560 878 1537 536 1518 323 1510 297 1453 182 1417 497 1456 415 1467 328 1571 317 1594 449 1515 536
img04323.jpg 1500 841 1522 685 1497 537 1561 543 1556 699 1559 880 1539 537 1517 323 1511 292 1461 178 1416 493 1458 415 1466 326 1572 317 1595 448 1514 535
img04324.jpg 1499 841 1519 686 1496 532 1561 541 1555 701 1561 880 1535 535 1519 323 1513 292 1468 174 1415 490 1457 415 1468 325 1574 317 1597 446 1513 533
img04325.jpg 1500 841 1517 689 1491 534 1559 542 1556 703 1559 880 1531 537 1520 319 1514 288 1472 170 1415 489 1457 415 1469 325 1576 316 1598 444 1514 528
img04326.jpg 1501 842 1515 688 1490 535 1555 544 1558 703 1561 879 1529 544 1521 320 1515 289 1475 166 1416 484 1456 413 1467 328 1577 317 1597 445 1513 524
img04327.jpg 1503 840 1514 692 1494 541 1557 544 1560 704 1562 880 1531 547 1520 316 1517 285 1480 165 1417 481 1454 410 1466 328 1579 316 1596 444 1511 521
img04328.jpg 1504 839 1512 691 1498 545 1558 544 1561 706 1564 879 1530 550 1524 314 1518 285 1483 164 1417 478 1452 409 1466 328 1581 314 1596 443 1509 519
img04329.jpg 1505 839 1514 692 1497 547 1560 544 1563 706 1563 880 1531 550 1526 313 1520 284 1485 163 1416 475 1451 409 1465 325 1583 313 1595 443 1508 516
img04330.jpg 1505 840 1511 690 1500 549 1560 546 1563 708 1563 881 1534 552 1529 313 1520 284 1488 160 1413 472 1448 408 1465 322 1586 313 1595 442 1505 515
img04331.jpg 1505 839 1511 692 1499 548 1562 545 1562 706 1562 880 1531 548 1531 311 1520 282 1490 161 1410 473 1447 409 1467 320 1589 311 1598 441 1505 513
img04332.jpg 1502 840 1511 690 1494 544 1557 541 1560 705 1563 880 1525 544 1531 312 1520 283 1491 159 1408 473 1448 409 1468 318 1592 312 1597 441 1505 513
img04333.jpg 1502 841 1511 689 1491 540 1560 540 1560 706 1562 881 1525 540 1531 313 1520 282 1493 158 1405 471 1448 408 1468 316 1591 310 1600 439 1505 511
img04334.jpg 1499 840 1508 686 1488 537 1557 537 1560 703 1562 881 1522 537 1528 314 1520 280 1496 156 1405 472 1448 406 1468 317 1591 308 1600 440 1505 509
img04335.jpg 1499 840 1507 686 1485 532 1556 535 1559 700 1562 880 1522 535 1527 315 1522 281 1499 158 1405 472 1448 406 1465 318 1590 309 1599 440 1504 509
img04336.jpg 1499 838 1504 681 1484 529 1556 535 1559 701 1562 881 1524 532 1527 316 1525 278 1504 155 1404 470 1447 404 1462 316 1590 310 1599 441 1504 510
img04337.jpg 1499 837 1502 681 1485 531 1560 537 1560 702 1560 881 1528 537 1528 315 1525 277 1508 153 1404 468 1447 404 1462 315 1589 309 1597 442 1505 508
img04338.jpg 1498 836 1501 681 1484 529 1555 535 1558 698 1561 879 1527 538 1527 314 1527 277 1512 153 1403 469 1447 403 1461 314 1590 311 1596 443 1506 509
img04339.jpg 1499 837 1499 680 1487 531 1559 537 1556 700 1562 877 1528 540 1528 313 1528 276 1516 153 1402 468 1445 402 1459 313 1591 313 1596 442 1507 508
img04340.jpg 1498 839 1498 681 1486 532 1558 537 1559 701 1561 877 1527 540 1527 313 1527 276 1521 152 1403 468 1444 399 1458 313 1593 313 1596 442 1509 506
img04341.jpg 1498 840 1498 682 1484 530 1556 535 1559 702 1561 877 1524 538 1524 314 1527 277 1524 153 1404 466 1441 400 1458 314 1596 314 1593 443 1512 504
img04342.jpg 1498 840 1498 681 1483 530 1555 535 1558 701 1563 877 1523 535 1523 313 1526 276 1529 154 1401 467 1438 399 1455 313 1597 313 1595 441 1512 501
img04343.jpg 1496 840 1499 682 1481 530 1553 538 1559 702 1562 878 1521 532 1521 311 1527 277 1530 154 1401 467 1435 401 1455 311 1599 314 1594 441 1513 498
img04344.jpg 1497 837 1500 684 1479 529 1555 538 1560 701 1560 878 1522 532 1522 312 1528 277 1531 156 1401 466 1433 402 1456 312 1601 315 1595 440 1514 498
img04345.jpg 1498 835 1500 683 1480 530 1558 536 1558 700 1561 878 1523 530 1523 314 1529 276 1535 156 1399 464 1431 403 1457 314 1601 317 1596 440 1515 498
img04346.jpg 1497 836 1500 684 1483 532 1560 538 1557 699 1560 876 1526 535 1526 312 1529 277 1537 155 1400 464 1431 401 1457 312 1600 318 1597 441 1514 498
img04347.jpg 1498 837 1501 686 1484 534 1561 540 1558 700 1558 877 1524 537 1527 314 1530 277 1538 155 1401 463 1429 403 1458 314 1601 320 1598 443 1515 500
img04348.jpg 1500 837 1500 684 1486 536 1563 539 1557 698 1557 877 1523 539 1528 317 1528 277 1540 152 1400 462 1429 402 1457 314 1599 320 1599 445 1514 502
img04349.jpg 1500 841 1500 685 1483 535 1559 538 1557 699 1557 877 1520 538 1528 315 1528 278 1543 151 1401 462 1429 400 1455 312 1599 321 1599 445 1514 504
img04350.jpg 1500 840 1500 688 1483 536 1554 539 1557 699 1557 877 1517 542 1529 313 1529 279 1543 150 1400 462 1428 399 1454 310 1600 319 1600 445 1514 505
img04351.jpg 1499 838 1499 690 1479 535 1553 538 1559 701 1559 878 1513 538 1527 315 1530 280 1542 151 1399 463 1427 401 1453 309 1599 317 1599 443 1513 503
img04352.jpg 1499 839 1499 690 1476 530 1553 536 1559 702 1559 879 1514 536 1528 313 1531 282 1542 153 1397 465 1428 399 1451 308 1599 316 1599 442 1514 502
img04353.jpg 1499 839 1499 694 1473 531 1550 536 1559 705 1559 879 1513 537 1525 311 1531 282 1539 153 1396 465 1428 399 1448 308 1599 316 1599 442 1513 502
img04354.jpg 1496 837 1499 693 1473 530 1551 535 1560 705 1560 880 1514 535 1522 311 1531 282 1537 153 1393 463 1428 400 1448 308 1600 317 1597 443 1514 501
img04355.jpg 1494 837 1500 691 1472 529 1554 537 1560 706 1560 880 1514 531 1520 312 1529 283 1532 155 1392 466 1429 400 1446 309 1597 318 1594 443 1514 500
img04356.jpg 1493 836 1502 690 1473 529 1557 538 1560 704 1560 879 1516 532 1519 312 1525 283 1528 154 1390 467 1431 400 1445 312 1597 318 1594 444 1513 501
img04357.jpg 1493 835 1502 691 1473 530 1554 539 1559 703 1559 879 1516 533 1516 314 1522 285 1519 156 1392 467 1430 400 1447 314 1597 320 1591 446 1513 504
img04358.jpg 1493 834 1502 691 1476 530 1556 539 1562 702 1559 880 1519 536 1516 316 1519 290 1513 162 1390 468 1430 399 1450 319 1596 322 1590 445 1513 505
img04359.jpg 1496 834 1502 691 1479 534 1557 543 1562 700 1560 880 1522 540 1516 317 1516 294 1502 166 1391 471 1431 400 1454 323 1594 323 1591 445 1511 509
img04360.jpg 1497 836 1503 694 1480 537 1557 543 1563 699 1560 882 1523 543 1517 320 1517 297 1494 172 1392 471 1432 400 1455 326 1594 326 1592 448 1509 511
img04361.jpg 1500 837 1505 696 1485 543 1559 546 1564 701 1562 882 1525 548 1516 322 1516 302 1482 180 1392 472 1432 401 1457 330 1593 330 1590 452 1508 514
img04362.jpg 1499 838 1508 696 1493 546 1564 546 1567 705 1561 883 1530 549 1516 322 1516 308 1474 186 1391 475 1434 404 1457 333 1590 333 1590 452 1505 517
img04363.jpg 1500 840 1511 694 1497 546 1568 546 1568 703 1562 882 1534 546 1517 324 1514 313 1463 193 1391 478 1434 407 1457 332 1585 335 1588 455 1503 524
img04364.jpg 1500 842 1511 692 1497 548 1568 548 1571 706 1562 881 1534 548 1514 328 1511 316 1452 201 1392 480 1432 410 1455 336 1582 336 1585 460 1500 525
img04365.jpg 1502 841 1513 688 1505 547 1570 550 1573 708 1561 880 1539 547 1510 330 1507 322 1440 206 1392 485 1431 412 1454 338 1575 339 1581 463 1496 530
img04366.jpg 1502 841 1513 683 1510 548 1572 549 1572 705 1561 880 1544 546 1508 334 1503 326 1431 212 1391 490 1430 415 1452 343 1570 340 1580 465 1494 535
img04367.jpg 1504 841 1515 680 1514 554 1575 552 1572 702 1561 879 1547 551 1504 339 1496 328 1420 219 1390 494 1428 418 1450 344 1564 342 1578 470 1493 541
img04368.jpg 1504 840 1515 681 1520 559 1580 556 1572 703 1561 878 1550 556 1501 345 1491 332 1412 223 1391 502 1428 423 1447 350 1558 342 1574 475 1490 545
img04369.jpg 1503 839 1519 682 1530 561 1586 559 1570 701 1562 879 1556 558 1500 351 1484 335 1403 232 1390 510 1428 429 1446 353 1551 346 1573 477 1489 553
img04370.jpg 1503 840 1519 684 1532 568 1590 560 1569 700 1563 880 1561 560 1498 356 1479 340 1394 242 1389 517 1426 438 1444 361 1550 348 1571 483 1487 560
img04371.jpg 1502 842 1520 689 1534 570 1594 563 1570 702 1562 881 1562 563 1494 362 1475 344 1384 251 1389 525 1426 446 1441 367 1549 351 1568 486 1484 568
img04372.jpg 1501 842 1524 684 1537 566 1597 559 1571 705 1563 881 1566 559 1493 369 1474 349 1375 262 1388 535 1424 456 1438 377 1545 356 1561 492 1479 574
img04373.jpg 1500 842 1523 686 1540 568 1597 556 1571 706 1564 881 1569 556 1490 376 1472 355 1364 273 1387 542 1423 463 1433 386 1543 363 1554 501 1477 581
img04374.jpg 1499 843 1519 687 1541 570 1599 552 1572 707 1562 880 1569 552 1484 384 1467 364 1358 283 1386 552 1424 472 1429 396 1542 369 1547 511 1474 589
img04375.jpg 1499 842 1519 691 1546 564 1603 549 1571 708 1559 880 1574 549 1479 390 1462 370 1353 293 1385 561 1422 480 1425 405 1534 373 1542 519 1472 599
img04376.jpg 1498 843 1518 694 1549 559 1606 546 1567 709 1557 880 1579 546 1476 398 1458 378 1347 304 1384 571 1421 487 1421 415 1527 378 1535 531 1471 610
img04377.jpg 1498 843 1516 704 1554 560 1613 550 1562 709 1557 882 1586 547 1471 406 1452 386 1342 315 1384 581 1420 494 1420 425 1523 382 1535 538 1469 621
img04378.jpg 1498 844 1515 706 1556 555 1622 550 1556 709 1556 883 1593 548 1468 416 1449 394 1339 325 1380 592 1417 504 1417 438 1517 387 1532 548 1468 631
img04379.jpg 1498 845 1519 703 1564 547 1622 556 1553 710 1555 883 1596 553 1466 424 1447 405 1334 337 1377 604 1413 513 1413 450 1512 393 1531 556 1466 642
img04380.jpg 1497 845 1521 705 1572 551 1627 562 1549 710 1556 883 1601 558 1466 435 1442 416 1328 352 1376 614 1411 522 1411 463 1511 401 1527 567 1464 655
img04381.jpg 1497 842 1518 702 1576 552 1632 570 1546 710 1555 882 1604 563 1462 446 1436 428 1327 362 1373 628 1408 535 1408 474 1509 409 1525 581 1460 667
img04382.jpg 1496 842 1518 699 1582 552 1633 566 1543 700 1554 880 1607 563 1460 456 1433 440 1325 374 1370 639 1404 547 1406 486 1507 421 1519 598 1456 681
img04383.jpg 1496 841 1520 701 1590 558 1632 576 1539 700 1552 879 1608 571 1457 464 1431 450 1322 388 1367 652 1402 558 1406 499 1507 431 1514 611 1451 695
img04384.jpg 1496 838 1519 708 1595 569 1639 584 1532 699 1553 880 1614 577 1455 475 1427 462 1320 399 1364 663 1398 569 1404 512 1505 442 1508 625 1446 709
img04385.jpg 1495 838 1514 711 1596 576 1640 593 1527 698 1552 881 1615 590 1452 487 1425 472 1321 409 1362 676 1395 580 1403 525 1503 456 1503 640 1442 723
img04386.jpg 1494 841 1512 719 1600 589 1640 601 1524 700 1552 883 1616 601 1452 493 1426 483 1320 419 1360 687 1392 591 1402 537 1502 467 1498 651 1438 737
img04387.jpg 1493 842 1505 726 1597 601 1640 617 1519 712 1551 884 1613 613 1451 503 1427 495 1318 430 1358 699 1391 601 1401 549 1501 475 1495 661 1435 750
img04388.jpg 1492 845 1496 731 1593 611 1637 625 1514 715 1552 887 1613 620 1450 512 1422 506 1318 440 1356 709 1386 611 1398 558 1500 484 1492 671 1430 763
img04389.jpg 1487 848 1483 735 1586 621 1633 625 1510 714 1550 888 1611 625 1450 519 1419 513 1318 448 1354 721 1385 625 1397 570 1501 491 1488 683 1427 775
img04390.jpg 1455 859 1446 746 1553 637 1628 621 1503 712 1551 889 1608 623 1448 525 1417 521 1318 456 1351 730 1383 634 1395 576 1499 498 1487 695 1424 784
img04391.jpg 1441 857 1431 743 1542 639 1621 617 1496 708 1552 890 1604 617 1444 535 1412 531 1317 465 1347 740 1379 642 1393 579 1497 508 1487 706 1423 793
img04392.jpg 1426 855 1415 740 1547 630 1616 616 1492 705 1552 890 1600 614 1441 542 1409 536 1319 469 1345 747 1376 650 1392 586 1497 518 1484 714 1422 801
img04393.jpg 1404 852 1404 737 1546 639 1613 623 1490 714 1551 889 1600 625 1439 550 1409 542 1319 477 1343 756 1376 658 1390 593 1495 526 1481 721 1420 810
img04394.jpg 1386 852 1395 737 1547 648 1610 636 1489 729 1552 888 1597 634 1437 558 1410 550 1318 485 1341 762 1375 662 1390 593 1491 538 1478 727 1418 819
img04395.jpg 1401 842 1411 726 1581 630 1605 656 1485 751 1551 888 1596 652 1436 564 1409 556 1319 490 1338 767 1372 667 1389 594 1490 548 1465 730 1417 828
img04396.jpg 1399 847 1408 730 1567 642 1601 661 1483 758 1551 874 1596 671 1431 570 1408 563 1319 496 1337 773 1370 674 1387 606 1489 552 1453 731 1414 837
img04397.jpg 1394 852 1406 734 1546 663 1599 682 1483 781 1553 879 1594 691 1430 579 1406 571 1318 503 1333 780 1368 680 1385 613 1484 562 1445 737 1411 844
img04398.jpg 1393 856 1402 737 1537 665 1597 691 1482 792 1554 887 1591 696 1427 586 1405 578 1318 507 1331 785 1366 684 1385 619 1484 571 1438 741 1402 843
img04399.jpg 1399 860 1399 740 1512 670 1591 701 1478 804 1549 897 1589 703 1421 592 1404 585 1320 510 1329 791 1366 687 1382 623 1482 579 1432 748 1399 851
img04400.jpg 1388 864 1396 744 1501 695 1591 708 1479 812 1543 910 1586 706 1419 599 1407 592 1321 516 1329 797 1365 692 1381 634 1483 583 1431 751 1398 857
img04401.jpg 1354 865 1374 745 1499 700 1590 713 1480 819 1536 921 1580 696 1424 602 1408 595 1323 519 1326 801 1364 695 1381 633 1484 591 1429 755 1397 862
img04402.jpg 1328 864 1351 745 1486 702 1587 702 1479 810 1525 916 1575 689 1417 603 1409 598 1322 522 1326 804 1364 696 1378 630 1475 598 1427 759 1396 867
img04403.jpg 1308 865 1332 745 1470 703 1584 690 1478 800 1514 910 1568 681 1413 606 1407 602 1323 524 1325 806 1362 699 1375 626 1463 608 1440 769 1401 895
img04404.jpg 1281 869 1312 748 1470 703 1582 674 1477 786 1503 898 1562 669 1411 604 1407 606 1323 526 1325 809 1360 702 1373 629 1454 601 1443 763 1384 895
img04405.jpg 1282 875 1307 752 1462 700 1581 672 1478 785 1494 898 1561 670 1411 606 1405 608 1324 526 1325 810 1359 705 1371 627 1455 601 1445 763 1352 885
img04406.jpg 1314 883 1331 758 1482 699 1583 687 1482 802 1488 916 1565 685 1409 610 1403 610 1322 528 1325 811 1357 709 1370 628 1453 601 1447 764 1325 880
img04407.jpg 1339 890 1350 764 1495 697 1580 686 1481 803 1477 917 1560 681 1413 614 1402 613 1324 528 1326 813 1354 715 1370 629 1452 605 1463 770 1330 898
img04408.jpg 1362 895 1367 767 1497 702 1578 691 1481 810 1467 922 1543 691 1410 612 1399 606 1325 528 1326 812 1353 720 1372 634 1449 594 1447 762 1308 882
img04409.jpg 1379 893 1384 765 1507 703 1576 695 1481 815 1457 925 1527 708 1411 614 1398 607 1324 529 1326 812 1351 726 1372 635 1448 596 1445 764 1311 885
img04410.jpg 1382 890 1387 761 1497 706 1572 684 1479 805 1445 913 1525 707 1407 613 1395 606 1323 529 1325 814 1349 732 1372 638 1434 595 1446 765 1327 901
img04411.jpg 1380 886 1382 756 1477 708 1566 670 1475 792 1432 896 1523 695 1403 614 1394 607 1326 527 1324 815 1349 735 1373 642 1422 590 1446 761 1340 908
img04412.jpg 1376 885 1381 755 1474 712 1568 681 1479 805 1428 905 1529 710 1404 613 1393 604 1326 526 1324 814 1350 734 1372 646 1423 578 1428 753 1311 889
img04413.jpg 1377 885 1380 754 1474 710 1566 674 1479 800 1420 894 1547 698 1403 613 1391 604 1325 525 1321 816 1349 735 1370 648 1422 579 1433 753 1326 893
img04414.jpg 1380 886 1381 754 1476 708 1568 674 1483 801 1445 894 1564 684 1402 611 1388 596 1324 523 1322 815 1351 728 1372 647 1416 579 1432 752 1335 895
img04415.jpg 1382 886 1382 753 1484 704 1570 672 1487 801 1441 890 1567 672 1400 607 1387 593 1324 521 1322 813 1354 720 1373 646 1410 581 1433 753 1347 898
img04416.jpg 1375 885 1382 752 1502 702 1574 685 1494 814 1468 892 1569 683 1403 604 1389 589 1322 520 1322 810 1356 711 1373 640 1423 582 1432 753 1342 891
img04417.jpg 1385 885 1383 752 1491 702 1573 669 1495 800 1463 879 1545 679 1398 603 1388 590 1319 521 1322 809 1357 707 1374 641 1422 580 1442 751 1366 894
img04418.jpg 1389 884 1384 751 1502 693 1578 667 1502 799 1466 881 1546 677 1405 600 1391 591 1318 520 1322 805 1358 700 1375 631 1433 583 1455 753 1386 896
img04419.jpg 1396 883 1385 749 1491 693 1582 676 1508 810 1444 895 1550 684 1411 602 1394 595 1318 517 1323 800 1357 697 1374 633 1450 577 1455 747 1377 881
img04420.jpg 1399 884 1385 750 1494 689 1586 687 1514 821 1457 918 1552 691 1417 601 1398 591 1318 514 1322 796 1356 693 1374 630 1463 580 1457 751 1375 879
img04421.jpg 1405 884 1386 749 1495 684 1585 682 1516 818 1445 936 1553 688 1419 596 1397 585 1316 508 1323 790 1357 689 1375 624 1454 582 1460 754 1391 889
img04422.jpg 1415 880 1389 747 1494 680 1590 690 1522 827 1471 957 1575 669 1424 588 1400 575 1317 500 1325 782 1358 682 1376 612 1455 576 1452 748 1381 879
img04423.jpg 1423 877 1393 744 1500 673 1590 680 1525 818 1499 961 1577 660 1427 582 1403 569 1317 493 1328 773 1360 675 1379 608 1460 562 1449 736 1376 863
img04424.jpg 1427 873 1395 740 1518 655 1591 663 1528 802 1520 946 1576 644 1427 572 1405 557 1318 482 1331 763 1361 667 1380 599 1461 555 1458 730 1402 859
img04425.jpg 1441 868 1400 736 1523 639 1593 641 1533 781 1537 928 1574 623 1429 561 1406 546 1317 473 1337 751 1365 655 1383 589 1468 536 1464 715 1418 836
img04426.jpg 1455 863 1404 732 1525 624 1596 622 1538 763 1548 909 1573 603 1432 548 1411 534 1318 464 1342 740 1369 642 1383 577 1479 517 1471 698 1435 812
img04427.jpg 1457 860 1409 728 1545 605 1598 616 1542 758 1549 891 1573 606 1437 536 1413 521 1320 452 1349 727 1375 629 1384 564 1493 506 1485 688 1459 796
img04428.jpg 1465 857 1414 724 1546 602 1597 619 1544 761 1548 889 1566 608 1438 522 1416 506 1322 439 1355 716 1381 614 1385 548 1495 494 1487 677 1471 779
img04429.jpg 1475 853 1420 722 1545 598 1598 620 1546 763 1548 887 1560 605 1441 508 1420 491 1324 426 1364 703 1389 598 1389 529 1500 479 1493 663 1483 763
img04430.jpg 1479 849 1425 717 1526 605 1579 618 1530 763 1548 885 1545 607 1446 495 1423 478 1328 410 1372 688 1393 584 1391 510 1503 465 1501 645 1493 749
img04431.jpg 1486 848 1432 714 1506 609 1564 618 1518 763 1548 884 1532 607 1449 482 1426 464 1333 391 1382 673 1400 572 1395 497 1509 454 1509 628 1503 731
img04432.jpg 1487 846 1441 711 1494 608 1555 599 1511 745 1549 884 1521 597 1452 466 1429 450 1336 372 1392 656 1405 557 1398 481 1514 439 1518 610 1514 714
img04433.jpg 1489 846 1448 709 1485 601 1555 587 1513 734 1550 884 1519 582 1457 453 1434 434 1341 352 1401 638 1408 543 1401 467 1520 427 1524 594 1525 698
img04434.jpg 1491 846 1456 707 1473 598 1543 574 1503 722 1553 884 1515 577 1463 438 1439 419 1346 332 1408 624 1413 529 1402 452 1525 414 1532 579 1532 679
img04435.jpg 1493 846 1464 705 1481 586 1549 569 1512 717 1553 884 1521 571 1466 424 1446 401 1351 313 1416 611 1419 516 1403 439 1528 401 1536 563 1541 661
img04436.jpg 1494 845 1471 706 1489 577 1559 564 1525 713 1557 884 1523 564 1468 410 1450 384 1357 296 1424 597 1422 501 1406 423 1528 387 1544 548 1549 644
img04437.jpg 1498 844 1477 705 1492 572 1558 566 1526 715 1558 884 1527 564 1471 396 1455 367 1365 277 1429 584 1426 492 1410 410 1529 375 1548 534 1553 629
img04438.jpg 1499 842 1483 704 1493 566 1555 569 1525 719 1557 883 1528 569 1474 383 1461 353 1372 262 1434 574 1432 480 1415 396 1531 364 1555 517 1558 614
img04439.jpg 1499 842 1490 706 1499 560 1567 569 1539 720 1558 883 1531 564 1477 368 1463 341 1381 245 1440 560 1436 469 1422 382 1531 355 1563 501 1563 601
img04440.jpg 1498 842 1498 704 1498 552 1567 566 1539 718 1553 884 1539 566 1484 358 1470 330 1387 233 1442 552 1442 455 1429 372 1539 344 1567 483 1567 593
