ResultRaw1 ResultRaw2 ResultRaw3 ResultRaw4 ResultRaw5 ResultRaw6 ResultRaw7 ResultRaw8 ResultRaw9 ResultRaw10 ResultRaw11 ResultRaw12 ResultRaw13 ResultRaw14 ResultRaw15 ResultRaw16 ResultRaw17 ResultRaw18 ResultRaw19 ResultRaw20 ResultRaw21 ResultRaw22 ResultRaw23 ResultRaw24 ResultRaw25 ResultRaw26 ResultRaw27 ResultRaw28 ResultRaw29 ResultRaw30 ResultRaw31 ResultRaw32 ResultRaw33
img20791.jpg 958 866 958 699 943 518 913 533 898 699 898 881 928 518 943 292 943 261 913 125 762 352 883 367 958 292 913 307 807 397 762 352
img20792.jpg 958 863 954 696 944 515 920 525 897 701 897 886 925 520 939 292 939 258 915 134 760 357 879 369 954 292 920 301 811 391 763 349
img20793.jpg 958 860 950 694 944 515 919 524 896 700 896 885 927 521 941 293 936 259 916 130 758 361 872 369 950 290 925 299 810 390 762 347
img20794.jpg 960 857 949 695 943 516 920 522 895 701 898 885 926 522 940 295 935 258 917 130 758 362 867 368 949 289 926 297 812 388 761 346
img20795.jpg 960 858 948 695 939 518 919 521 893 698 899 887 925 521 939 295 934 257 916 127 758 359 860 365 948 286 928 295 812 388 760 344
img20796.jpg 962 858 947 696 941 519 915 524 892 699 901 884 924 522 941 295 933 257 918 127 759 363 855 366 947 287 924 298 811 388 759 345
img20797.jpg 963 856 948 692 942 516 917 524 891 698 902 882 922 522 942 294 934 259 920 129 763 363 853 366 951 288 922 296 810 386 758 346
img20798.jpg 964 859 949 692 943 516 914 525 891 698 905 885 920 522 943 294 935 259 920 130 764 362 851 364 955 288 920 297 809 385 759 347
img20799.jpg 961 859 949 688 946 514 912 525 891 696 906 885 920 519 946 293 935 258 920 131 765 364 849 365 955 287 920 296 807 383 761 348
img20800.jpg 961 857 950 685 950 510 910 525 892 700 907 883 921 519 950 292 935 258 921 129 766 366 850 366 955 287 921 295 806 381 763 350
img20801.jpg 961 857 950 685 950 508 910 525 893 699 907 885 921 519 950 293 935 259 921 127 769 365 852 366 958 287 921 293 807 379 764 350
img20802.jpg 961 858 949 686 946 510 909 525 892 697 906 887 921 519 946 292 935 257 921 128 765 362 850 365 955 286 924 292 809 378 762 352
img20803.jpg 961 858 949 687 943 511 912 525 892 698 904 887 921 519 943 291 935 257 921 126 764 360 848 363 952 285 924 291 810 376 761 351
img20804.jpg 963 859 948 688 940 511 914 525 891 699 903 887 920 523 943 292 937 257 920 127 761 360 844 364 951 286 923 292 809 377 758 352
img20805.jpg 963 858 948 686 937 512 917 527 891 698 903 886 920 524 940 292 937 258 920 127 759 362 841 365 951 286 923 292 808 378 754 352
img20806.jpg 961 856 949 684 935 513 920 524 892 696 900 888 920 521 937 292 937 258 920 129 756 365 837 367 949 287 921 292 806 378 752 353
img20807.jpg 960 857 949 688 934 511 920 526 892 700 900 888 920 523 940 295 940 258 923 127 756 372 835 371 949 289 915 295 803 378 749 352
img20808.jpg 959 856 948 687 934 512 919 526 890 698 902 890 919 521 939 294 942 257 925 128 757 376 835 372 948 288 914 294 802 377 747 354
img20809.jpg 960 855 949 685 934 511 917 525 891 700 903 892 920 516 940 293 940 258 926 129 760 377 837 372 949 290 911 293 800 376 745 356
img20810.jpg 961 855 947 686 932 512 915 523 889 701 901 892 918 515 941 292 941 260 927 128 763 375 838 370 949 292 909 292 798 372 743 357
img20811.jpg 963 855 946 686 929 512 912 524 886 701 903 892 915 518 941 292 941 258 926 127 764 372 839 367 946 290 909 292 801 370 741 361
img20812.jpg 964 854 947 683 930 512 910 523 887 700 904 890 915 515 938 290 938 259 924 128 765 369 840 362 947 287 910 293 802 370 739 364
img20813.jpg 964 855 947 683 930 512 907 521 887 701 904 889 916 515 939 290 936 258 921 127 773 372 843 359 947 287 907 295 802 370 736 367
img20814.jpg 963 855 946 684 932 514 906 522 886 699 903 887 915 516 937 292 937 258 923 126 782 374 847 355 949 286 903 297 803 366 735 369
img20815.jpg 960 855 949 684 935 514 904 522 886 699 904 886 915 516 938 292 938 255 923 127 791 377 853 353 952 286 901 297 804 366 736 369
img20816.jpg 960 857 949 686 937 512 903 521 889 697 900 886 918 515 937 293 937 255 923 127 800 379 859 350 957 290 898 298 803 364 738 367
img20817.jpg 961 856 950 688 938 510 901 519 887 696 898 885 916 516 938 293 938 256 924 128 812 377 867 345 961 290 896 299 801 362 744 365
img20818.jpg 961 857 949 688 941 508 901 520 886 697 898 885 915 517 941 294 941 258 926 126 817 374 874 345 966 294 892 300 801 360 750 363
img20819.jpg 961 858 950 690 941 508 901 519 887 698 898 886 915 519 941 294 941 257 927 126 821 370 879 343 969 297 893 300 804 360 756 360
img20820.jpg 962 860 948 691 942 506 903 517 888 700 900 888 917 520 940 294 940 258 928 126 823 366 883 342 971 297 891 300 805 358 760 358
img20821.jpg 963 858 949 692 943 506 903 515 886 701 900 887 914 520 940 294 940 257 928 125 824 362 885 338 968 294 889 300 805 358 762 358
img20822.jpg 962 858 948 692 945 506 905 512 885 701 902 889 916 518 939 295 939 255 928 123 828 359 889 337 971 295 888 298 811 355 762 358
img20823.jpg 964 857 950 693 947 507 907 510 884 696 901 888 918 515 938 295 938 252 926 125 831 357 893 336 972 295 889 295 806 355 763 358
img20824.jpg 965 855 951 694 945 506 905 506 882 693 899 886 916 515 937 293 937 253 925 126 832 354 895 336 974 296 891 293 801 356 764 359
img20825.jpg 967 853 953 694 947 504 903 506 880 691 897 885 915 512 938 293 938 252 923 125 834 353 898 335 976 296 889 293 796 356 765 359
img20826.jpg 967 852 952 694 949 504 903 507 880 691 897 886 915 510 938 292 938 251 923 125 837 355 902 340 981 300 889 292 794 355 766 360
img20827.jpg 967 852 952 694 949 505 903 507 881 691 895 884 915 510 938 292 938 251 924 125 836 356 901 341 981 301 889 292 791 355 766 358
img20828.jpg 966 852 952 692 949 505 900 508 880 695 894 884 915 511 937 293 937 253 923 124 834 354 899 341 981 299 886 293 797 353 766 356
img20829.jpg 966 854 951 690 951 507 902 509 882 696 897 885 917 509 937 294 937 251 923 122 833 355 898 342 980 297 882 294 796 352 765 354
img20830.jpg 965 855 950 690 950 509 904 509 884 696 898 886 919 512 936 293 936 253 922 123 831 354 897 342 979 296 881 296 798 354 763 356
img20831.jpg 964 856 950 691 947 509 904 509 887 697 901 882 921 512 935 292 935 254 921 124 829 349 895 338 979 292 881 298 797 356 762 356
img20832.jpg 964 858 950 693 947 510 904 510 889 699 904 884 921 516 935 292 935 254 921 126 827 346 894 337 979 292 877 301 793 355 761 358
img20833.jpg 964 857 950 694 944 510 903 510 892 700 906 886 921 516 935 292 935 254 921 129 828 344 896 337 979 292 880 301 795 356 761 359
img20834.jpg 965 856 950 695 941 510 903 510 892 701 903 885 921 519 935 290 935 255 921 130 828 343 896 336 976 290 883 302 795 358 760 361
img20835.jpg 965 856 950 691 939 511 903 511 891 700 903 883 921 517 936 290 936 255 921 128 827 342 895 336 974 290 886 302 794 358 762 361
img20836.jpg 964 857 949 689 941 512 902 512 890 701 902 887 920 521 935 290 938 255 920 128 823 347 891 341 970 290 887 302 793 359 757 362
img20837.jpg 964 855 949 687 937 514 902 514 890 699 902 885 919 520 937 292 937 257 919 127 817 349 885 343 967 289 890 301 793 360 754 360
img20838.jpg 964 856 949 688 937 514 904 517 890 700 902 885 919 520 940 292 937 257 919 124 803 353 872 348 961 289 893 301 789 360 748 363
img20839.jpg 962 856 950 687 938 514 903 520 888 699 903 888 918 517 941 295 938 257 918 123 794 353 863 352 962 289 891 301 789 360 742 362
img20840.jpg 960 855 949 687 940 514 903 523 888 699 903 892 917 520 943 298 940 257 917 125 784 355 853 357 963 292 894 301 790 359 735 361
img20841.jpg 960 853 949 687 940 515 903 527 888 698 903 890 917 518 946 300 940 257 917 123 773 355 842 360 963 292 894 300 791 358 734 361
img20842.jpg 960 854 948 685 940 514 903 529 888 700 903 891 917 517 945 301 940 258 917 124 761 354 831 363 963 292 897 301 792 358 732 361
img20843.jpg 959 855 948 685 942 515 902 526 888 699 902 889 917 517 945 302 939 259 917 126 754 349 823 361 965 291 894 302 789 359 732 359
img20844.jpg 959 855 945 685 943 515 903 526 888 699 903 886 917 520 945 299 940 259 917 126 748 348 817 362 962 291 894 302 789 359 733 359
img20845.jpg 960 855 946 685 940 515 903 526 889 699 903 884 918 518 946 297 937 260 918 127 743 342 812 359 960 289 892 303 790 359 730 362
img20846.jpg 960 855 946 686 940 515 903 526 889 700 903 887 917 518 946 294 937 260 917 127 746 335 814 355 962 289 892 303 790 359 727 365
img20847.jpg 960 855 946 686 940 516 904 524 889 700 904 887 918 518 943 292 937 261 918 125 751 331 819 354 963 289 889 303 790 360 725 368
img20848.jpg 960 855 946 686 940 516 904 524 889 700 904 886 918 519 943 290 940 261 918 123 757 330 825 354 963 290 889 304 790 361 723 372
img20849.jpg 962 856 948 687 939 516 905 525 888 699 902 887 917 519 942 291 939 259 919 125 758 328 826 352 959 288 894 302 794 359 719 373
img20850.jpg 964 856 949 689 938 516 906 522 889 698 900 888 915 519 941 292 941 258 921 123 759 330 827 353 955 286 898 301 797 358 719 373
img20851.jpg 966 856 951 691 934 517 908 520 887 697 899 885 914 520 939 294 939 256 922 123 753 331 822 355 948 285 902 300 800 358 725 369
img20852.jpg 967 856 953 692 935 517 909 523 886 695 897 885 912 523 941 296 941 255 923 123 750 334 819 358 944 284 906 298 804 357 728 368
img20853.jpg 969 853 954 691 931 518 910 524 884 694 898 883 910 524 939 297 939 253 925 123 745 333 814 358 939 282 913 297 807 356 728 368
img20854.jpg 969 852 954 690 931 517 910 520 884 693 898 885 910 522 939 296 939 255 925 122 746 332 814 359 942 284 913 299 804 358 736 366
img20855.jpg 969 851 954 689 934 518 910 521 881 695 898 886 910 524 939 295 939 257 925 124 747 331 814 361 945 286 910 301 801 359 745 365
img20856.jpg 969 849 952 687 937 519 910 522 881 696 898 885 910 525 940 295 940 257 925 124 751 330 817 361 949 286 910 301 801 360 748 366
img20857.jpg 969 849 951 686 937 518 910 521 880 698 898 884 910 524 940 293 940 258 925 125 752 326 817 360 951 287 910 302 797 361 753 364
img20858.jpg 969 850 951 687 939 516 910 519 883 699 895 885 910 525 939 291 939 259 924 125 755 321 818 359 957 288 904 303 794 362 753 365
img20859.jpg 969 850 951 688 939 516 910 519 883 703 895 886 910 525 939 291 939 259 924 126 750 319 812 359 957 288 901 303 794 362 744 368
img20860.jpg 968 853 951 690 939 513 909 519 886 702 897 885 909 525 939 292 939 260 924 124 746 317 806 360 957 289 903 301 794 363 738 369
img20861.jpg 967 853 953 692 938 513 908 519 885 701 897 885 908 525 938 290 938 261 923 123 741 315 800 361 959 290 900 302 791 363 730 372
img20862.jpg 964 854 950 691 935 513 906 519 886 700 897 886 909 522 938 291 938 259 924 122 737 312 794 361 959 291 900 300 795 364 728 373
img20863.jpg 964 855 950 690 935 513 907 519 883 699 898 887 909 522 938 293 938 258 924 122 735 320 792 369 956 293 901 299 796 365 736 371
img20864.jpg 963 857 948 692 937 513 905 519 885 698 899 886 911 519 939 294 939 259 925 123 741 326 799 374 957 294 902 297 798 369 743 369
img20865.jpg 961 857 947 690 938 513 904 519 884 699 898 885 912 516 941 295 941 258 927 123 748 336 808 382 958 295 901 298 801 375 749 367
img20866.jpg 961 858 947 688 938 511 904 519 887 700 901 886 915 514 941 296 941 256 927 124 756 347 819 389 956 296 901 296 803 382 758 365
img20867.jpg 963 857 949 688 943 511 903 520 889 700 900 888 917 514 940 294 940 257 926 126 767 359 832 397 958 297 897 297 803 391 760 366
img20868.jpg 964 857 950 688 944 511 904 519 890 697 901 889 918 511 938 293 938 259 927 127 778 366 843 400 958 296 895 299 806 399 767 365
img20869.jpg 964 858 950 687 944 511 904 519 890 696 901 889 918 511 935 292 935 258 924 127 787 386 859 400 958 295 893 300 813 406 771 369
img20870.jpg 966 857 951 689 945 512 905 517 891 694 900 889 920 514 934 292 934 255 923 129 793 400 875 400 960 295 891 297 820 412 771 374
img20871.jpg 963 857 951 690 948 512 902 518 891 693 897 888 919 518 934 291 934 256 922 130 795 405 890 397 960 293 891 299 828 417 773 377
img20872.jpg 963 857 951 692 948 512 902 518 890 692 899 886 919 521 934 292 934 255 922 130 797 410 905 395 960 292 890 298 835 420 774 379
img20873.jpg 958 856 950 692 950 514 901 520 892 695 898 885 921 523 935 293 935 253 921 130 794 414 923 390 961 293 892 296 844 423 778 391
img20874.jpg 959 855 951 691 951 515 902 521 893 697 896 883 922 524 937 297 937 251 919 127 790 410 933 390 959 294 893 294 847 426 782 400
img20875.jpg 957 856 951 690 951 517 902 523 894 698 897 885 922 523 937 295 934 253 917 126 786 399 940 388 960 293 894 296 853 425 790 413
img20876.jpg 959 858 950 689 950 517 905 520 893 698 896 887 922 520 936 297 933 251 913 125 786 394 945 389 962 294 893 294 856 425 799 432
img20877.jpg 958 858 952 689 952 516 909 516 894 697 894 887 923 516 934 298 932 252 912 123 787 390 943 392 960 292 894 295 860 424 806 454
img20878.jpg 959 861 951 691 951 515 907 515 893 697 896 887 922 515 933 297 930 251 907 121 788 386 936 397 956 291 893 294 861 426 807 473
img20879.jpg 959 860 950 693 950 513 907 516 893 696 895 887 921 516 933 297 927 251 904 123 794 378 930 400 956 291 893 297 864 424 812 491
img20880.jpg 961 860 950 692 950 512 903 518 891 695 897 884 920 518 932 297 926 251 903 123 802 379 932 401 956 291 891 297 863 428 813 506
img20881.jpg 959 858 950 693 950 513 904 518 892 695 898 884 921 518 933 298 924 252 901 124 806 381 934 399 953 289 892 298 860 432 814 521
img20882.jpg 959 858 948 692 948 515 904 520 890 695 899 881 921 520 933 297 921 251 896 125 812 390 943 397 951 291 890 300 859 437 819 535
img20883.jpg 958 856 947 691 949 514 904 523 889 694 898 882 924 520 933 301 918 252 892 129 818 400 951 395 950 292 889 303 858 440 824 543
img20884.jpg 958 856 947 689 950 514 904 522 890 692 899 881 924 520 930 299 916 254 890 132 819 407 957 392 950 293 887 305 857 446 825 550
img20885.jpg 958 856 947 692 952 511 910 520 890 692 898 881 927 517 930 300 916 255 884 133 824 420 957 393 950 294 887 305 854 447 828 559
img20886.jpg 958 856 947 693 953 510 910 521 890 693 899 879 930 515 927 298 910 253 879 135 829 431 956 394 953 295 882 307 851 448 832 566
img20887.jpg 960 856 948 694 957 510 909 521 891 694 897 881 931 516 926 300 908 255 874 136 843 442 960 394 957 294 877 306 849 448 832 567
img20888.jpg 959 853 948 694 959 509 910 520 890 697 896 882 933 514 922 298 905 255 871 133 876 458 973 395 959 292 871 304 845 449 831 571
img20889.jpg 958 853 950 695 961 509 909 520 889 701 898 881 935 515 921 300 901 257 867 131 910 475 987 397 961 291 864 303 841 449 832 575
img20890.jpg 959 853 951 695 962 512 908 520 890 701 896 884 936 515 916 300 896 257 862 131 938 487 996 398 962 288 853 303 836 452 830 575
img20891.jpg 961 852 952 695 966 511 906 520 889 703 898 884 938 517 912 302 895 259 858 130 969 500 1007 400 961 288 846 302 832 454 826 574
img20892.jpg 960 851 954 695 968 510 906 521 889 703 900 885 940 519 909 300 892 257 855 130 993 512 1014 400 960 288 838 303 824 451 821 578
img20893.jpg 963 851 960 693 971 512 906 521 889 704 900 883 940 521 906 298 889 258 852 131 1002 514 1011 400 963 289 830 303 816 445 816 577
img20894.jpg 966 853 960 695 974 515 907 521 890 703 898 884 944 521 901 296 888 256 851 129 1011 516 1011 400 963 287 822 304 808 442 808 577
img20895.jpg 968 854 965 697 979 515 904 523 888 708 899 882 946 520 899 294 885 255 854 128 1023 517 1015 401 962 288 816 305 802 437 802 578
img20896.jpg 975 856 966 700 980 517 903 525 887 708 898 884 944 520 898 292 884 253 859 131 1035 520 1021 404 966 289 810 303 794 432 794 577
img20897.jpg 985 857 969 701 980 516 901 524 885 712 898 884 942 518 895 292 885 253 868 131 1043 518 1026 406 969 289 805 303 786 436 789 573
img20898.jpg 989 862 969 708 980 514 898 525 885 716 898 882 942 517 893 293 887 249 876 130 1048 517 1034 410 972 290 803 302 781 441 784 571
img20899.jpg 988 867 970 712 981 515 895 526 881 720 898 878 938 518 892 294 889 248 887 130 1051 520 1037 413 975 292 801 300 776 445 779 569
img20900.jpg 987 868 969 712 977 519 893 527 879 717 896 875 934 519 890 294 893 248 896 132 1053 524 1039 413 982 292 801 297 771 449 774 568
img20901.jpg 984 872 972 712 975 520 891 528 880 721 894 872 932 520 889 294 897 249 905 130 1053 525 1039 415 985 292 803 297 770 453 776 566
img20902.jpg 975 880 973 717 972 522 891 528 883 719 894 870 932 520 888 294 900 248 913 132 1051 528 1037 422 989 292 804 297 772 449 774 566
img20903.jpg 973 883 978 717 969 524 887 527 885 717 896 869 928 521 890 294 901 250 923 130 1049 532 1032 423 992 291 808 297 772 450 778 565
img20904.jpg 971 885 982 717 965 524 885 527 888 715 897 871 927 522 891 293 905 252 933 128 1048 533 1031 425 993 293 811 296 775 447 784 566
img20905.jpg 968 889 988 719 965 521 884 527 893 714 898 874 926 521 893 292 906 251 940 128 1046 536 1029 429 993 292 814 298 781 446 792 560
img20906.jpg 960 895 992 717 963 521 883 524 895 712 900 874 926 521 895 291 909 251 952 129 1042 539 1025 427 992 291 818 300 789 442 801 558
img20907.jpg 956 897 995 717 962 523 882 526 897 712 900 872 923 523 900 292 911 252 960 129 1042 541 1022 426 991 289 825 298 800 437 811 555
img20908.jpg 950 900 994 716 962 526 884 526 898 711 898 875 924 526 904 293 916 252 965 129 1042 541 1022 428 991 287 832 299 809 431 821 549
img20909.jpg 945 903 992 714 960 529 886 526 898 711 898 876 925 526 910 293 922 252 972 131 1042 543 1019 428 992 284 839 299 819 425 830 540
img20910.jpg 941 908 988 716 958 533 888 527 899 713 899 876 923 530 914 294 926 253 979 132 1044 545 1017 430 991 285 849 297 828 421 838 537
img20911.jpg 938 906 982 719 959 536 891 527 899 711 899 873 923 530 920 297 932 252 982 131 1047 551 1018 435 991 288 858 297 837 418 847 531
img20912.jpg 936 907 977 721 956 535 890 526 903 709 899 874 923 526 924 296 939 250 987 128 1046 554 1016 439 993 290 866 296 843 418 852 528
img20913.jpg 933 908 972 725 954 532 891 526 906 707 903 878 921 523 927 292 942 250 993 127 1047 560 1014 442 993 292 873 292 849 415 854 524
img20914.jpg 932 909 968 727 953 530 892 527 914 706 911 882 923 526 932 290 944 247 999 123 1050 563 1014 445 993 296 883 290 862 414 869 526
img20915.jpg 932 907 965 725 950 529 895 523 923 701 920 885 926 522 938 289 950 246 1003 120 1051 566 1012 449 993 295 889 289 880 412 896 524
img20916.jpg 929 909 963 727 951 527 899 520 933 700 927 888 930 520 942 286 954 244 1009 116 1051 569 1009 450 994 295 899 286 899 410 923 524
img20917.jpg 931 910 965 727 953 520 908 514 941 696 936 886 935 517 947 285 959 244 1015 117 1054 573 1010 454 992 297 908 283 920 408 954 523
img20918.jpg 930 906 964 726 955 515 919 506 952 689 944 877 943 509 952 285 964 241 1020 115 1053 576 1009 456 991 297 922 282 943 412 984 530
img20919.jpg 931 903 965 729 960 514 930 505 963 687 951 874 951 505 957 285 971 242 1023 114 1050 578 1006 459 989 296 936 279 959 413 1001 535
img20920.jpg 931 900 965 731 959 513 945 507 974 692 957 868 959 507 962 284 976 241 1031 112 1048 582 1005 459 985 298 951 278 970 418 1008 544
img20921.jpg 933 897 966 729 961 514 958 508 988 692 967 865 967 511 970 285 981 242 1036 111 1044 575 1004 459 980 297 964 276 975 421 1013 544
img20922.jpg 930 894 964 727 967 525 976 517 1003 694 979 864 979 520 976 285 988 241 1041 110 1041 569 999 457 978 297 976 279 981 427 1017 552
img20923.jpg 932 894 969 725 975 535 994 529 1018 701 994 867 991 532 984 287 996 241 1048 111 1038 567 999 459 977 299 984 277 990 433 1022 554
img20924.jpg 932 896 969 723 982 539 1010 533 1031 703 1007 865 997 536 991 289 1003 243 1056 110 1037 572 1000 462 978 301 994 283 998 440 1028 554
img20925.jpg 933 897 973 726 992 542 1024 533 1042 701 1024 869 1008 539 999 293 1011 243 1061 109 1033 570 999 464 980 302 1005 284 1006 440 1033 549
img20926.jpg 934 898 978 731 1000 545 1034 539 1053 703 1041 873 1015 542 1003 296 1019 242 1066 110 1031 580 997 463 984 305 1016 287 1018 446 1038 558
img20927.jpg 935 897 986 732 1005 543 1043 540 1061 704 1055 874 1020 543 1008 300 1023 243 1074 110 1030 587 998 464 989 309 1027 287 1032 449 1049 556
img20928.jpg 937 896 992 733 1011 545 1049 542 1071 702 1072 874 1027 545 1014 302 1027 246 1081 111 1030 589 1002 463 992 309 1037 293 1040 451 1060 558
img20929.jpg 938 897 1003 736 1018 546 1056 543 1081 702 1082 879 1037 546 1021 303 1034 247 1087 113 1031 587 1003 462 1000 309 1047 294 1049 451 1072 561
img20930.jpg 940 899 1017 736 1030 548 1065 545 1087 711 1088 884 1046 548 1027 303 1039 249 1093 114 1033 589 1008 460 1008 312 1055 296 1058 454 1088 562
img20931.jpg 948 897 1035 738 1042 550 1076 540 1092 716 1090 885 1057 546 1035 302 1048 252 1101 117 1035 587 1013 459 1017 311 1064 299 1066 455 1102 561
img20932.jpg 957 895 1058 738 1052 552 1084 537 1096 720 1091 887 1068 546 1043 301 1056 254 1108 118 1037 586 1022 456 1025 307 1068 301 1069 457 1112 559
img20933.jpg 971 888 1082 740 1063 551 1091 532 1097 724 1085 891 1076 542 1051 301 1067 254 1116 118 1042 585 1026 452 1036 307 1079 301 1074 456 1125 555
img20934.jpg 987 875 1115 735 1071 551 1103 529 1100 723 1084 886 1084 542 1059 299 1075 252 1124 119 1047 582 1034 446 1044 303 1084 299 1077 455 1137 551
img20935.jpg 1011 857 1143 724 1079 549 1110 527 1104 714 1082 879 1088 537 1066 297 1082 250 1131 119 1054 580 1039 441 1051 300 1091 297 1079 455 1147 549
img20936.jpg 1039 841 1173 710 1085 544 1115 526 1106 709 1081 876 1091 535 1073 294 1088 248 1140 116 1067 577 1049 441 1058 300 1097 294 1080 454 1155 544
img20937.jpg 1076 829 1199 696 1098 540 1119 527 1107 707 1076 874 1095 533 1080 293 1095 245 1143 116 1079 573 1056 440 1065 299 1104 290 1081 452 1164 537
img20938.jpg 1125 823 1228 681 1106 535 1127 526 1109 703 1069 870 1103 532 1085 290 1100 242 1147 114 1093 570 1064 439 1070 296 1109 287 1088 445 1171 529
img20939.jpg 1185 814 1247 665 1118 532 1133 523 1112 705 1065 871 1112 526 1091 288 1106 241 1153 111 1109 567 1073 441 1076 297 1115 285 1096 440 1176 520
img20940.jpg 1252 808 1269 654 1124 529 1138 520 1115 704 1062 869 1118 523 1098 287 1112 241 1161 110 1124 567 1086 442 1086 293 1118 285 1101 432 1175 511
img20941.jpg 1248 820 1250 662 1134 529 1140 523 1114 705 1055 869 1125 520 1105 288 1119 242 1165 112 1139 564 1096 439 1096 291 1119 286 1109 426 1176 503
img20942.jpg 1231 832 1266 656 1138 530 1141 524 1114 709 1050 872 1132 519 1112 289 1126 244 1175 115 1157 564 1109 441 1106 292 1126 286 1117 419 1175 499
img20943.jpg 1198 843 1280 651 1143 530 1138 524 1115 712 1051 876 1135 519 1121 289 1135 244 1182 123 1173 563 1123 443 1118 292 1129 286 1123 419 1176 497
img20944.jpg 1190 843 1292 653 1149 527 1135 525 1118 714 1055 879 1138 519 1129 291 1143 244 1190 130 1190 566 1140 441 1129 291 1135 286 1131 417 1184 496
img20945.jpg 1175 854 1300 656 1158 526 1134 529 1119 719 1061 885 1145 520 1139 291 1153 245 1199 137 1208 565 1155 443 1142 291 1142 283 1144 417 1198 494
img20946.jpg 1227 847 1346 646 1166 523 1138 526 1124 718 1071 886 1152 520 1149 290 1163 243 1210 137 1224 565 1175 445 1155 293 1152 282 1155 413 1206 492
img20947.jpg 1285 848 1352 657 1177 523 1144 526 1130 719 1082 885 1160 520 1163 286 1177 245 1221 133 1244 565 1194 445 1172 292 1160 281 1165 411 1215 490
img20948.jpg 1346 852 1354 674 1191 527 1151 527 1136 719 1088 883 1171 521 1176 286 1191 246 1235 127 1264 566 1213 445 1191 295 1168 281 1172 409 1220 490
img20949.jpg 1368 877 1356 691 1202 531 1156 528 1139 722 1090 882 1179 525 1191 285 1202 251 1251 125 1288 568 1234 448 1211 297 1176 283 1178 410 1222 492
img20950.jpg 1383 897 1357 709 1221 538 1166 529 1143 723 1090 882 1189 529 1206 290 1218 255 1267 125 1313 573 1258 449 1232 301 1183 287 1182 410 1222 495
img20951.jpg 1388 917 1352 727 1234 540 1176 528 1149 726 1094 883 1199 531 1222 294 1234 259 1286 125 1339 581 1283 453 1257 305 1190 291 1186 411 1221 498
img20952.jpg 1394 929 1352 739 1244 542 1186 528 1157 728 1094 884 1210 533 1238 298 1250 261 1305 130 1363 589 1311 458 1282 310 1198 295 1189 417 1219 505
img20953.jpg 1395 937 1357 748 1259 537 1197 526 1163 728 1092 882 1222 529 1256 303 1268 260 1325 131 1390 594 1341 465 1305 314 1208 297 1192 417 1213 507
img20954.jpg 1396 941 1362 752 1278 534 1211 526 1169 725 1090 878 1239 523 1275 307 1289 260 1345 130 1415 598 1370 469 1331 318 1217 299 1192 419 1206 511
img20955.jpg 1401 941 1369 752 1286 529 1223 520 1179 719 1091 869 1253 520 1294 305 1308 257 1363 127 1438 600 1399 476 1355 318 1228 299 1193 420 1197 519
img20956.jpg 1415 939 1381 751 1300 530 1231 519 1185 715 1088 860 1270 512 1313 305 1328 257 1381 127 1461 599 1426 477 1378 318 1239 297 1195 424 1192 526
img20957.jpg 1417 941 1389 753 1316 527 1242 516 1194 705 1095 850 1284 509 1329 303 1347 255 1397 123 1482 598 1450 477 1402 316 1250 295 1198 421 1190 527
img20958.jpg 1419 937 1394 750 1328 529 1252 516 1206 698 1104 844 1295 511 1347 302 1366 253 1411 118 1501 594 1471 475 1425 316 1263 291 1204 421 1193 529
img20959.jpg 1421 935 1399 748 1341 529 1262 510 1217 692 1117 837 1306 511 1363 300 1382 252 1422 117 1518 587 1489 477 1445 314 1276 288 1210 416 1193 526
img20960.jpg 1419 935 1404 748 1356 529 1269 507 1226 687 1129 831 1315 508 1378 298 1394 251 1432 114 1531 584 1505 476 1464 315 1288 284 1216 412 1196 520
img20961.jpg 1416 933 1408 746 1370 528 1278 508 1238 678 1148 816 1324 511 1393 296 1405 247 1439 112 1543 580 1519 477 1482 316 1301 279 1221 408 1198 517
img20962.jpg 1418 930 1414 744 1385 529 1287 509 1244 670 1162 800 1339 509 1408 297 1414 245 1445 113 1551 575 1531 477 1496 317 1313 274 1227 406 1202 515
img20963.jpg 1418 931 1419 745 1399 529 1299 506 1248 666 1181 783 1353 509 1416 293 1419 245 1447 111 1558 574 1541 475 1509 316 1319 273 1231 404 1203 515
img20964.jpg 1420 933 1424 748 1410 529 1307 509 1249 662 1203 768 1363 509 1424 292 1424 242 1449 108 1561 576 1549 473 1519 314 1327 269 1235 406 1207 517
img20965.jpg 1421 934 1428 750 1420 530 1318 510 1251 663 1226 757 1374 511 1431 291 1431 240 1447 108 1563 575 1554 471 1526 313 1332 268 1239 409 1211 519
img20966.jpg 1422 935 1433 752 1430 530 1331 510 1252 666 1247 756 1384 513 1433 290 1435 239 1446 106 1563 578 1557 470 1529 309 1336 270 1246 411 1218 521
img20967.jpg 1423 935 1435 752 1437 529 1343 509 1255 671 1272 760 1388 517 1434 286 1437 238 1443 101 1562 580 1559 469 1531 306 1340 269 1252 415 1223 523
img20968.jpg 1423 935 1437 753 1442 528 1353 511 1258 678 1296 774 1393 517 1439 287 1442 238 1442 103 1559 580 1559 471 1534 304 1347 269 1258 416 1229 525
img20969.jpg 1421 930 1436 749 1447 526 1363 509 1263 684 1318 794 1401 514 1441 284 1444 238 1436 102 1557 580 1559 471 1534 301 1349 272 1265 416 1237 526
img20970.jpg 1421 927 1440 747 1458 522 1372 511 1270 691 1341 817 1409 514 1444 283 1447 237 1432 101 1552 579 1560 452 1532 298 1352 272 1273 417 1241 528
img20971.jpg 1413 930 1437 751 1464 525 1377 514 1279 701 1366 848 1415 516 1447 283 1447 239 1426 101 1548 577 1559 451 1533 297 1354 271 1279 418 1248 531
img20972.jpg 1411 929 1437 751 1467 529 1383 518 1291 712 1384 879 1421 518 1450 286 1447 239 1421 109 1540 575 1554 448 1532 297 1355 274 1285 419 1253 535
img20973.jpg 1405 928 1435 752 1475 529 1391 518 1304 718 1397 907 1431 518 1448 285 1446 239 1413 114 1532 575 1553 439 1530 297 1353 276 1289 421 1257 538
img20974.jpg 1401 929 1435 754 1482 533 1399 524 1322 730 1405 932 1438 524 1449 289 1443 239 1407 117 1526 575 1551 429 1530 298 1354 277 1295 423 1259 542
img20975.jpg 1397 931 1432 757 1484 535 1405 526 1342 739 1411 948 1442 526 1447 293 1438 238 1399 119 1514 574 1545 436 1530 299 1357 280 1299 426 1262 548
img20976.jpg 1405 928 1437 754 1486 534 1412 528 1358 745 1412 956 1446 528 1446 296 1437 241 1391 121 1489 562 1538 424 1525 299 1358 284 1303 430 1263 553
img20977.jpg 1412 930 1441 756 1490 529 1419 529 1375 750 1412 966 1453 526 1444 295 1434 242 1381 117 1466 544 1534 417 1521 301 1359 285 1306 435 1266 560
img20978.jpg 1414 928 1442 755 1491 527 1419 533 1388 755 1413 968 1451 530 1441 299 1429 242 1372 117 1443 515 1526 418 1516 302 1360 289 1310 442 1269 568
img20979.jpg 1425 929 1445 756 1489 526 1420 535 1398 756 1417 971 1451 532 1439 299 1423 245 1363 120 1421 482 1516 419 1511 302 1363 293 1313 447 1275 574
img20980.jpg 1429 926 1446 752 1487 527 1420 540 1401 756 1417 975 1452 533 1433 298 1417 247 1350 121 1406 455 1510 420 1500 302 1360 298 1316 451 1281 581
img20981.jpg 1426 922 1442 749 1483 528 1419 544 1406 756 1416 981 1448 534 1429 297 1410 249 1339 124 1401 441 1497 420 1486 300 1362 300 1317 454 1288 586
img20982.jpg 1423 918 1438 746 1480 534 1419 549 1407 757 1419 981 1445 540 1423 297 1403 249 1329 128 1388 456 1484 416 1473 297 1362 303 1320 457 1291 591
img20983.jpg 1427 916 1438 744 1476 536 1422 552 1409 757 1418 982 1444 539 1415 295 1396 250 1319 128 1377 484 1474 412 1457 292 1361 304 1325 459 1296 597
img20984.jpg 1417 912 1430 741 1472 535 1424 551 1409 759 1418 977 1443 538 1409 293 1390 252 1308 132 1369 515 1461 407 1438 286 1358 305 1327 463 1301 601
img20985.jpg 1413 913 1426 743 1471 533 1427 549 1411 757 1417 973 1443 536 1405 293 1383 255 1301 135 1363 543 1452 405 1427 283 1357 305 1329 466 1307 602
img20986.jpg 1412 916 1425 746 1473 530 1429 543 1410 757 1416 969 1444 530 1397 291 1378 253 1293 136 1358 570 1452 406 1419 281 1356 306 1331 470 1309 606
img20987.jpg 1409 915 1420 746 1468 528 1430 537 1411 756 1414 969 1443 528 1392 290 1373 255 1284 138 1359 571 1449 408 1408 278 1354 306 1332 471 1313 607
img20988.jpg 1409 916 1416 748 1462 530 1430 536 1411 758 1414 972 1440 530 1388 288 1370 256 1277 139 1362 573 1440 412 1398 279 1354 307 1332 472 1316 609
img20989.jpg 1416 915 1416 747 1455 533 1429 536 1412 757 1416 977 1435 530 1383 290 1367 257 1273 141 1363 570 1434 415 1393 280 1351 309 1331 475 1315 611
img20990.jpg 1423 913 1415 746 1444 539 1428 539 1411 759 1418 980 1431 532 1379 289 1366 257 1269 147 1357 574 1425 418 1385 283 1353 309 1330 474 1314 613
img20991.jpg 1424 911 1412 745 1438 540 1425 543 1409 761 1422 982 1428 540 1377 294 1361 261 1265 152 1352 578 1418 417 1377 284 1351 310 1332 473 1313 614
img20992.jpg 1428 912 1411 747 1434 543 1421 547 1405 760 1424 981 1427 543 1373 295 1357 263 1259 157 1349 581 1413 417 1373 288 1351 311 1332 473 1309 614
img20993.jpg 1433 913 1412 749 1431 546 1419 549 1398 760 1422 966 1425 546 1370 299 1351 268 1252 163 1336 582 1406 419 1370 290 1351 311 1332 472 1305 612
img20994.jpg 1431 914 1411 751 1432 547 1417 553 1388 761 1418 952 1423 547 1366 300 1345 270 1243 170 1319 588 1396 429 1363 294 1351 312 1333 472 1300 611
img20995.jpg 1429 913 1409 751 1433 545 1418 555 1378 760 1413 944 1424 549 1360 302 1339 275 1234 178 1308 585 1386 436 1357 296 1348 313 1333 472 1295 608
img20996.jpg 1421 911 1403 749 1433 548 1421 557 1370 756 1407 933 1424 548 1355 305 1332 279 1222 187 1301 586 1375 449 1349 302 1346 314 1332 473 1288 606
img20997.jpg 1415 909 1400 747 1434 548 1426 557 1361 754 1400 923 1426 545 1350 311 1324 288 1212 198 1294 588 1361 460 1341 305 1341 319 1330 475 1282 607
img20998.jpg 1409 904 1397 743 1437 546 1428 557 1358 750 1398 924 1431 543 1342 316 1317 296 1199 212 1295 593 1355 466 1333 310 1336 324 1328 478 1277 607
img20999.jpg 1407 902 1395 742 1437 545 1434 554 1360 746 1393 925 1434 543 1333 322 1308 305 1190 226 1288 598 1348 473 1328 317 1333 328 1325 482 1270 611
img21000.jpg 1403 904 1395 742 1439 546 1439 552 1366 745 1388 924 1436 543 1325 334 1298 314 1176 241 1289 604 1339 483 1320 326 1328 334 1323 489 1263 617
img21001.jpg 1408 907 1397 743 1439 548 1447 548 1371 748 1379 929 1441 543 1315 344 1288 327 1164 257 1287 609 1330 490 1312 333 1323 344 1318 497 1258 624
img21002.jpg 1413 908 1402 743 1443 548 1451 548 1379 751 1371 938 1446 546 1305 354 1278 337 1153 274 1288 616 1323 501 1305 346 1316 351 1313 508 1254 631
img21003.jpg 1410 916 1401 748 1442 553 1460 548 1387 753 1369 938 1450 548 1295 366 1269 350 1142 293 1286 627 1316 514 1295 361 1306 363 1308 519 1248 643
img21004.jpg 1415 912 1411 738 1452 544 1465 550 1395 756 1367 938 1455 550 1286 381 1261 366 1130 317 1295 635 1314 523 1286 376 1292 381 1301 534 1245 657
img21005.jpg 1418 909 1421 731 1462 537 1470 550 1397 757 1366 940 1463 543 1278 394 1254 382 1126 342 1294 647 1314 532 1278 391 1279 398 1290 548 1242 673
img21006.jpg 1420 909 1434 726 1475 532 1473 552 1399 757 1370 934 1466 546 1273 406 1250 397 1118 368 1295 659 1314 539 1273 404 1266 416 1280 564 1237 692
img21007.jpg 1413 908 1443 720 1484 526 1477 553 1398 759 1373 926 1467 547 1266 421 1243 414 1115 396 1291 674 1313 547 1266 414 1259 433 1270 581 1233 711
img21008.jpg 1414 904 1457 711 1498 517 1479 551 1394 762 1371 930 1470 547 1261 436 1238 432 1111 422 1288 687 1312 554 1265 422 1252 450 1260 599 1233 728
img21009.jpg 1408 912 1461 717 1502 523 1478 551 1385 764 1369 931 1471 547 1256 451 1232 447 1109 444 1223 652 1299 573 1260 432 1247 465 1253 616 1233 746
img21010.jpg 1406 918 1464 722 1504 528 1478 553 1379 765 1370 932 1469 556 1250 464 1229 461 1106 468 1171 665 1286 594 1255 443 1243 480 1252 632 1234 760
img21011.jpg 1403 915 1466 723 1506 529 1478 555 1374 768 1363 942 1468 555 1244 481 1225 478 1105 490 1150 695 1272 618 1248 460 1239 497 1252 648 1234 773
img21012.jpg 1401 917 1467 731 1507 537 1476 556 1368 767 1361 943 1469 556 1240 493 1221 493 1104 510 1146 708 1256 643 1242 477 1235 510 1253 659 1235 786
img21013.jpg 1401 917 1467 735 1507 542 1474 561 1363 766 1358 944 1469 558 1235 506 1219 506 1103 530 1144 720 1244 664 1233 494 1235 518 1254 668 1233 799
img21014.jpg 1401 920 1466 742 1506 549 1477 563 1360 765 1353 952 1470 560 1232 520 1215 520 1100 546 1201 783 1243 674 1227 510 1231 532 1256 677 1232 808
img21015.jpg 1400 919 1467 748 1506 554 1476 563 1357 767 1348 961 1473 563 1229 535 1210 533 1099 559 1248 797 1243 684 1225 523 1229 545 1253 689 1241 810
img21016.jpg 1398 921 1464 751 1503 558 1475 565 1354 767 1349 964 1477 565 1228 544 1209 544 1099 572 1261 794 1244 690 1223 532 1227 551 1251 699 1242 819
img21017.jpg 1397 919 1464 752 1503 559 1474 568 1353 764 1347 969 1477 566 1226 554 1209 554 1097 585 1257 806 1250 697 1221 545 1226 561 1247 707 1242 829
img21018.jpg 1395 919 1464 757 1503 564 1474 569 1350 764 1344 976 1479 569 1226 562 1207 562 1098 595 1255 817 1250 706 1222 550 1224 571 1246 715 1243 838
img21019.jpg 1394 914 1463 757 1502 564 1471 568 1348 765 1344 978 1480 571 1224 566 1208 571 1099 604 1255 820 1252 710 1222 552 1224 573 1240 725 1243 848
img21020.jpg 1393 910 1462 758 1501 565 1470 569 1346 765 1344 977 1480 569 1222 572 1208 579 1098 612 1257 825 1250 707 1217 560 1222 574 1238 730 1234 865
img21021.jpg 1393 912 1463 760 1502 567 1469 569 1343 765 1344 978 1476 572 1220 581 1206 583 1095 619 1262 823 1247 701 1213 567 1220 579 1234 735 1234 871
img21022.jpg 1394 914 1460 760 1498 568 1468 570 1339 767 1341 980 1475 572 1221 587 1204 589 1095 622 1265 817 1244 695 1211 568 1218 582 1232 743 1235 876
img21023.jpg 1394 913 1459 760 1497 568 1466 570 1337 765 1341 979 1473 570 1220 591 1204 596 1094 627 1264 804 1241 689 1206 575 1215 584 1225 746 1246 861
img21024.jpg 1395 917 1458 762 1496 569 1463 572 1335 763 1342 976 1470 569 1220 600 1201 600 1092 633 1266 795 1239 685 1203 581 1213 593 1224 751 1248 863
img21025.jpg 1395 921 1456 762 1494 569 1464 574 1331 761 1337 974 1468 572 1220 605 1199 602 1090 635 1265 786 1239 685 1204 583 1211 600 1225 750 1249 864
img21026.jpg 1396 918 1455 759 1493 566 1462 576 1329 759 1334 973 1469 571 1222 602 1198 604 1091 638 1263 784 1239 688 1203 588 1210 607 1224 749 1258 847
img21027.jpg 1395 915 1456 758 1493 565 1462 575 1326 758 1332 974 1469 573 1222 603 1198 604 1091 642 1263 786 1239 690 1203 594 1210 608 1223 744 1267 827
img21028.jpg 1398 919 1454 758 1491 566 1462 578 1326 757 1332 973 1467 573 1218 606 1197 604 1092 642 1260 790 1237 689 1202 597 1209 611 1224 745 1267 825
img21029.jpg 1397 916 1452 757 1489 564 1465 579 1324 756 1328 973 1467 574 1217 605 1198 606 1091 642 1261 796 1236 689 1200 603 1210 608 1225 745 1264 829
img21030.jpg 1396 915 1450 758 1487 566 1465 580 1323 756 1329 975 1467 573 1218 605 1198 607 1094 643 1265 798 1236 691 1198 607 1211 607 1225 750 1260 832
img21031.jpg 1396 917 1449 760 1486 568 1466 580 1324 756 1332 976 1466 573 1217 607 1199 610 1094 644 1265 800 1237 691 1199 607 1209 605 1224 753 1246 855
img21032.jpg 1396 922 1450 761 1486 570 1465 584 1324 758 1335 978 1467 574 1214 608 1197 613 1095 643 1263 800 1237 690 1200 606 1207 614 1224 761 1234 878
img21033.jpg 1394 918 1450 760 1487 568 1466 582 1324 760 1339 982 1468 575 1216 607 1199 614 1093 642 1268 800 1242 689 1203 604 1209 613 1223 766 1220 900
img21034.jpg 1394 918 1451 760 1487 568 1463 583 1323 761 1343 984 1468 575 1217 607 1200 614 1094 643 1268 803 1243 690 1205 602 1210 616 1221 767 1219 899
img21035.jpg 1395 917 1452 758 1488 567 1465 581 1324 763 1347 986 1469 576 1217 606 1200 615 1093 644 1268 806 1244 691 1205 603 1210 619 1218 769 1217 899
img21036.jpg 1395 915 1454 757 1490 566 1466 580 1325 762 1346 983 1471 578 1218 605 1199 614 1094 643 1271 808 1245 693 1204 605 1211 623 1219 768 1215 898
img21037.jpg 1395 911 1452 757 1488 565 1466 578 1327 761 1348 981 1471 578 1220 606 1202 616 1097 643 1278 810 1251 694 1208 606 1215 615 1218 764 1215 899
img21038.jpg 1396 912 1453 758 1489 567 1467 577 1327 761 1345 979 1472 577 1222 607 1204 615 1098 642 1282 813 1253 696 1207 607 1217 617 1220 762 1214 897
img21039.jpg 1396 914 1457 757 1492 566 1470 576 1330 763 1343 979 1472 576 1222 604 1205 611 1099 641 1289 813 1257 696 1207 606 1215 619 1223 758 1215 896
img21040.jpg 1397 916 1458 758 1494 567 1468 575 1333 763 1341 977 1473 575 1224 601 1206 606 1097 636 1293 809 1264 690 1214 598 1217 613 1224 753 1216 890
img21041.jpg 1396 919 1461 758 1496 567 1469 575 1335 766 1340 979 1476 575 1225 595 1207 598 1097 628 1296 804 1268 683 1218 587 1218 610 1225 753 1220 884
img21042.jpg 1395 921 1467 756 1502 565 1470 575 1338 767 1337 978 1480 573 1226 588 1209 588 1094 618 1296 795 1270 673 1219 573 1216 608 1226 747 1223 876
img21043.jpg 1397 921 1470 754 1505 563 1471 578 1343 767 1335 976 1483 573 1228 576 1208 576 1095 605 1300 788 1276 664 1223 561 1215 602 1228 740 1227 868
img21044.jpg 1397 923 1472 752 1507 562 1470 579 1348 768 1335 976 1482 571 1230 564 1210 564 1094 589 1302 778 1280 652 1227 544 1217 591 1230 731 1232 856
img21045.jpg 1396 922 1476 748 1511 558 1472 577 1353 768 1335 973 1481 570 1230 553 1211 553 1096 572 1305 771 1283 643 1228 533 1218 582 1235 721 1238 846
img21046.jpg 1397 920 1475 745 1509 555 1472 577 1355 766 1336 973 1479 567 1231 540 1214 540 1094 557 1308 761 1289 632 1234 517 1219 567 1239 706 1243 835
img21047.jpg 1399 920 1472 742 1507 551 1474 574 1358 769 1339 975 1474 564 1235 524 1215 524 1093 536 1310 752 1293 622 1237 503 1222 548 1242 690 1247 821
img21048.jpg 1399 919 1472 738 1506 548 1475 569 1361 771 1343 978 1470 561 1238 510 1217 510 1091 515 1312 744 1297 612 1240 489 1225 533 1245 676 1253 806
img21049.jpg 1401 919 1471 736 1505 546 1474 566 1362 771 1344 980 1472 559 1240 492 1219 492 1094 492 1310 733 1298 600 1242 472 1229 513 1247 661 1255 791
img21050.jpg 1399 922 1467 733 1501 543 1473 566 1363 771 1345 981 1470 555 1243 476 1222 474 1094 464 1306 721 1300 586 1245 453 1233 494 1247 643 1258 778
img21051.jpg 1401 923 1467 730 1500 540 1470 562 1365 772 1345 981 1470 552 1247 461 1225 456 1099 433 1303 710 1301 576 1247 440 1238 476 1249 629 1258 762
img21052.jpg 1402 924 1457 732 1490 542 1465 560 1365 769 1345 979 1467 552 1250 444 1227 436 1104 401 1296 705 1301 570 1253 429 1240 460 1253 617 1258 748
img21053.jpg 1402 923 1442 735 1475 545 1458 563 1367 765 1343 976 1463 552 1253 428 1229 417 1111 368 1293 694 1297 563 1256 415 1245 441 1255 602 1258 732
img21054.jpg 1402 920 1431 737 1464 547 1454 560 1368 762 1343 973 1456 552 1258 414 1233 397 1122 332 1292 687 1296 557 1261 404 1250 425 1258 586 1260 720
img21055.jpg 1404 920 1422 741 1454 551 1450 556 1366 760 1343 974 1452 553 1266 399 1240 381 1136 302 1289 683 1297 552 1269 393 1254 410 1263 572 1260 705
img21056.jpg 1404 919 1410 745 1443 556 1446 555 1365 757 1344 970 1446 556 1272 387 1245 366 1149 272 1281 681 1296 545 1275 381 1260 396 1266 555 1260 694
img21057.jpg 1402 920 1409 743 1442 554 1441 557 1365 755 1344 971 1441 557 1280 376 1253 352 1168 244 1265 675 1293 539 1280 367 1268 379 1268 541 1262 681
img21058.jpg 1402 922 1410 741 1443 552 1436 556 1362 754 1343 972 1436 555 1290 365 1262 334 1185 222 1233 667 1293 530 1294 353 1272 369 1272 530 1262 670
img21059.jpg 1403 924 1406 741 1441 551 1425 558 1360 755 1344 968 1432 555 1300 354 1269 319 1200 203 1224 663 1304 518 1304 344 1275 360 1275 520 1263 658
img21060.jpg 1404 923 1400 742 1436 553 1413 563 1360 754 1345 967 1423 556 1307 346 1276 305 1216 186 1222 649 1317 495 1310 333 1285 349 1276 509 1263 647
img21061.jpg 1404 922 1395 742 1433 554 1404 564 1357 755 1345 965 1417 558 1316 335 1285 291 1232 172 1226 635 1332 475 1320 323 1294 338 1279 501 1263 636
img21062.jpg 1404 918 1389 743 1430 553 1398 562 1355 755 1346 961 1414 553 1324 326 1292 282 1245 160 1245 618 1352 452 1327 316 1302 335 1283 497 1261 628
img21063.jpg 1402 915 1384 744 1427 551 1393 561 1353 756 1347 961 1412 551 1328 316 1300 275 1256 151 1272 604 1370 429 1328 310 1309 325 1285 489 1260 620
img21064.jpg 1399 915 1381 743 1421 550 1393 556 1349 755 1346 964 1406 550 1334 310 1309 273 1265 142 1280 590 1376 417 1334 304 1318 319 1287 484 1259 612
img21065.jpg 1400 916 1381 740 1418 546 1393 555 1350 756 1350 966 1403 549 1340 304 1315 270 1274 135 1280 583 1376 418 1340 301 1325 317 1290 483 1259 609
img21066.jpg 1396 917 1380 741 1412 543 1393 552 1351 753 1348 968 1399 546 1342 300 1323 268 1281 130 1280 577 1374 417 1345 300 1329 316 1294 478 1259 604
img21067.jpg 1397 917 1381 741 1403 547 1391 553 1353 754 1346 968 1394 547 1343 298 1330 263 1286 126 1275 577 1365 420 1349 295 1334 314 1295 474 1257 598
img21068.jpg 1399 917 1380 739 1396 548 1390 551 1355 751 1345 971 1390 548 1348 297 1336 262 1291 122 1273 578 1356 428 1355 294 1339 312 1298 469 1256 593
img21069.jpg 1401 918 1382 739 1392 546 1388 550 1356 751 1344 972 1388 547 1353 294 1340 259 1292 122 1271 577 1349 428 1356 291 1344 310 1299 464 1254 589
img21070.jpg 1399 913 1383 737 1386 548 1386 548 1357 750 1341 971 1386 545 1354 292 1345 257 1293 122 1272 575 1340 430 1357 289 1348 308 1303 458 1252 583
img21071.jpg 1400 914 1384 733 1384 547 1387 547 1358 750 1342 972 1384 544 1359 293 1349 254 1294 120 1273 572 1332 431 1358 287 1352 306 1304 457 1249 579
img21072.jpg 1400 915 1384 733 1381 546 1387 546 1359 749 1345 967 1384 546 1362 292 1352 253 1292 120 1274 569 1330 433 1359 285 1359 301 1308 454 1250 575
img21073.jpg 1400 916 1387 734 1381 537 1388 537 1359 750 1346 965 1387 537 1365 292 1356 254 1289 123 1274 567 1331 433 1362 286 1362 302 1311 455 1250 572
img21074.jpg 1400 914 1388 737 1382 538 1388 541 1360 749 1353 956 1387 538 1366 293 1356 255 1291 125 1274 567 1329 437 1366 284 1366 299 1313 454 1251 572
img21075.jpg 1401 916 1386 736 1380 538 1389 541 1359 751 1355 948 1389 538 1368 294 1359 254 1289 126 1268 568 1327 438 1368 282 1368 297 1313 456 1252 572
img21076.jpg 1402 915 1387 736 1379 540 1387 543 1358 754 1360 942 1390 540 1369 294 1358 255 1286 130 1265 568 1326 441 1367 282 1369 297 1313 457 1254 570
img21077.jpg 1402 912 1387 736 1378 540 1387 543 1357 754 1363 942 1390 540 1372 293 1357 257 1286 135 1264 568 1326 444 1366 284 1369 299 1312 459 1253 570
img21078.jpg 1401 911 1386 740 1374 548 1386 554 1356 755 1368 932 1383 551 1371 295 1356 256 1285 135 1264 570 1325 444 1362 283 1371 298 1312 460 1253 572
img21079.jpg 1400 911 1386 740 1371 549 1386 554 1356 755 1365 934 1380 554 1371 296 1356 254 1283 136 1264 569 1326 444 1362 284 1371 299 1312 460 1253 572
img21080.jpg 1400 911 1385 743 1374 549 1382 555 1355 755 1364 940 1376 552 1370 295 1355 257 1281 140 1269 569 1330 444 1362 287 1370 302 1311 459 1254 573
img21081.jpg 1401 912 1386 743 1378 547 1380 556 1356 750 1362 939 1377 549 1371 296 1356 257 1279 143 1270 566 1331 444 1365 287 1368 305 1309 460 1255 574
img21082.jpg 1403 913 1385 745 1379 547 1379 556 1355 749 1361 937 1376 550 1370 297 1355 258 1278 145 1272 567 1330 445 1367 285 1367 303 1308 461 1254 577
img21083.jpg 1404 914 1386 745 1383 549 1376 552 1356 746 1362 938 1377 545 1368 297 1353 261 1275 147 1276 565 1331 447 1371 285 1362 303 1305 462 1254 578
img21084.jpg 1404 914 1386 746 1386 550 1374 550 1356 745 1362 935 1380 541 1365 298 1350 262 1272 151 1279 567 1332 450 1371 286 1356 304 1302 463 1254 580
img21085.jpg 1406 913 1388 749 1388 550 1379 550 1357 745 1360 934 1381 544 1363 300 1348 264 1267 153 1281 571 1333 453 1369 286 1351 303 1300 465 1253 583
img21086.jpg 1406 913 1388 749 1388 549 1382 546 1358 748 1357 941 1382 544 1361 300 1343 267 1264 156 1282 574 1337 450 1367 285 1349 300 1300 465 1253 586
img21087.jpg 1404 913 1389 748 1392 545 1382 545 1361 748 1355 943 1382 539 1358 301 1340 268 1257 158 1282 576 1344 445 1364 286 1343 304 1297 466 1254 587
img21088.jpg 1404 913 1388 746 1391 541 1385 544 1360 753 1348 953 1385 539 1354 302 1336 268 1247 161 1275 576 1348 439 1357 287 1339 305 1296 465 1253 588
img21089.jpg 1403 914 1391 742 1394 539 1388 542 1360 754 1345 964 1385 539 1351 302 1329 271 1234 163 1270 579 1352 434 1351 289 1335 308 1295 465 1252 591
img21090.jpg 1403 918 1394 740 1400 538 1388 541 1363 755 1345 964 1391 538 1345 302 1323 271 1225 167 1266 577 1357 425 1345 289 1329 308 1292 468 1256 593
img21091.jpg 1403 919 1397 744 1406 540 1388 543 1366 757 1345 967 1394 540 1336 305 1317 274 1211 176 1262 582 1359 421 1336 295 1320 314 1290 473 1256 598
img21092.jpg 1405 918 1405 744 1414 543 1393 545 1369 754 1345 966 1399 545 1328 308 1308 278 1195 188 1252 582 1362 417 1331 299 1311 319 1287 477 1256 604
img21093.jpg 1404 919 1406 746 1418 546 1395 551 1375 753 1349 957 1404 549 1322 311 1299 285 1182 202 1254 590 1369 415 1324 303 1302 328 1281 486 1261 611
img21094.jpg 1405 917 1410 747 1425 548 1405 553 1379 754 1353 949 1410 550 1313 319 1291 292 1171 218 1260 602 1375 414 1316 310 1294 332 1276 493 1265 619
img21095.jpg 1404 913 1412 747 1427 552 1413 554 1381 754 1356 948 1416 551 1307 327 1282 304 1157 236 1261 618 1379 419 1307 322 1288 341 1274 500 1265 629
img21096.jpg 1406 913 1414 747 1429 552 1421 554 1383 755 1358 942 1420 552 1301 336 1273 319 1143 254 1263 630 1385 421 1301 330 1282 349 1270 507 1268 640
img21097.jpg 1404 915 1413 748 1427 555 1427 555 1384 756 1362 941 1427 552 1294 346 1265 332 1132 275 1268 648 1389 425 1291 343 1277 357 1268 516 1271 649
img21098.jpg 1407 916 1415 746 1430 555 1438 552 1384 760 1360 946 1432 552 1286 358 1257 343 1124 296 1268 659 1389 427 1283 355 1271 367 1268 523 1282 653
img21099.jpg 1408 918 1414 747 1428 556 1442 553 1385 761 1360 950 1436 553 1280 368 1251 359 1115 322 1264 668 1387 428 1274 368 1266 379 1280 530 1294 655
img21100.jpg 1409 921 1412 751 1425 555 1447 555 1384 763 1358 951 1439 555 1272 379 1242 373 1108 346 1312 631 1386 427 1270 377 1259 393 1278 543 1295 666
img21101.jpg 1407 922 1412 749 1423 558 1452 553 1385 763 1357 956 1442 553 1264 393 1237 385 1105 369 1361 591 1381 429 1261 391 1253 407 1275 555 1294 675
img21102.jpg 1406 923 1411 751 1429 544 1456 546 1383 767 1357 954 1445 541 1257 407 1230 400 1101 391 1412 525 1377 419 1256 400 1248 421 1275 568 1292 688
img21103.jpg 1407 921 1412 751 1440 536 1458 544 1383 767 1355 960 1448 539 1250 421 1227 416 1096 413 1458 460 1372 412 1253 413 1245 433 1272 585 1279 709
img21104.jpg 1405 922 1412 748 1454 533 1460 545 1380 769 1346 965 1450 537 1242 434 1222 431 1096 436 1497 388 1363 404 1247 422 1242 444 1257 603 1266 730
img21105.jpg 1405 919 1412 746 1460 513 1464 544 1377 769 1344 968 1453 537 1236 447 1219 444 1093 454 1477 348 1350 393 1242 434 1239 457 1254 616 1264 746
img21106.jpg 1406 919 1410 747 1463 515 1466 549 1368 769 1343 970 1455 541 1233 461 1215 461 1092 473 1468 330 1344 393 1238 446 1235 471 1253 632 1260 759
img21107.jpg 1405 919 1407 745 1468 526 1466 555 1364 768 1337 982 1455 553 1230 474 1213 477 1091 489 1420 422 1318 449 1233 459 1233 484 1253 646 1258 775
img21108.jpg 1401 917 1386 718 1469 535 1464 558 1356 767 1334 980 1457 558 1228 489 1211 488 1092 508 1374 515 1293 504 1228 471 1230 499 1256 658 1256 790
img21109.jpg 1401 917 1364 696 1468 539 1465 561 1349 766 1339 979 1460 563 1229 504 1208 502 1090 522 1326 612 1273 562 1224 486 1229 514 1260 664 1260 792
img21110.jpg 1397 915 1343 673 1474 562 1466 567 1344 765 1336 979 1458 567 1227 517 1207 514 1090 540 1294 724 1258 627 1222 499 1227 529 1265 670 1266 794
img21111.jpg 1395 914 1321 655 1484 560 1469 571 1341 763 1329 976 1459 568 1225 530 1205 527 1088 555 1259 815 1241 680 1218 514 1225 540 1270 672 1272 794
img21112.jpg 1394 914 1302 636 1484 564 1471 574 1338 762 1328 975 1461 572 1224 543 1206 541 1088 572 1264 816 1243 687 1214 530 1221 554 1271 680 1270 804
img21113.jpg 1394 916 1300 647 1485 566 1475 581 1336 759 1324 972 1460 573 1221 553 1204 556 1087 586 1268 814 1245 692 1211 545 1219 566 1272 687 1267 814
img21114.jpg 1393 914 1289 671 1483 567 1475 583 1334 757 1322 971 1461 575 1219 560 1204 562 1087 599 1277 808 1247 692 1211 557 1216 575 1270 697 1257 836
img21115.jpg 1394 916 1287 680 1484 568 1472 581 1329 756 1321 969 1462 576 1217 571 1204 574 1087 611 1280 799 1247 692 1207 571 1214 584 1261 711 1245 856
img21116.jpg 1394 914 1287 687 1483 568 1471 580 1326 757 1322 969 1463 578 1217 578 1202 580 1090 620 1276 788 1246 687 1207 578 1214 593 1252 725 1244 855
img21117.jpg 1394 914 1286 689 1485 569 1470 584 1322 759 1318 969 1463 579 1216 584 1202 587 1088 626 1270 785 1247 685 1207 584 1214 599 1242 733 1239 862
img21118.jpg 1392 913 1301 705 1483 570 1466 585 1321 760 1323 969 1464 580 1217 590 1202 592 1089 631 1266 779 1247 683 1205 590 1212 607 1234 744 1234 869
img21119.jpg 1390 913 1310 696 1486 570 1464 587 1320 762 1326 969 1464 580 1216 597 1200 600 1089 634 1262 774 1247 681 1203 592 1211 619 1226 754 1233 873
img21120.jpg 1389 913 1310 701 1487 569 1465 591 1320 763 1329 969 1465 581 1214 601 1199 603 1091 637 1261 770 1247 680 1202 593 1209 620 1224 758 1231 876
img21121.jpg 1389 912 1310 703 1487 570 1462 592 1320 763 1333 967 1463 583 1214 605 1202 607 1091 642 1261 772 1248 682 1202 597 1209 622 1224 765 1219 900
img21122.jpg 1390 914 1298 724 1487 574 1460 591 1319 764 1338 966 1463 584 1212 606 1200 610 1091 644 1261 771 1245 684 1200 598 1210 627 1229 775 1217 900
img21123.jpg 1391 916 1281 716 1488 576 1459 589 1317 767 1341 967 1463 584 1213 608 1199 610 1091 644 1258 774 1243 688 1201 601 1211 629 1227 775 1218 899
img21124.jpg 1402 921 1281 722 1485 578 1461 588 1314 766 1342 963 1461 585 1215 607 1198 612 1090 646 1261 779 1243 693 1201 605 1210 628 1227 775 1217 899
img21125.jpg 1404 919 1279 722 1483 577 1461 587 1312 765 1344 966 1458 585 1216 607 1199 612 1091 645 1271 782 1244 694 1201 609 1211 628 1228 774 1216 898
img21126.jpg 1413 922 1281 729 1485 578 1461 588 1310 765 1346 969 1461 585 1216 605 1197 610 1092 646 1282 782 1247 689 1204 605 1209 633 1226 774 1216 898
img21127.jpg 1412 921 1291 721 1484 577 1464 589 1308 765 1345 972 1462 587 1218 606 1196 609 1094 645 1289 788 1245 690 1206 606 1208 628 1221 767 1218 899
img21128.jpg 1408 915 1290 721 1483 575 1466 593 1307 763 1345 973 1463 588 1218 608 1198 610 1095 645 1302 795 1244 688 1206 605 1208 620 1221 768 1218 899
img21129.jpg 1397 909 1288 720 1484 576 1467 594 1308 765 1344 980 1467 589 1219 609 1199 609 1097 643 1323 795 1244 687 1206 604 1209 616 1221 770 1219 899
img21130.jpg 1395 908 1291 720 1486 580 1466 595 1308 765 1342 979 1468 590 1221 610 1201 610 1096 642 1346 794 1248 686 1211 600 1211 617 1221 770 1221 897
img21131.jpg 1385 904 1289 715 1488 580 1468 595 1309 766 1339 977 1470 590 1221 610 1204 610 1096 640 1360 799 1244 690 1209 602 1211 615 1221 768 1221 896
img21132.jpg 1384 901 1291 706 1489 577 1466 594 1311 766 1338 977 1469 587 1221 607 1206 607 1097 636 1377 796 1242 685 1211 599 1214 609 1221 764 1221 891
img21133.jpg 1388 904 1295 701 1491 576 1467 591 1314 767 1338 978 1469 586 1222 599 1205 599 1097 630 1380 793 1238 670 1217 589 1214 611 1222 758 1222 885
img21134.jpg 1389 906 1298 685 1492 575 1465 589 1318 766 1338 978 1467 582 1222 595 1208 595 1097 621 1361 795 1225 650 1219 578 1215 609 1222 752 1222 876
img21135.jpg 1392 908 1316 694 1494 571 1465 585 1324 765 1345 977 1469 580 1224 586 1208 583 1098 610 1334 800 1212 627 1222 566 1215 605 1227 743 1224 867
img21136.jpg 1393 912 1333 701 1494 569 1463 583 1330 764 1348 979 1468 578 1226 574 1207 571 1098 595 1308 803 1203 602 1224 554 1217 593 1229 733 1226 856
img21137.jpg 1395 912 1336 690 1496 569 1464 578 1337 762 1347 977 1468 576 1228 561 1209 558 1098 580 1286 800 1197 578 1226 541 1219 583 1231 723 1228 845
img21138.jpg 1395 916 1351 705 1496 565 1465 576 1342 762 1345 975 1468 570 1231 550 1211 545 1098 563 1272 796 1196 563 1226 530 1221 565 1234 709 1231 832
img21139.jpg 1395 916 1356 710 1497 563 1467 571 1348 762 1340 975 1467 567 1233 533 1212 528 1097 546 1263 792 1199 549 1229 520 1225 541 1233 694 1233 822
img21140.jpg 1392 922 1379 753 1496 558 1470 571 1353 766 1340 974 1470 558 1236 519 1210 506 1093 519 1262 779 1206 537 1236 493 1223 519 1236 675 1236 805
