ResultRaw1 ResultRaw2 ResultRaw3 ResultRaw4 ResultRaw5 ResultRaw6 ResultRaw7 ResultRaw8 ResultRaw9 ResultRaw10 ResultRaw11 ResultRaw12 ResultRaw13 ResultRaw14 ResultRaw15 ResultRaw16 ResultRaw17 ResultRaw18 ResultRaw19 ResultRaw20 ResultRaw21 ResultRaw22 ResultRaw23 ResultRaw24 ResultRaw25 ResultRaw26 ResultRaw27 ResultRaw28 ResultRaw29 ResultRaw30 ResultRaw31 ResultRaw32 ResultRaw33
img07861.jpg 1595 848 1533 676 1548 488 1611 504 1611 676 1626 879 1579 488 1595 238 1595 191 1564 50 1454 488 1517 378 1533 238 1673 238 1673 394 1642 519
img07862.jpg 1591 845 1539 679 1544 485 1606 501 1606 674 1622 877 1575 485 1601 235 1591 194 1560 52 1460 485 1518 376 1539 235 1669 241 1674 392 1638 517
img07863.jpg 1591 843 1541 678 1541 484 1607 500 1603 675 1622 874 1572 484 1600 235 1591 194 1557 54 1463 484 1516 375 1538 235 1669 241 1672 394 1635 516
img07864.jpg 1588 840 1545 677 1538 483 1607 496 1601 674 1620 872 1570 483 1601 236 1592 195 1554 57 1466 483 1516 377 1538 236 1670 242 1670 392 1632 515
img07865.jpg 1588 842 1545 680 1538 483 1607 496 1601 677 1619 870 1570 483 1601 234 1591 196 1554 59 1467 483 1517 377 1538 237 1669 243 1669 393 1629 515
img07866.jpg 1587 842 1543 678 1537 483 1608 495 1599 678 1618 871 1568 483 1599 235 1590 195 1552 61 1469 483 1515 378 1537 238 1670 241 1667 393 1627 514
img07867.jpg 1588 843 1541 679 1535 484 1610 493 1597 679 1619 871 1566 484 1597 236 1591 195 1551 62 1470 484 1517 378 1535 236 1672 242 1665 393 1622 515
img07868.jpg 1583 844 1534 674 1537 486 1608 495 1598 677 1617 872 1568 486 1598 236 1589 192 1552 63 1472 486 1518 378 1537 236 1673 239 1663 393 1620 514
img07869.jpg 1581 844 1522 672 1537 485 1605 500 1602 678 1618 875 1568 488 1599 236 1587 192 1553 60 1473 488 1519 374 1537 232 1670 239 1663 395 1617 512
img07870.jpg 1574 835 1509 665 1537 483 1607 499 1601 674 1617 875 1567 486 1598 236 1586 193 1552 60 1478 486 1521 372 1537 230 1669 239 1663 397 1617 511
img07871.jpg 1570 826 1492 657 1539 483 1607 498 1604 676 1620 872 1570 486 1598 237 1589 193 1551 59 1479 486 1523 370 1539 230 1666 240 1660 399 1614 514
img07872.jpg 1559 810 1474 650 1540 480 1610 499 1606 679 1619 874 1572 487 1600 235 1588 191 1549 59 1483 483 1528 370 1540 232 1666 241 1660 399 1616 515
img07873.jpg 1551 792 1456 644 1542 475 1609 495 1606 679 1618 875 1571 485 1599 235 1587 194 1548 57 1485 479 1532 368 1539 232 1662 244 1659 400 1615 517
img07874.jpg 1540 773 1442 633 1543 476 1607 492 1601 677 1620 875 1572 483 1598 234 1585 196 1546 59 1486 473 1540 365 1540 231 1662 244 1658 400 1614 521
img07875.jpg 1530 760 1426 620 1543 476 1604 492 1601 683 1620 875 1572 483 1597 237 1585 196 1543 59 1489 464 1546 362 1540 231 1658 243 1655 400 1614 521
img07876.jpg 1514 748 1414 609 1539 476 1599 492 1599 684 1619 878 1568 482 1596 236 1581 198 1542 59 1490 453 1549 360 1539 230 1657 245 1653 401 1615 520
img07877.jpg 1498 741 1402 598 1538 473 1594 492 1597 685 1619 878 1566 479 1591 237 1579 199 1541 59 1492 445 1551 355 1538 227 1651 243 1651 402 1616 520
img07878.jpg 1478 740 1395 589 1533 475 1592 494 1598 688 1620 876 1564 478 1589 238 1576 198 1539 60 1497 438 1549 355 1536 229 1647 241 1647 402 1616 522
img07879.jpg 1455 743 1388 584 1529 474 1590 492 1596 691 1617 874 1559 480 1584 238 1575 195 1535 60 1499 430 1544 357 1532 232 1642 241 1645 403 1617 519
img07880.jpg 1428 747 1386 583 1525 471 1586 492 1595 690 1617 875 1556 480 1577 237 1568 195 1531 61 1491 427 1538 359 1528 234 1638 240 1644 401 1617 523
img07881.jpg 1404 754 1382 586 1523 471 1584 492 1593 687 1617 876 1553 483 1572 239 1563 193 1526 62 1490 429 1535 361 1523 236 1633 239 1642 401 1614 522
img07882.jpg 1379 765 1379 592 1518 472 1580 494 1592 688 1617 875 1549 484 1567 241 1555 195 1521 65 1483 435 1527 364 1515 238 1629 241 1638 401 1611 525
img07883.jpg 1356 774 1375 599 1512 475 1575 496 1587 686 1619 876 1544 487 1562 241 1550 197 1516 67 1471 444 1519 369 1509 241 1625 244 1634 400 1609 524
img07884.jpg 1338 784 1373 611 1506 479 1569 501 1588 689 1619 875 1537 488 1556 242 1544 202 1512 66 1460 454 1509 372 1502 243 1619 246 1628 400 1606 526
img07885.jpg 1323 795 1368 623 1499 484 1563 504 1583 689 1621 875 1531 491 1550 244 1538 206 1506 71 1452 466 1499 375 1493 244 1615 247 1621 404 1602 529
img07886.jpg 1311 806 1366 633 1491 489 1558 508 1578 694 1619 874 1523 495 1542 248 1530 210 1501 72 1440 478 1488 379 1481 248 1610 248 1613 409 1597 533
img07887.jpg 1302 818 1363 644 1482 496 1550 512 1573 695 1618 873 1515 502 1534 251 1521 212 1492 74 1427 486 1476 386 1473 254 1601 251 1608 409 1592 534
img07888.jpg 1298 830 1359 655 1476 497 1544 513 1570 700 1615 875 1508 507 1521 255 1512 216 1482 80 1418 490 1466 390 1460 255 1589 252 1599 413 1582 536
img07889.jpg 1296 842 1356 664 1468 501 1535 517 1561 699 1615 878 1500 511 1510 258 1500 217 1471 86 1404 498 1455 395 1449 258 1580 255 1589 415 1573 539
img07890.jpg 1299 855 1356 673 1455 503 1525 523 1554 698 1612 877 1490 516 1497 261 1487 219 1458 88 1391 503 1445 401 1436 264 1567 257 1580 417 1563 538
img07891.jpg 1301 870 1352 682 1446 508 1513 527 1549 698 1611 876 1481 518 1484 262 1475 220 1446 94 1371 504 1433 404 1423 265 1552 262 1568 417 1555 540
img07892.jpg 1302 879 1350 690 1433 510 1501 529 1539 696 1610 876 1469 520 1469 263 1459 221 1430 96 1353 503 1421 404 1408 269 1536 263 1555 420 1543 542
img07893.jpg 1302 889 1349 697 1419 516 1489 535 1531 694 1610 872 1455 522 1451 267 1439 222 1413 98 1333 503 1403 407 1391 273 1521 264 1543 420 1534 544
img07894.jpg 1301 897 1342 705 1403 516 1477 536 1522 695 1607 871 1442 526 1436 267 1420 222 1394 98 1311 500 1388 408 1372 276 1503 264 1528 420 1522 545
img07895.jpg 1299 898 1334 711 1391 520 1461 533 1509 698 1607 870 1426 527 1417 269 1401 222 1379 98 1286 498 1369 409 1356 275 1484 263 1512 415 1509 542
img07896.jpg 1296 897 1327 711 1375 518 1444 531 1491 698 1602 866 1409 524 1397 268 1381 221 1359 95 1267 492 1349 411 1340 278 1466 259 1494 410 1491 537
img07897.jpg 1295 900 1320 714 1361 518 1428 527 1472 701 1595 856 1393 521 1380 269 1365 221 1339 92 1245 486 1330 411 1324 275 1450 256 1475 404 1475 530
img07898.jpg 1294 901 1313 714 1348 514 1412 524 1449 705 1583 844 1380 517 1367 263 1351 216 1323 89 1221 479 1316 406 1310 273 1434 254 1459 400 1456 527
img07899.jpg 1294 900 1310 712 1335 511 1396 521 1424 709 1568 827 1364 511 1351 263 1335 216 1307 89 1202 470 1297 407 1294 273 1421 251 1443 394 1437 521
img07900.jpg 1293 900 1308 709 1324 509 1385 518 1398 710 1547 808 1353 509 1337 260 1321 213 1289 85 1184 461 1280 404 1280 273 1411 247 1429 391 1420 518
img07901.jpg 1292 898 1307 708 1316 511 1374 514 1367 712 1491 820 1342 508 1326 257 1310 213 1275 85 1167 454 1265 400 1269 270 1399 247 1418 390 1402 518
img07902.jpg 1293 893 1305 702 1305 511 1365 514 1343 712 1435 836 1333 508 1314 253 1298 209 1266 84 1152 444 1250 396 1257 269 1388 243 1410 390 1388 517
img07903.jpg 1293 886 1301 695 1295 511 1355 511 1317 707 1384 856 1323 507 1304 254 1288 210 1257 80 1137 438 1235 397 1247 270 1377 242 1399 387 1374 514
img07904.jpg 1294 881 1299 689 1289 510 1350 507 1295 700 1337 881 1315 510 1299 250 1279 209 1247 77 1122 430 1221 395 1241 266 1366 241 1392 385 1363 510
img07905.jpg 1292 875 1292 682 1279 505 1336 505 1275 697 1295 907 1304 505 1291 247 1272 209 1240 78 1106 423 1208 394 1231 266 1358 241 1387 384 1349 511
img07906.jpg 1292 872 1288 678 1269 499 1330 502 1259 693 1294 910 1297 506 1285 248 1266 207 1234 76 1091 413 1196 391 1221 267 1348 239 1380 382 1339 508
img07907.jpg 1289 874 1283 678 1262 496 1320 499 1243 691 1294 912 1291 503 1278 250 1259 208 1227 77 1076 410 1182 391 1214 269 1342 240 1374 381 1329 505
img07908.jpg 1288 875 1279 679 1255 492 1307 499 1226 693 1290 916 1284 502 1271 249 1252 207 1219 77 1064 401 1167 389 1207 268 1336 240 1368 382 1320 508
img07909.jpg 1285 879 1274 682 1247 490 1295 500 1211 697 1288 915 1279 500 1260 252 1247 207 1215 78 1053 397 1153 384 1199 271 1331 239 1360 384 1311 513
img07910.jpg 1285 886 1271 688 1242 496 1285 503 1201 703 1287 914 1272 506 1255 255 1242 207 1207 75 1043 390 1139 381 1191 271 1323 239 1352 387 1307 513
img07911.jpg 1285 892 1267 693 1233 500 1272 510 1194 708 1274 914 1262 510 1246 257 1236 208 1200 75 1032 386 1126 380 1185 273 1317 241 1343 393 1301 516
img07912.jpg 1286 895 1263 700 1221 501 1261 514 1189 713 1253 922 1251 514 1238 256 1228 207 1195 74 1019 380 1114 377 1176 273 1310 243 1336 397 1297 524
img07913.jpg 1288 901 1258 707 1212 510 1255 520 1189 720 1234 928 1241 520 1228 256 1222 211 1192 76 1008 378 1103 371 1169 273 1304 247 1327 401 1291 530
img07914.jpg 1289 905 1252 716 1205 520 1246 527 1189 726 1211 939 1232 527 1225 258 1215 212 1186 76 993 377 1092 370 1159 271 1298 252 1318 408 1285 534
img07915.jpg 1289 904 1244 722 1194 524 1243 531 1190 729 1190 947 1223 531 1217 259 1207 213 1183 77 979 378 1081 368 1151 272 1293 256 1309 414 1279 540
img07916.jpg 1288 907 1239 731 1185 532 1235 535 1188 734 1175 957 1215 535 1212 259 1199 216 1178 77 967 382 1069 365 1142 272 1285 263 1301 418 1275 548
img07917.jpg 1288 908 1229 732 1182 540 1228 540 1185 739 1171 958 1208 540 1205 260 1195 220 1171 77 956 386 1059 363 1135 270 1281 267 1291 426 1268 553
img07918.jpg 1287 908 1221 735 1174 539 1221 542 1181 741 1171 958 1201 542 1201 263 1187 220 1164 77 945 389 1048 362 1128 270 1274 270 1284 432 1264 556
img07919.jpg 1284 904 1208 733 1162 539 1211 542 1175 743 1168 960 1192 542 1192 263 1181 220 1158 78 935 391 1037 361 1122 269 1267 269 1277 437 1257 559
img07920.jpg 1280 902 1199 734 1155 539 1203 546 1169 747 1166 966 1183 546 1186 263 1176 219 1152 78 927 394 1028 360 1115 266 1260 270 1270 438 1250 563
img07921.jpg 1276 896 1188 734 1147 538 1198 548 1164 751 1164 967 1175 548 1178 265 1171 218 1147 79 918 396 1019 359 1107 265 1255 268 1262 440 1242 565
img07922.jpg 1269 890 1175 732 1138 537 1192 551 1161 749 1164 967 1168 548 1171 265 1164 215 1144 81 910 400 1010 359 1098 265 1249 265 1256 440 1235 568
img07923.jpg 1260 886 1161 731 1131 538 1185 552 1158 748 1162 970 1162 545 1165 265 1158 214 1138 79 902 403 1003 359 1091 265 1243 265 1250 440 1226 569
img07924.jpg 1250 885 1154 732 1124 537 1182 554 1158 749 1161 971 1154 543 1158 263 1151 216 1134 75 898 407 997 359 1083 263 1236 267 1247 438 1219 571
img07925.jpg 1243 887 1140 730 1116 539 1175 556 1154 751 1160 969 1150 542 1150 262 1147 218 1126 74 891 409 990 358 1079 262 1232 269 1240 440 1215 573
img07926.jpg 1232 893 1130 726 1113 538 1167 552 1150 746 1163 968 1147 538 1147 262 1140 218 1119 72 888 409 986 358 1075 259 1228 269 1235 440 1211 572
img07927.jpg 1214 901 1121 729 1108 536 1163 550 1149 749 1162 966 1142 539 1142 261 1135 216 1111 68 884 409 984 357 1073 258 1224 271 1231 440 1204 570
img07928.jpg 1205 908 1117 730 1103 538 1158 551 1147 750 1164 959 1137 541 1137 261 1131 218 1107 69 881 410 979 356 1070 255 1221 272 1225 440 1201 571
img07929.jpg 1198 917 1112 734 1102 539 1152 553 1145 751 1165 958 1135 543 1135 261 1125 218 1102 70 877 408 978 355 1068 255 1215 272 1219 442 1195 573
img07930.jpg 1191 922 1112 735 1099 540 1149 550 1146 749 1166 957 1132 543 1132 261 1119 217 1099 69 876 408 977 355 1061 257 1209 271 1216 442 1189 573
img07931.jpg 1183 926 1107 738 1097 538 1147 552 1147 752 1164 958 1127 542 1127 258 1117 217 1097 68 873 410 972 356 1056 258 1205 271 1211 444 1185 572
img07932.jpg 1188 929 1109 741 1096 541 1146 551 1146 752 1163 962 1123 541 1126 261 1113 220 1096 68 872 409 967 355 1051 257 1200 271 1207 443 1184 576
img07933.jpg 1179 932 1104 743 1094 541 1145 548 1145 753 1162 965 1118 541 1125 261 1111 220 1094 66 872 411 967 357 1046 258 1197 271 1206 442 1176 576
img07934.jpg 1175 931 1100 742 1090 541 1141 548 1144 752 1161 966 1114 541 1124 263 1110 219 1093 66 869 413 964 358 1042 260 1195 270 1205 443 1172 576
img07935.jpg 1171 933 1096 743 1087 542 1140 548 1143 749 1160 963 1110 542 1123 268 1110 218 1093 67 869 415 963 361 1043 258 1193 271 1203 445 1167 575
img07936.jpg 1180 930 1099 743 1083 547 1136 550 1142 750 1159 963 1109 547 1122 271 1109 218 1092 68 870 417 963 364 1042 257 1192 271 1202 444 1162 577
img07937.jpg 1176 928 1095 740 1079 546 1131 553 1141 750 1158 961 1108 549 1118 269 1108 217 1089 69 868 421 963 365 1043 259 1191 273 1201 444 1158 576
img07938.jpg 1185 924 1098 739 1075 548 1127 558 1141 752 1157 962 1108 551 1114 268 1108 216 1088 68 868 423 963 367 1042 262 1190 275 1197 446 1157 577
img07939.jpg 1196 920 1103 738 1073 550 1129 557 1139 755 1159 960 1106 553 1113 269 1106 216 1087 67 868 428 964 368 1040 262 1189 275 1192 444 1159 576
img07940.jpg 1195 919 1102 737 1072 550 1124 557 1138 757 1161 960 1105 554 1111 268 1105 216 1082 68 869 432 964 367 1039 265 1187 275 1190 442 1161 576
img07941.jpg 1191 921 1099 738 1069 548 1122 558 1135 754 1161 960 1102 552 1112 267 1102 215 1080 70 867 433 965 368 1037 267 1184 277 1187 444 1161 577
img07942.jpg 1194 921 1099 739 1066 549 1122 559 1135 752 1162 959 1099 552 1112 266 1099 214 1080 72 869 433 965 371 1033 266 1181 276 1187 444 1162 578
img07943.jpg 1191 922 1097 740 1064 546 1123 556 1136 749 1162 956 1097 553 1113 268 1097 215 1077 74 871 435 962 373 1031 268 1179 275 1188 441 1162 576
img07944.jpg 1183 924 1092 740 1063 546 1121 556 1137 746 1160 956 1095 553 1111 269 1095 214 1076 76 873 433 963 372 1031 266 1179 276 1189 443 1160 575
img07945.jpg 1184 925 1094 741 1064 546 1124 559 1140 748 1160 959 1094 556 1110 268 1094 215 1077 77 872 430 965 374 1031 265 1180 275 1186 443 1160 572
img07946.jpg 1180 928 1093 742 1066 545 1126 559 1143 749 1160 959 1093 559 1109 269 1093 216 1076 76 876 429 966 372 1033 266 1179 272 1186 442 1160 572
img07947.jpg 1182 926 1095 740 1068 545 1125 559 1141 750 1158 958 1091 556 1108 271 1095 217 1078 73 876 425 967 371 1034 268 1178 271 1185 442 1158 572
img07948.jpg 1184 925 1096 739 1069 547 1123 560 1140 752 1157 960 1089 554 1106 271 1096 218 1079 73 878 416 968 372 1036 268 1177 271 1183 443 1157 574
img07949.jpg 1187 923 1099 737 1071 544 1122 561 1139 757 1159 961 1091 551 1105 269 1095 218 1081 72 881 409 969 371 1037 269 1173 272 1183 442 1159 575
img07950.jpg 1192 922 1100 737 1068 545 1118 558 1139 759 1158 960 1091 548 1102 270 1095 217 1081 73 884 401 971 368 1038 267 1172 274 1182 441 1158 579
img07951.jpg 1198 919 1102 736 1065 547 1118 557 1138 762 1160 963 1091 547 1101 270 1095 217 1081 72 886 392 972 366 1038 266 1171 276 1184 442 1157 577
img07952.jpg 1201 919 1103 737 1064 548 1116 554 1140 764 1162 964 1093 548 1100 269 1094 217 1080 73 887 381 975 361 1041 266 1172 276 1182 443 1159 577
img07953.jpg 1205 919 1105 738 1064 548 1119 554 1142 764 1164 963 1096 548 1099 268 1093 213 1080 74 887 368 974 358 1041 264 1174 274 1180 442 1161 577
img07954.jpg 1208 921 1106 741 1062 550 1117 556 1143 762 1165 965 1094 550 1098 267 1094 212 1082 74 885 354 972 357 1043 263 1175 273 1178 441 1159 579
img07955.jpg 1213 919 1110 740 1063 548 1118 558 1141 762 1167 966 1096 548 1099 263 1096 212 1083 73 885 334 966 357 1041 263 1173 273 1180 442 1157 577
img07956.jpg 1218 920 1113 741 1064 549 1116 559 1142 762 1164 962 1096 549 1096 265 1096 210 1087 74 883 316 961 355 1041 261 1174 274 1177 443 1158 578
img07957.jpg 1222 921 1116 744 1064 551 1115 561 1141 763 1166 965 1096 551 1096 262 1096 207 1089 73 884 297 954 352 1041 259 1173 275 1176 442 1153 577
img07958.jpg 1223 920 1114 743 1060 550 1111 560 1137 760 1166 964 1092 553 1098 262 1095 210 1092 71 885 281 950 346 1043 255 1173 278 1176 443 1150 576
img07959.jpg 1229 917 1118 741 1061 548 1112 554 1138 760 1164 959 1093 551 1099 261 1096 210 1093 72 884 262 942 339 1042 255 1170 277 1177 445 1148 573
img07960.jpg 1231 917 1118 742 1059 548 1113 554 1139 759 1164 960 1091 554 1100 263 1094 212 1097 71 883 247 937 327 1043 253 1171 279 1174 445 1145 573
img07961.jpg 1230 918 1119 742 1060 547 1114 553 1137 759 1166 962 1092 553 1102 261 1095 212 1099 68 883 232 935 315 1044 251 1169 277 1173 444 1140 573
img07962.jpg 1231 917 1119 741 1059 546 1114 556 1137 759 1166 960 1091 553 1104 262 1098 213 1101 68 882 217 930 304 1043 249 1169 278 1172 443 1140 572
img07963.jpg 1234 920 1122 744 1061 549 1112 559 1138 763 1167 960 1093 553 1103 259 1099 210 1103 68 880 201 928 291 1041 249 1167 278 1170 443 1138 572
img07964.jpg 1221 926 1115 748 1060 551 1111 560 1137 761 1167 961 1092 554 1105 260 1099 208 1105 66 879 189 930 280 1044 247 1167 279 1170 441 1134 573
img07965.jpg 1216 929 1113 749 1061 551 1109 558 1138 762 1164 959 1093 551 1103 257 1100 205 1106 66 880 180 931 270 1045 244 1164 280 1167 441 1132 574
img07966.jpg 1214 927 1110 746 1059 549 1106 559 1138 760 1161 955 1090 552 1103 255 1100 204 1109 67 877 169 931 265 1043 246 1164 281 1167 440 1132 575
img07967.jpg 1213 926 1110 745 1058 549 1106 558 1141 762 1160 956 1090 552 1103 253 1100 202 1112 69 877 164 931 259 1046 243 1163 282 1166 441 1132 574
img07968.jpg 1214 925 1111 743 1059 547 1110 553 1142 760 1161 957 1091 550 1101 255 1098 204 1113 67 878 159 932 254 1047 242 1161 280 1167 439 1129 572
img07969.jpg 1219 923 1116 742 1064 550 1108 556 1141 762 1160 958 1092 553 1099 254 1099 206 1115 71 877 155 932 251 1048 241 1160 280 1163 440 1128 572
img07970.jpg 1229 919 1120 741 1062 550 1107 559 1139 761 1161 959 1094 553 1100 256 1100 208 1116 70 876 150 934 249 1049 243 1158 278 1164 438 1126 572
img07971.jpg 1234 919 1123 742 1062 551 1107 561 1139 762 1162 962 1097 551 1101 257 1101 208 1114 72 877 147 933 247 1052 241 1155 276 1162 438 1123 574
img07972.jpg 1234 921 1124 744 1062 553 1107 559 1137 757 1162 961 1101 553 1101 258 1101 209 1111 73 877 144 932 248 1052 241 1153 274 1159 439 1120 576
img07973.jpg 1232 922 1124 743 1065 554 1104 561 1137 759 1159 961 1101 554 1101 255 1101 210 1111 73 877 142 932 249 1052 242 1153 275 1156 441 1121 577
img07974.jpg 1238 920 1124 744 1060 554 1105 561 1137 760 1163 962 1099 554 1102 256 1102 211 1108 73 880 137 931 249 1053 240 1153 275 1156 439 1121 577
img07975.jpg 1231 920 1120 741 1059 553 1107 559 1139 761 1162 962 1095 556 1101 255 1101 211 1107 73 883 134 928 249 1053 240 1155 275 1155 441 1123 575
img07976.jpg 1231 920 1120 742 1059 555 1107 558 1139 761 1164 964 1091 558 1101 257 1101 213 1110 74 885 131 930 245 1050 242 1158 277 1158 441 1123 574
img07977.jpg 1231 915 1120 736 1060 550 1110 557 1139 761 1161 962 1089 557 1101 258 1098 214 1113 73 888 129 932 243 1048 243 1158 277 1158 440 1123 572
img07978.jpg 1232 913 1120 735 1057 547 1110 553 1139 759 1161 962 1089 556 1101 260 1098 213 1113 73 889 126 933 242 1048 242 1157 276 1157 441 1123 572
img07979.jpg 1230 911 1118 732 1056 544 1110 551 1138 758 1157 962 1088 554 1101 258 1097 214 1116 73 890 126 934 239 1047 243 1157 274 1160 440 1122 573
img07980.jpg 1230 913 1120 733 1058 545 1108 548 1136 757 1155 958 1089 551 1102 257 1096 214 1117 73 889 126 936 238 1046 242 1155 273 1159 438 1121 573
img07981.jpg 1228 911 1118 730 1057 542 1107 548 1136 759 1155 960 1088 551 1101 255 1095 214 1117 72 890 125 937 239 1048 239 1155 271 1158 440 1123 573
img07982.jpg 1224 912 1115 731 1054 541 1104 545 1136 758 1155 960 1086 548 1098 255 1095 214 1114 72 890 123 935 239 1048 239 1155 271 1158 441 1123 576
img07983.jpg 1222 914 1113 732 1053 543 1104 546 1135 761 1157 961 1085 546 1101 255 1094 213 1113 74 891 125 933 238 1046 238 1154 270 1158 441 1126 577
img07984.jpg 1220 911 1112 729 1052 539 1106 545 1134 759 1159 957 1084 542 1099 253 1093 212 1112 74 892 124 933 240 1046 237 1156 272 1156 445 1128 577
img07985.jpg 1218 913 1112 731 1052 540 1106 546 1134 759 1163 962 1084 543 1100 255 1096 213 1109 74 890 121 931 242 1045 238 1157 273 1157 445 1128 578
img07986.jpg 1219 917 1113 734 1054 543 1108 546 1136 758 1165 960 1086 543 1102 258 1098 213 1108 74 889 121 931 241 1044 238 1155 276 1155 444 1127 580
img07987.jpg 1219 918 1114 734 1055 543 1105 549 1134 760 1165 962 1087 546 1102 256 1099 215 1108 73 891 123 932 240 1042 237 1156 278 1156 445 1127 580
img07988.jpg 1217 918 1112 733 1054 541 1104 551 1132 757 1163 961 1085 548 1101 256 1101 216 1110 71 891 125 932 241 1044 237 1157 278 1157 444 1126 579
img07989.jpg 1217 923 1114 737 1055 545 1102 554 1134 758 1165 966 1086 554 1099 259 1099 215 1108 71 892 128 930 237 1042 240 1156 278 1156 444 1127 576
img07990.jpg 1216 923 1113 738 1055 545 1101 557 1133 760 1164 967 1086 554 1095 258 1095 217 1107 73 892 130 930 236 1042 239 1155 279 1155 448 1126 573
img07991.jpg 1212 921 1110 735 1052 542 1098 557 1129 759 1160 963 1083 551 1092 254 1092 214 1107 71 894 130 928 235 1043 238 1154 279 1154 449 1126 570
img07992.jpg 1214 926 1113 739 1055 546 1103 555 1131 759 1162 964 1083 549 1093 254 1093 213 1105 72 892 128 927 235 1043 241 1153 279 1153 449 1124 568
img07993.jpg 1214 929 1113 742 1057 548 1104 557 1132 759 1164 965 1085 548 1091 254 1091 213 1104 71 892 128 927 235 1041 241 1151 279 1151 450 1123 570
img07994.jpg 1212 929 1112 741 1056 547 1107 553 1132 761 1163 964 1084 543 1094 253 1094 212 1103 73 891 126 926 237 1043 240 1150 281 1150 449 1119 572
img07995.jpg 1212 931 1113 743 1057 548 1105 551 1133 763 1164 965 1082 541 1095 253 1095 209 1105 70 892 124 924 237 1044 241 1152 282 1152 447 1120 573
img07996.jpg 1213 935 1114 746 1059 550 1107 550 1136 766 1168 968 1084 544 1094 254 1094 209 1104 71 891 122 924 238 1043 241 1152 283 1152 447 1120 572
img07997.jpg 1207 935 1109 745 1054 549 1105 552 1138 765 1170 968 1086 546 1093 256 1093 210 1105 72 893 124 925 239 1044 239 1154 282 1154 449 1118 571
img07998.jpg 1203 936 1107 746 1052 549 1107 549 1136 766 1168 969 1088 546 1094 255 1094 213 1104 74 894 123 926 239 1045 239 1152 281 1155 449 1116 569
img07999.jpg 1201 939 1105 748 1051 552 1106 555 1135 765 1167 970 1090 548 1093 257 1093 214 1102 72 892 124 927 240 1044 240 1151 279 1155 451 1115 568
img08000.jpg 1199 940 1104 748 1050 551 1105 554 1135 764 1165 967 1092 551 1092 256 1092 217 1102 73 893 125 928 240 1043 240 1148 276 1155 450 1115 571
img08001.jpg 1198 942 1104 750 1050 552 1102 555 1135 765 1165 968 1093 552 1093 258 1093 218 1102 75 893 127 929 242 1044 242 1148 274 1155 448 1116 572
img08002.jpg 1199 941 1105 748 1052 550 1100 556 1133 763 1162 964 1091 550 1094 260 1094 217 1100 72 891 127 929 240 1042 243 1146 276 1152 447 1117 573
img08003.jpg 1197 943 1104 749 1052 551 1100 557 1133 764 1162 962 1091 551 1094 260 1094 214 1100 72 890 127 929 241 1042 244 1149 276 1149 447 1117 573
img08004.jpg 1196 944 1103 750 1051 551 1100 554 1136 765 1161 960 1090 551 1093 259 1093 217 1100 74 892 126 928 240 1042 243 1148 275 1152 447 1119 574
img08005.jpg 1194 940 1103 745 1051 546 1102 552 1134 763 1159 958 1086 546 1092 258 1095 216 1099 73 891 127 926 239 1041 242 1150 277 1150 450 1118 571
img08006.jpg 1193 937 1102 743 1051 543 1105 552 1133 761 1159 957 1086 546 1092 257 1098 219 1098 71 890 128 928 239 1042 242 1149 277 1149 450 1117 571
img08007.jpg 1190 940 1100 744 1049 544 1104 554 1133 761 1158 962 1088 551 1091 257 1097 222 1097 75 890 126 928 241 1043 241 1152 276 1152 451 1119 572
img08008.jpg 1189 939 1100 743 1049 542 1101 555 1133 761 1159 963 1088 552 1091 256 1097 224 1097 73 889 124 927 240 1043 240 1149 275 1155 449 1123 574
img08009.jpg 1187 938 1099 742 1049 541 1100 557 1132 760 1161 964 1084 553 1091 254 1097 222 1100 73 887 123 925 238 1043 238 1151 276 1154 448 1122 575
img08010.jpg 1184 940 1097 742 1047 541 1099 561 1132 758 1164 965 1090 557 1093 256 1096 220 1099 75 885 123 927 240 1044 240 1151 275 1154 447 1122 577
img08011.jpg 1182 942 1095 745 1046 543 1098 559 1130 756 1162 963 1088 556 1094 256 1094 220 1098 75 885 123 927 240 1046 240 1149 275 1156 446 1123 579
img08012.jpg 1182 937 1097 739 1048 536 1099 552 1131 757 1163 959 1086 552 1096 257 1096 219 1099 71 884 126 926 238 1048 238 1147 276 1156 443 1121 578
img08013.jpg 1183 939 1098 741 1050 538 1100 551 1132 755 1163 957 1084 551 1097 258 1097 220 1100 72 883 128 927 239 1047 239 1147 276 1156 443 1119 579
img08014.jpg 1186 939 1102 740 1054 537 1101 550 1132 754 1161 956 1085 546 1098 259 1098 218 1101 77 880 130 928 240 1047 240 1148 275 1157 442 1120 578
img08015.jpg 1179 947 1099 746 1055 543 1101 549 1132 757 1160 957 1082 549 1098 259 1098 219 1101 76 880 132 927 240 1045 240 1148 274 1160 443 1120 577
img08016.jpg 1187 943 1104 744 1056 543 1103 549 1134 759 1162 959 1084 549 1096 261 1096 217 1103 76 880 133 928 239 1043 242 1150 276 1159 442 1118 577
img08017.jpg 1194 947 1108 749 1057 550 1104 553 1135 761 1164 963 1085 550 1094 257 1094 216 1104 78 880 135 928 238 1041 242 1151 276 1157 443 1120 579
img08018.jpg 1196 945 1109 747 1058 551 1106 554 1137 763 1163 963 1087 551 1093 259 1096 214 1102 78 880 132 928 236 1042 243 1153 278 1156 443 1122 576
img08019.jpg 1195 945 1108 747 1056 553 1104 553 1136 763 1165 963 1088 553 1095 260 1098 215 1101 72 882 132 929 237 1041 244 1152 279 1155 441 1120 578
img08020.jpg 1203 938 1112 741 1058 549 1105 552 1137 761 1163 958 1090 552 1093 260 1096 215 1102 73 880 130 928 234 1042 244 1153 279 1153 441 1121 581
img08021.jpg 1193 940 1107 741 1058 548 1105 551 1137 759 1159 955 1086 551 1096 260 1096 216 1102 74 878 127 925 235 1042 241 1153 279 1153 443 1121 579
img08022.jpg 1177 945 1099 743 1056 547 1103 550 1135 755 1157 953 1084 550 1097 260 1097 213 1100 72 877 125 924 235 1043 241 1154 276 1154 443 1122 578
img08023.jpg 1167 947 1094 743 1054 543 1101 549 1132 752 1157 952 1082 549 1098 258 1095 212 1104 71 876 127 923 237 1045 240 1154 274 1154 443 1123 580
img08024.jpg 1165 947 1092 742 1053 540 1100 549 1131 751 1155 950 1081 549 1097 257 1093 210 1103 71 876 126 923 235 1047 238 1155 273 1155 443 1124 577
img08025.jpg 1157 954 1089 748 1053 540 1100 549 1131 751 1156 954 1081 549 1097 256 1093 210 1103 70 876 129 922 238 1047 238 1156 272 1156 443 1125 577
img08026.jpg 1152 958 1087 750 1052 538 1099 551 1131 754 1159 957 1084 551 1093 257 1093 210 1103 72 877 129 924 238 1046 241 1156 273 1156 442 1124 576
img08027.jpg 1153 958 1088 750 1054 535 1101 551 1132 755 1161 959 1085 551 1094 258 1091 212 1104 76 878 130 925 240 1044 243 1154 274 1154 444 1123 576
img08028.jpg 1154 958 1089 750 1053 536 1101 552 1132 756 1161 961 1085 552 1094 258 1091 211 1104 76 877 129 924 240 1044 243 1154 274 1154 445 1123 574
img08029.jpg 1149 964 1087 755 1054 538 1101 550 1132 758 1161 959 1085 550 1095 258 1091 211 1104 76 878 129 925 239 1044 242 1154 274 1154 444 1123 576
img08030.jpg 1150 964 1087 755 1053 538 1100 551 1131 755 1162 956 1084 548 1097 257 1090 210 1103 75 877 128 924 238 1043 241 1156 276 1156 442 1125 573
img08031.jpg 1153 964 1089 755 1053 540 1100 550 1131 755 1159 951 1084 546 1097 254 1091 207 1103 71 876 130 923 242 1044 239 1156 273 1156 444 1128 575
img08032.jpg 1156 967 1091 758 1053 544 1100 550 1131 755 1159 950 1084 547 1094 253 1091 206 1100 67 877 132 920 244 1044 238 1156 272 1159 442 1131 572
img08033.jpg 1160 968 1093 759 1054 546 1101 552 1132 754 1160 950 1086 546 1095 253 1092 207 1098 67 881 135 921 247 1042 238 1157 272 1160 443 1132 570
img08034.jpg 1163 964 1094 756 1054 543 1101 552 1132 752 1160 952 1085 546 1095 252 1092 209 1101 68 882 143 920 253 1042 240 1157 275 1160 443 1132 571
img08035.jpg 1165 963 1096 755 1054 543 1101 553 1133 754 1161 957 1085 546 1095 253 1095 209 1101 67 887 152 921 260 1044 241 1158 272 1161 446 1133 572
img08036.jpg 1168 962 1097 754 1054 543 1101 553 1133 755 1165 961 1085 547 1098 256 1098 211 1101 66 889 164 924 265 1044 243 1161 275 1165 442 1133 572
img08037.jpg 1168 957 1096 750 1051 540 1102 553 1133 756 1165 963 1086 546 1099 257 1099 213 1105 66 892 178 927 273 1045 244 1162 276 1162 441 1130 575
img08038.jpg 1170 955 1096 748 1050 543 1101 552 1132 757 1167 963 1088 549 1098 259 1098 215 1104 69 892 192 930 284 1047 246 1161 278 1161 442 1129 578
img08039.jpg 1178 955 1100 749 1050 549 1101 555 1133 760 1168 966 1089 552 1098 261 1098 214 1101 68 893 208 934 296 1047 246 1161 277 1161 444 1130 577
img08040.jpg 1186 950 1104 746 1050 549 1101 556 1133 761 1168 967 1088 556 1101 265 1098 217 1101 71 892 224 940 306 1047 249 1161 280 1158 445 1126 578
img08041.jpg 1190 946 1105 743 1049 550 1103 556 1132 760 1166 967 1087 556 1103 264 1100 216 1100 73 896 239 944 315 1052 248 1160 280 1157 448 1125 579
img08042.jpg 1194 943 1107 741 1048 550 1103 560 1129 759 1164 967 1087 557 1106 265 1103 217 1097 76 898 253 949 323 1055 249 1161 281 1158 451 1126 576
img08043.jpg 1195 941 1107 739 1047 546 1105 559 1131 757 1160 964 1086 556 1109 265 1105 216 1095 74 901 268 956 329 1057 252 1164 281 1157 449 1125 576
img08044.jpg 1195 941 1109 738 1052 544 1107 560 1133 755 1159 963 1087 554 1113 267 1107 218 1094 75 905 284 964 335 1058 254 1166 284 1156 449 1123 576
img08045.jpg 1190 943 1108 738 1052 542 1112 555 1135 755 1157 961 1088 549 1111 267 1108 218 1092 74 908 297 967 343 1059 254 1167 280 1157 447 1125 575
img08046.jpg 1187 944 1108 738 1055 541 1108 558 1134 755 1160 961 1091 548 1114 269 1108 220 1091 75 907 312 973 347 1059 256 1170 282 1160 446 1124 574
img08047.jpg 1179 952 1106 744 1058 543 1107 556 1137 756 1160 962 1091 547 1117 268 1107 220 1091 76 908 324 980 350 1058 259 1173 282 1163 445 1123 576
img08048.jpg 1171 956 1103 746 1060 542 1108 555 1134 755 1160 962 1089 542 1118 270 1108 222 1089 76 905 338 982 351 1060 257 1176 283 1166 445 1124 574
img08049.jpg 1157 959 1095 747 1056 540 1111 553 1133 755 1162 962 1088 543 1117 269 1110 221 1088 76 901 346 985 350 1059 259 1178 282 1168 443 1126 572
img08050.jpg 1148 964 1091 750 1056 540 1107 556 1132 753 1161 960 1088 544 1120 270 1110 222 1088 76 900 355 986 349 1059 260 1180 283 1170 445 1129 572
img08051.jpg 1138 969 1086 753 1056 540 1109 552 1131 750 1156 956 1087 543 1119 270 1109 223 1084 77 900 367 987 352 1059 261 1181 283 1172 446 1131 571
img08052.jpg 1134 967 1085 750 1057 536 1109 549 1130 742 1158 951 1087 542 1118 273 1112 226 1081 76 897 376 986 352 1060 260 1182 282 1173 447 1136 570
img08053.jpg 1132 968 1086 751 1059 536 1108 548 1133 741 1157 948 1090 545 1120 271 1111 225 1081 79 897 383 986 353 1059 262 1181 280 1175 448 1141 573
img08054.jpg 1128 968 1084 750 1060 535 1106 547 1133 737 1157 945 1090 541 1121 272 1109 227 1078 80 897 390 985 354 1060 260 1181 278 1178 450 1144 574
img08055.jpg 1124 968 1082 749 1061 534 1109 543 1130 735 1157 945 1091 540 1121 270 1109 228 1076 81 896 396 986 354 1061 261 1180 279 1180 450 1148 576
img08056.jpg 1120 968 1081 749 1062 532 1111 545 1132 738 1159 949 1092 542 1119 269 1111 230 1077 80 893 401 985 355 1058 260 1181 279 1181 450 1153 578
img08057.jpg 1116 971 1080 751 1063 534 1117 547 1132 744 1160 954 1095 544 1119 269 1110 228 1079 78 891 403 982 360 1057 259 1182 278 1182 450 1157 581
img08058.jpg 1112 973 1079 753 1064 536 1122 545 1131 743 1163 957 1096 542 1118 271 1112 229 1080 76 889 405 978 364 1054 258 1182 277 1182 450 1160 580
img08059.jpg 1108 975 1078 755 1066 537 1128 547 1131 746 1164 960 1098 547 1118 270 1115 228 1082 75 887 410 975 368 1052 257 1183 277 1183 449 1164 583
img08060.jpg 1104 977 1077 755 1067 537 1130 547 1133 749 1166 963 1100 551 1116 273 1116 227 1084 75 885 412 974 369 1050 257 1182 277 1182 449 1166 584
img08061.jpg 1099 978 1074 756 1067 538 1133 548 1133 749 1166 964 1100 551 1116 273 1116 224 1084 75 885 412 971 369 1050 257 1182 277 1182 449 1166 584
img08062.jpg 1093 981 1071 758 1066 540 1132 546 1132 748 1166 963 1099 550 1116 275 1116 223 1083 74 885 414 970 368 1050 259 1182 279 1185 447 1166 583
img08063.jpg 1087 981 1068 758 1065 539 1130 546 1133 749 1165 958 1097 549 1117 275 1114 220 1081 75 885 417 972 365 1049 259 1181 278 1187 449 1165 584
img08064.jpg 1081 981 1065 758 1064 539 1127 545 1133 747 1162 955 1096 549 1118 275 1112 222 1080 77 885 416 973 363 1049 260 1181 278 1190 448 1165 583
img08065.jpg 1076 982 1063 759 1065 539 1128 546 1134 747 1163 956 1096 546 1118 275 1109 222 1081 77 885 420 970 363 1049 260 1182 279 1190 448 1166 580
img08066.jpg 1072 985 1062 761 1066 541 1129 544 1135 746 1163 954 1097 544 1119 277 1106 224 1082 79 886 422 971 362 1050 262 1182 277 1191 447 1166 579
img08067.jpg 1067 983 1059 759 1066 539 1128 545 1134 746 1163 953 1097 542 1119 276 1106 226 1081 82 887 423 975 360 1050 260 1182 276 1191 448 1166 579
img08068.jpg 1064 984 1059 759 1068 539 1132 545 1135 741 1160 955 1100 542 1116 275 1106 227 1081 82 886 426 974 362 1053 259 1182 278 1191 448 1166 580
img08069.jpg 1061 986 1060 762 1071 541 1136 544 1136 742 1162 958 1103 541 1117 277 1107 225 1081 79 884 428 974 363 1055 260 1184 280 1191 448 1168 580
img08070.jpg 1060 986 1061 761 1075 540 1135 547 1138 740 1161 953 1106 540 1116 274 1110 223 1078 80 884 429 976 366 1056 261 1183 280 1192 448 1167 581
img08071.jpg 1057 985 1061 760 1077 539 1134 548 1140 739 1158 948 1105 539 1115 272 1112 222 1074 78 884 430 978 368 1056 259 1183 281 1193 449 1168 580
img08072.jpg 1055 985 1062 760 1080 540 1133 549 1142 741 1157 944 1105 540 1114 271 1111 221 1071 77 884 433 976 371 1056 258 1185 283 1191 448 1169 579
img08073.jpg 1051 987 1061 762 1082 541 1135 553 1141 746 1160 946 1107 544 1116 270 1110 220 1069 77 885 432 979 370 1054 261 1185 283 1191 448 1169 578
img08074.jpg 1045 984 1057 759 1081 539 1133 554 1138 742 1160 941 1108 545 1114 267 1108 221 1065 78 886 432 980 371 1053 258 1181 282 1191 447 1166 578
img08075.jpg 1040 983 1056 759 1081 538 1136 552 1136 739 1160 939 1109 546 1112 269 1105 224 1063 79 886 432 979 371 1054 257 1181 284 1190 447 1166 577
img08076.jpg 1036 979 1055 754 1083 534 1138 549 1134 736 1159 941 1113 546 1110 268 1104 225 1059 81 887 431 981 370 1056 259 1177 283 1189 446 1165 579
img08077.jpg 1035 982 1056 757 1087 537 1141 549 1135 734 1156 938 1120 549 1111 267 1102 226 1055 82 887 432 983 369 1057 262 1174 282 1189 447 1162 579
img08078.jpg 1032 982 1057 758 1090 537 1139 546 1139 735 1156 930 1121 546 1110 267 1101 226 1049 83 886 433 982 371 1058 261 1171 281 1185 447 1159 578
img08079.jpg 1030 985 1057 761 1092 540 1141 549 1144 739 1158 928 1124 546 1107 266 1101 228 1046 87 887 433 983 373 1058 263 1167 280 1185 448 1159 578
img08080.jpg 1021 987 1051 763 1089 542 1137 554 1149 743 1163 926 1126 548 1109 264 1101 227 1043 86 888 434 985 373 1057 264 1163 279 1181 448 1155 577
img08081.jpg 1013 991 1046 767 1086 547 1137 564 1154 754 1172 926 1120 555 1109 264 1098 224 1041 88 888 434 987 374 1058 264 1162 278 1179 448 1151 578
img08082.jpg 1006 988 1042 764 1085 544 1139 564 1153 749 1170 924 1119 556 1108 264 1096 224 1039 90 891 433 988 375 1059 264 1159 276 1176 447 1147 578
img08083.jpg 999 984 1038 761 1083 541 1137 566 1151 744 1170 922 1117 555 1108 266 1094 226 1038 91 893 433 989 376 1060 266 1156 274 1173 447 1145 580
img08084.jpg 997 984 1038 761 1086 542 1137 573 1151 746 1173 927 1117 556 1111 268 1094 225 1037 88 895 433 992 376 1063 268 1154 273 1168 447 1143 581
img08085.jpg 998 978 1042 755 1092 536 1141 564 1150 742 1168 926 1118 550 1109 268 1092 225 1034 90 897 432 994 377 1066 268 1152 271 1167 447 1141 582
img08086.jpg 999 977 1046 755 1099 536 1146 556 1149 738 1164 927 1125 545 1110 269 1093 225 1034 90 903 430 999 380 1070 269 1148 272 1163 445 1140 580
img08087.jpg 1001 978 1051 757 1106 538 1150 555 1153 741 1173 930 1129 543 1111 269 1094 224 1035 88 905 428 1005 384 1076 269 1143 272 1161 443 1138 578
img08088.jpg 1004 981 1057 760 1114 541 1156 550 1156 745 1174 934 1135 544 1111 267 1096 222 1036 90 916 421 1018 382 1087 267 1138 270 1156 441 1096 544
img08089.jpg 1004 978 1060 757 1120 539 1159 536 1153 737 1171 930 1140 536 1114 266 1096 221 1035 92 927 417 1029 386 1098 263 1135 269 1153 440 1093 542
img08090.jpg 1021 974 1079 754 1141 536 1165 534 1156 741 1174 935 1156 531 1119 266 1100 223 1039 90 940 415 1042 390 1109 260 1131 269 1150 438 1089 541
img08091.jpg 1050 968 1101 746 1155 531 1173 529 1157 743 1175 938 1170 522 1122 266 1103 225 1040 90 950 418 1053 392 1122 259 1128 266 1147 438 1082 540
img08092.jpg 1081 960 1121 737 1163 525 1172 523 1155 745 1174 943 1176 516 1127 264 1108 226 1043 91 964 419 1073 396 1130 257 1126 264 1142 436 1077 538
img08093.jpg 1117 951 1144 727 1174 518 1177 515 1154 742 1176 943 1184 505 1129 263 1110 225 1049 88 973 429 1088 402 1135 254 1122 263 1138 432 1112 569
img08094.jpg 1148 946 1167 720 1188 515 1178 515 1155 747 1174 954 1188 505 1129 259 1112 227 1053 86 988 435 1105 401 1138 253 1119 262 1132 429 1106 567
img08095.jpg 1163 949 1175 722 1189 514 1172 518 1153 746 1172 954 1182 508 1130 257 1114 224 1058 87 1003 445 1127 398 1146 254 1114 260 1124 426 1104 563
img08096.jpg 1170 951 1182 724 1195 511 1163 518 1150 744 1169 954 1179 508 1134 255 1118 224 1066 88 1018 449 1147 393 1153 253 1108 259 1115 424 1098 562
img08097.jpg 1176 950 1188 722 1202 508 1159 518 1147 739 1169 955 1179 505 1134 254 1121 223 1073 91 1042 464 1164 391 1163 251 1102 257 1108 421 1092 562
img08098.jpg 1182 953 1192 723 1208 506 1150 525 1143 740 1166 964 1179 506 1140 252 1127 223 1078 96 1072 476 1182 392 1175 255 1098 255 1101 421 1084 561
img08099.jpg 1190 950 1196 721 1212 500 1148 523 1138 740 1167 961 1180 503 1144 253 1135 221 1086 101 1108 490 1203 393 1190 260 1093 253 1096 419 1079 559
img08100.jpg 1201 947 1200 720 1213 501 1145 521 1129 739 1165 961 1181 501 1148 254 1142 221 1093 104 1146 498 1220 397 1204 264 1090 254 1090 420 1070 560
img08101.jpg 1205 944 1202 719 1215 504 1144 521 1121 735 1163 960 1183 504 1153 254 1147 221 1102 111 1187 510 1238 407 1219 267 1088 251 1085 420 1065 557
img08102.jpg 1205 942 1205 721 1221 506 1140 519 1111 737 1163 958 1186 506 1160 256 1150 221 1111 113 1219 507 1251 409 1231 273 1088 250 1078 419 1062 552
img08103.jpg 1204 937 1207 723 1223 510 1141 516 1102 733 1161 953 1184 506 1164 260 1158 221 1125 112 1249 508 1263 411 1243 273 1085 250 1072 414 1056 549
img08104.jpg 1206 932 1209 725 1222 511 1136 517 1093 731 1159 952 1182 511 1169 261 1163 218 1140 109 1269 507 1271 415 1252 274 1084 247 1067 409 1051 547
img08105.jpg 1204 929 1207 723 1220 512 1132 515 1090 727 1158 952 1178 511 1174 261 1168 215 1155 107 1289 504 1279 417 1256 274 1080 244 1064 407 1047 541
img08106.jpg 1202 927 1209 720 1218 510 1128 513 1086 723 1154 950 1173 510 1176 261 1173 213 1169 100 1302 504 1283 413 1260 274 1076 245 1060 403 1044 536
img08107.jpg 1203 929 1206 720 1213 513 1122 516 1090 720 1148 949 1167 513 1177 261 1177 213 1183 93 1316 507 1290 413 1264 271 1074 245 1054 400 1041 533
img08108.jpg 1202 932 1206 720 1209 514 1116 520 1093 720 1141 948 1164 517 1177 259 1180 211 1193 88 1325 504 1293 411 1267 272 1074 243 1051 401 1041 527
img08109.jpg 1203 935 1206 722 1206 514 1112 521 1100 715 1132 948 1161 514 1177 259 1181 211 1200 88 1333 505 1294 408 1268 272 1071 243 1048 401 1041 524
img08110.jpg 1206 938 1209 723 1202 517 1111 523 1105 713 1124 944 1157 517 1177 262 1180 210 1209 86 1337 507 1291 409 1268 272 1072 242 1046 399 1043 523
img08111.jpg 1210 941 1206 727 1196 521 1110 528 1110 714 1123 941 1153 521 1173 260 1180 211 1216 85 1339 505 1285 412 1266 270 1071 244 1044 399 1044 521
img08112.jpg 1210 939 1203 725 1193 521 1109 528 1110 712 1122 936 1149 518 1169 257 1179 210 1223 87 1337 505 1276 414 1263 271 1069 244 1046 401 1046 521
img08113.jpg 1210 933 1200 723 1187 523 1110 526 1113 711 1126 930 1147 519 1166 256 1176 213 1230 89 1333 503 1267 416 1257 269 1066 246 1046 399 1050 520
img08114.jpg 1208 930 1194 719 1184 525 1109 525 1115 710 1135 923 1145 522 1161 256 1178 213 1237 91 1326 502 1254 417 1250 269 1069 246 1046 400 1053 516
img08115.jpg 1211 923 1191 716 1181 525 1107 525 1117 710 1139 913 1146 522 1156 254 1178 216 1242 96 1317 503 1240 416 1243 267 1068 248 1046 399 1055 516
img08116.jpg 1207 916 1188 711 1182 523 1108 520 1123 705 1143 905 1146 519 1153 255 1175 217 1245 99 1309 507 1230 414 1236 268 1070 246 1048 398 1060 516
img08117.jpg 1210 909 1188 708 1178 521 1110 518 1130 703 1144 902 1144 521 1153 255 1175 218 1247 102 1300 508 1219 411 1229 268 1072 246 1048 399 1063 518
img08118.jpg 1211 912 1189 705 1176 519 1108 512 1132 699 1145 902 1139 515 1148 257 1173 217 1248 108 1292 516 1211 413 1220 267 1074 248 1050 401 1067 520
img08119.jpg 1212 914 1190 709 1171 517 1105 508 1136 697 1143 900 1133 511 1146 257 1168 220 1246 110 1281 521 1199 411 1212 267 1074 251 1057 398 1082 517
img08120.jpg 1207 913 1185 715 1163 517 1104 508 1140 696 1141 900 1126 508 1144 255 1163 220 1242 110 1270 527 1191 411 1204 267 1076 252 1064 399 1099 511
img08121.jpg 1209 907 1199 712 1155 515 1096 508 1139 700 1139 904 1118 505 1142 255 1162 217 1240 111 1256 530 1184 412 1196 264 1077 255 1067 401 1113 505
img08122.jpg 1205 901 1214 709 1154 515 1095 508 1144 700 1138 904 1117 505 1138 258 1158 217 1236 107 1242 534 1176 412 1189 264 1079 255 1072 401 1131 499
img08123.jpg 1205 887 1230 705 1148 514 1095 511 1148 702 1135 900 1117 508 1138 257 1154 216 1233 103 1226 536 1170 407 1186 263 1085 254 1085 397 1144 493
img08124.jpg 1207 872 1248 692 1145 512 1092 512 1151 702 1132 897 1114 509 1139 255 1154 215 1232 100 1213 537 1167 407 1182 262 1089 252 1089 397 1140 496
img08125.jpg 1218 860 1273 675 1144 509 1091 509 1150 701 1131 895 1113 509 1138 255 1154 214 1232 98 1201 537 1163 406 1179 261 1094 252 1093 393 1136 495
img08126.jpg 1248 852 1287 667 1142 510 1095 510 1151 695 1130 883 1114 510 1136 255 1152 215 1233 98 1193 538 1158 406 1174 262 1098 249 1101 386 1136 494
img08127.jpg 1297 834 1300 655 1137 511 1096 508 1146 690 1124 872 1115 508 1137 253 1152 213 1234 99 1187 542 1156 407 1171 263 1102 250 1109 381 1137 493
img08128.jpg 1280 837 1273 656 1139 514 1095 508 1141 686 1138 868 1113 508 1139 253 1154 213 1236 99 1183 542 1151 407 1167 263 1104 247 1108 380 1137 492
img08129.jpg 1262 844 1283 647 1133 511 1098 505 1136 681 1176 850 1111 505 1139 256 1155 213 1237 102 1180 542 1149 407 1165 263 1108 247 1112 381 1145 492
img08130.jpg 1236 850 1255 655 1134 513 1103 507 1136 679 1219 837 1118 504 1140 257 1155 211 1236 102 1180 544 1146 408 1165 263 1112 248 1117 385 1155 494
img08131.jpg 1191 858 1223 664 1137 515 1107 506 1135 677 1262 825 1125 503 1143 257 1158 211 1234 102 1180 542 1146 406 1167 263 1118 248 1122 389 1164 497
img08132.jpg 1129 877 1190 675 1141 513 1111 510 1137 681 1312 819 1132 504 1144 257 1159 215 1238 103 1181 540 1147 404 1168 263 1123 248 1128 393 1174 499
img08133.jpg 1184 859 1197 676 1142 510 1118 510 1142 682 1337 812 1142 504 1149 257 1163 215 1239 103 1185 540 1152 408 1172 263 1127 251 1134 400 1187 504
img08134.jpg 1243 841 1204 675 1154 515 1126 515 1148 687 1333 826 1157 506 1150 258 1165 215 1241 103 1190 543 1157 409 1178 264 1132 252 1141 405 1199 509
img08135.jpg 1246 845 1206 675 1165 517 1137 517 1156 689 1324 843 1165 508 1156 261 1171 215 1247 103 1193 542 1162 411 1180 264 1134 252 1144 409 1207 510
img08136.jpg 1313 830 1212 676 1171 521 1152 521 1168 693 1308 865 1174 511 1158 260 1177 214 1250 104 1201 545 1167 414 1183 266 1137 254 1155 414 1229 516
img08137.jpg 1379 820 1218 680 1177 523 1164 520 1178 692 1282 883 1180 514 1164 263 1183 213 1252 104 1208 549 1173 417 1189 266 1139 254 1158 413 1238 520
img08138.jpg 1430 775 1259 671 1188 526 1178 523 1190 695 1256 898 1188 517 1169 265 1185 215 1257 104 1216 549 1182 416 1194 268 1143 256 1160 409 1241 523
img08139.jpg 1410 802 1224 687 1194 529 1188 523 1198 695 1225 902 1194 517 1176 265 1191 215 1259 103 1225 548 1188 417 1201 271 1147 259 1159 406 1239 523
img08140.jpg 1436 814 1229 690 1196 525 1193 520 1200 692 1197 903 1199 517 1184 265 1196 218 1264 103 1236 551 1199 417 1212 274 1152 262 1163 403 1243 526
img08141.jpg 1380 842 1231 691 1208 524 1195 518 1200 691 1246 888 1208 515 1195 267 1204 220 1274 104 1248 553 1211 418 1223 276 1161 264 1162 400 1233 524
img08142.jpg 1400 839 1275 682 1218 525 1200 519 1199 690 1299 877 1215 516 1206 270 1215 220 1286 107 1261 556 1221 420 1236 279 1169 267 1170 400 1238 520
img08143.jpg 1371 898 1282 686 1230 525 1202 519 1200 689 1290 872 1227 516 1215 272 1227 223 1297 108 1275 558 1233 421 1251 281 1178 266 1179 404 1246 521
img08144.jpg 1411 884 1330 684 1244 524 1209 518 1204 692 1294 872 1238 518 1228 272 1237 223 1308 106 1290 561 1250 423 1268 281 1188 266 1191 409 1255 519
img08145.jpg 1461 871 1376 681 1262 529 1219 523 1208 696 1297 870 1247 520 1238 273 1253 222 1319 116 1310 566 1265 427 1286 282 1199 267 1203 415 1263 518
img08146.jpg 1528 860 1422 681 1281 531 1229 528 1215 696 1226 882 1257 522 1254 276 1265 225 1332 116 1328 567 1281 428 1304 284 1209 270 1210 418 1268 519
img08147.jpg 1524 874 1431 693 1297 531 1240 528 1222 698 1160 889 1270 523 1270 275 1282 227 1347 116 1350 567 1303 430 1323 287 1222 269 1218 416 1275 520
img08148.jpg 1528 882 1440 700 1316 532 1255 529 1231 697 1164 890 1281 523 1290 273 1301 229 1363 123 1372 570 1325 432 1345 288 1237 271 1229 418 1286 518
img08149.jpg 1530 887 1449 701 1336 528 1271 528 1242 695 1166 890 1298 523 1306 275 1324 234 1382 129 1397 569 1347 432 1367 290 1254 272 1243 419 1299 517
img08150.jpg 1537 891 1463 703 1351 524 1284 527 1257 691 1169 888 1313 521 1328 274 1342 238 1401 127 1419 565 1371 430 1389 289 1272 268 1255 414 1309 512
img08151.jpg 1539 890 1477 702 1366 517 1301 523 1271 694 1174 887 1331 520 1345 273 1363 241 1425 129 1442 561 1398 429 1413 288 1289 264 1271 413 1318 509
img08152.jpg 1539 889 1487 698 1384 513 1319 516 1290 690 1187 881 1349 513 1363 270 1384 240 1449 128 1466 557 1419 425 1434 284 1308 261 1287 415 1319 505
img08153.jpg 1543 886 1495 699 1398 506 1335 509 1308 687 1201 872 1365 506 1383 268 1403 238 1472 122 1490 550 1439 422 1454 280 1323 256 1299 407 1317 500
img08154.jpg 1546 886 1501 701 1415 504 1346 507 1331 683 1221 856 1379 504 1400 265 1421 231 1496 118 1511 545 1456 420 1472 276 1337 249 1310 395 1316 495
img08155.jpg 1546 883 1503 701 1434 502 1363 499 1351 679 1245 837 1397 499 1418 259 1439 225 1519 109 1531 539 1473 417 1488 274 1351 246 1319 390 1317 494
img08156.jpg 1549 881 1506 701 1449 503 1372 494 1373 670 1273 816 1409 494 1434 254 1455 220 1537 105 1549 533 1491 415 1504 269 1363 241 1327 381 1318 491
img08157.jpg 1550 876 1510 694 1462 500 1380 494 1395 661 1298 798 1419 491 1450 251 1468 215 1547 100 1568 527 1510 412 1519 266 1374 239 1334 375 1322 488
img08158.jpg 1548 877 1515 685 1472 497 1388 491 1415 654 1324 778 1427 486 1457 247 1478 211 1557 97 1583 522 1526 410 1532 265 1382 235 1340 374 1328 486
img08159.jpg 1548 874 1518 677 1479 494 1398 485 1428 647 1350 764 1434 479 1467 245 1488 212 1563 95 1599 518 1545 410 1545 263 1389 233 1344 373 1332 485
img08160.jpg 1548 873 1521 670 1483 490 1403 484 1439 643 1377 758 1442 475 1474 245 1495 210 1566 92 1612 516 1562 407 1557 260 1395 231 1350 372 1336 484
img08161.jpg 1548 872 1521 659 1487 485 1408 482 1449 639 1402 755 1449 471 1481 244 1501 206 1565 90 1626 514 1574 404 1568 259 1400 230 1356 371 1341 482
img08162.jpg 1547 871 1521 658 1492 483 1416 480 1457 638 1427 760 1457 469 1486 242 1506 204 1565 87 1637 512 1585 402 1576 257 1405 227 1361 370 1346 483
img08163.jpg 1549 868 1520 659 1500 483 1422 480 1462 639 1446 772 1465 471 1494 240 1511 203 1563 84 1647 512 1598 399 1583 255 1407 226 1367 367 1352 483
img08164.jpg 1547 865 1524 660 1507 481 1426 481 1469 643 1465 788 1472 473 1501 239 1515 199 1562 81 1654 510 1608 398 1590 254 1409 225 1372 369 1357 484
img08165.jpg 1549 865 1528 662 1514 480 1433 480 1476 645 1478 804 1479 475 1505 238 1520 201 1560 80 1661 506 1615 397 1595 253 1410 224 1376 368 1361 483
img08166.jpg 1547 867 1533 666 1524 480 1442 480 1480 649 1491 824 1486 477 1510 238 1521 200 1556 81 1664 503 1623 395 1597 250 1410 224 1381 369 1367 485
img08167.jpg 1549 867 1540 669 1534 480 1447 477 1482 655 1498 835 1494 477 1511 238 1520 201 1552 81 1666 500 1627 390 1601 247 1409 227 1386 369 1371 489
img08168.jpg 1551 868 1545 667 1542 478 1452 478 1484 655 1505 844 1499 475 1511 239 1519 199 1543 85 1665 498 1630 388 1604 245 1412 231 1391 373 1377 492
img08169.jpg 1552 869 1546 665 1549 479 1459 482 1485 656 1509 854 1506 476 1511 240 1517 199 1534 88 1666 496 1628 383 1605 243 1412 234 1395 374 1383 493
img08170.jpg 1552 873 1549 664 1555 479 1461 485 1485 658 1511 858 1508 476 1511 240 1514 199 1523 90 1664 493 1629 379 1605 240 1411 238 1399 379 1388 499
img08171.jpg 1553 870 1550 665 1561 480 1468 485 1485 662 1512 859 1515 477 1509 241 1512 200 1511 91 1665 491 1626 376 1606 238 1412 241 1400 382 1391 503
img08172.jpg 1552 869 1549 663 1567 478 1473 487 1485 663 1511 860 1517 475 1505 240 1505 199 1496 96 1661 487 1626 378 1602 237 1411 243 1402 387 1394 507
img08173.jpg 1553 865 1553 667 1567 481 1476 487 1482 664 1512 861 1523 478 1506 240 1500 201 1483 98 1656 481 1624 375 1600 237 1412 246 1403 390 1397 511
img08174.jpg 1557 861 1554 665 1571 481 1478 484 1484 665 1510 858 1527 475 1505 239 1496 204 1467 101 1651 478 1624 376 1598 236 1411 248 1405 391 1399 516
img08175.jpg 1561 853 1555 664 1572 478 1483 478 1483 666 1509 855 1532 472 1501 237 1492 203 1452 106 1644 478 1624 375 1595 234 1415 249 1406 392 1403 517
img08176.jpg 1568 852 1556 659 1571 475 1485 478 1483 665 1508 855 1531 472 1500 236 1488 205 1437 109 1636 475 1624 373 1593 236 1417 251 1412 392 1406 517
img08177.jpg 1574 852 1557 659 1568 471 1488 480 1486 664 1508 857 1531 474 1503 238 1491 207 1426 111 1630 468 1625 369 1593 236 1420 250 1418 392 1409 516
img08178.jpg 1581 851 1552 654 1572 469 1492 481 1489 666 1509 857 1532 469 1504 238 1492 207 1418 113 1626 466 1626 367 1592 233 1424 250 1424 389 1413 517
img08179.jpg 1586 848 1551 656 1574 469 1496 483 1491 667 1511 860 1534 468 1505 238 1490 207 1409 112 1619 465 1625 365 1588 230 1430 250 1434 391 1416 517
img08180.jpg 1589 845 1547 656 1577 467 1500 485 1494 665 1512 863 1536 467 1509 240 1485 207 1402 113 1613 458 1621 358 1582 228 1435 252 1441 387 1417 517
img08181.jpg 1592 840 1542 658 1577 470 1503 488 1497 667 1512 864 1539 467 1512 240 1484 207 1395 114 1591 459 1607 356 1568 225 1443 252 1449 386 1422 517
img08182.jpg 1597 836 1537 659 1579 475 1507 487 1498 668 1513 866 1543 466 1510 238 1483 208 1389 114 1569 467 1593 358 1552 226 1456 253 1459 385 1428 514
img08183.jpg 1594 835 1534 658 1579 476 1516 488 1498 667 1513 868 1546 470 1507 240 1477 207 1384 114 1546 474 1576 361 1537 228 1465 252 1471 386 1435 512
img08184.jpg 1593 836 1530 660 1575 477 1524 486 1500 666 1516 865 1545 474 1504 242 1473 209 1381 119 1528 476 1558 362 1525 230 1476 251 1479 388 1443 510
img08185.jpg 1592 837 1527 660 1574 482 1530 491 1504 669 1516 863 1548 479 1501 243 1474 211 1377 122 1511 486 1542 372 1513 231 1486 249 1492 391 1453 509
img08186.jpg 1591 835 1529 658 1576 485 1538 493 1509 667 1518 861 1550 485 1500 247 1473 214 1376 126 1512 493 1538 378 1509 235 1494 250 1503 393 1461 511
img08187.jpg 1588 838 1535 658 1576 487 1547 496 1512 670 1518 859 1553 490 1500 252 1470 219 1373 133 1515 496 1534 385 1506 240 1500 252 1512 399 1473 517
img08188.jpg 1589 837 1542 660 1577 490 1553 496 1518 672 1521 857 1556 493 1501 255 1471 226 1369 144 1513 496 1530 392 1498 246 1509 255 1521 402 1483 520
img08189.jpg 1587 834 1547 657 1578 490 1564 492 1523 672 1521 857 1564 492 1500 261 1472 232 1365 150 1507 495 1532 397 1489 255 1515 258 1532 405 1494 521
img08190.jpg 1588 834 1554 656 1579 490 1576 487 1528 670 1525 856 1571 490 1499 266 1471 237 1362 157 1497 493 1522 399 1483 263 1522 263 1542 407 1507 524
img08191.jpg 1585 835 1559 656 1581 485 1590 477 1533 667 1533 852 1581 482 1496 269 1468 243 1357 167 1486 491 1513 401 1474 272 1527 266 1550 408 1519 525
img08192.jpg 1590 832 1563 654 1582 478 1602 467 1540 663 1546 847 1591 473 1493 274 1468 249 1356 174 1471 492 1503 399 1465 277 1532 269 1557 411 1526 526
img08193.jpg 1592 832 1565 654 1579 473 1612 459 1545 662 1556 843 1598 467 1489 278 1467 256 1356 178 1462 495 1491 397 1462 281 1534 270 1562 415 1537 529
img08194.jpg 1596 835 1569 660 1577 474 1619 457 1550 664 1569 843 1602 466 1489 281 1467 261 1354 187 1454 501 1478 397 1459 284 1539 275 1566 416 1544 532
img08195.jpg 1594 834 1569 662 1575 470 1623 454 1555 667 1580 844 1604 462 1487 285 1468 268 1353 197 1447 508 1476 402 1457 290 1541 277 1566 421 1547 536
img08196.jpg 1597 832 1572 666 1572 471 1628 455 1561 673 1588 847 1604 460 1489 291 1470 275 1352 207 1441 514 1470 406 1456 296 1545 280 1569 425 1550 541
img08197.jpg 1590 835 1570 671 1573 472 1631 459 1568 678 1594 851 1605 464 1490 296 1471 282 1348 221 1434 520 1466 413 1458 301 1546 285 1570 429 1554 547
img08198.jpg 1587 836 1571 674 1579 470 1636 459 1574 678 1602 857 1605 462 1489 301 1471 288 1344 233 1429 527 1463 420 1455 307 1547 291 1571 436 1552 554
img08199.jpg 1586 835 1567 673 1585 466 1640 460 1582 677 1611 859 1608 460 1489 309 1471 296 1343 247 1424 536 1460 429 1455 314 1544 296 1570 445 1549 562
img08200.jpg 1587 839 1562 681 1590 470 1641 465 1590 676 1618 862 1610 465 1488 319 1470 306 1340 265 1421 545 1457 438 1454 324 1540 306 1571 454 1548 571
img08201.jpg 1586 841 1555 685 1595 473 1644 468 1593 675 1626 867 1616 468 1486 329 1471 319 1346 286 1418 556 1456 449 1453 332 1537 317 1570 467 1547 584
img08202.jpg 1584 841 1546 682 1599 474 1648 469 1594 673 1631 870 1621 469 1487 344 1470 334 1351 307 1416 568 1453 461 1450 347 1537 330 1569 481 1545 597
img08203.jpg 1583 841 1536 684 1602 483 1651 474 1593 675 1634 873 1626 476 1489 360 1472 350 1357 331 1416 581 1453 478 1453 368 1536 346 1567 498 1543 612
img08204.jpg 1579 840 1527 685 1603 492 1655 482 1588 685 1634 874 1631 485 1489 379 1477 370 1366 356 1415 598 1453 494 1455 389 1539 363 1567 515 1541 631
img08205.jpg 1576 842 1521 682 1608 501 1661 491 1584 694 1636 876 1638 494 1492 397 1478 389 1373 379 1414 617 1453 512 1455 409 1540 380 1565 535 1538 651
img08206.jpg 1575 842 1513 685 1611 514 1664 505 1582 708 1634 875 1640 508 1495 418 1479 407 1375 399 1415 637 1455 532 1457 433 1542 400 1564 555 1533 671
img08207.jpg 1575 842 1505 694 1612 536 1666 523 1580 726 1632 875 1638 528 1496 436 1481 425 1378 418 1414 656 1455 552 1459 458 1544 421 1564 576 1530 691
img08208.jpg 1575 844 1494 704 1611 550 1668 542 1581 743 1630 876 1639 546 1498 457 1484 446 1382 440 1411 678 1454 570 1462 480 1547 440 1564 595 1526 712
img08209.jpg 1575 845 1486 714 1612 572 1669 559 1580 759 1630 878 1639 564 1502 475 1484 466 1383 462 1411 696 1453 589 1461 502 1551 458 1564 615 1523 733
img08210.jpg 1576 847 1479 726 1609 593 1670 577 1578 775 1631 879 1637 583 1502 494 1486 485 1387 482 1411 712 1452 606 1464 522 1555 479 1566 634 1521 752
img08211.jpg 1577 847 1474 732 1606 607 1670 593 1577 789 1630 881 1636 601 1502 509 1488 501 1390 499 1410 727 1450 621 1464 540 1558 495 1566 653 1518 771
img08212.jpg 1577 851 1471 739 1605 619 1671 607 1576 801 1632 884 1634 617 1502 525 1490 517 1393 515 1409 745 1451 637 1465 556 1559 511 1567 670 1516 788
img08213.jpg 1564 859 1458 750 1589 639 1671 620 1574 812 1633 884 1629 637 1503 539 1491 531 1395 531 1411 759 1453 652 1462 570 1560 526 1568 685 1512 804
img08214.jpg 1566 869 1459 761 1589 651 1672 632 1574 823 1634 884 1629 651 1502 553 1491 542 1396 541 1410 771 1454 664 1464 584 1560 540 1569 697 1510 815
img08215.jpg 1553 877 1447 771 1576 660 1673 645 1573 834 1633 884 1630 662 1504 564 1492 554 1398 554 1410 784 1457 675 1462 596 1560 553 1569 709 1508 829
img08216.jpg 1539 891 1432 788 1562 674 1671 658 1570 845 1635 884 1631 671 1507 575 1495 568 1401 567 1409 796 1458 684 1465 606 1563 566 1570 718 1506 838
img08217.jpg 1540 904 1434 803 1563 688 1670 668 1567 853 1634 886 1630 683 1510 585 1496 578 1403 577 1411 797 1460 692 1467 614 1565 576 1570 726 1504 845
img08218.jpg 1554 911 1448 812 1578 696 1669 682 1564 865 1633 890 1633 687 1512 592 1498 584 1404 583 1413 795 1462 696 1471 621 1566 586 1572 734 1506 854
img08219.jpg 1541 916 1436 819 1565 702 1667 693 1560 874 1630 896 1633 696 1515 598 1501 593 1407 591 1414 803 1464 702 1471 625 1569 595 1572 742 1507 862
img08220.jpg 1558 921 1453 826 1582 707 1666 702 1558 881 1629 904 1634 705 1517 604 1503 595 1408 593 1415 807 1465 705 1472 626 1571 601 1575 748 1506 865
img08221.jpg 1571 926 1466 833 1596 712 1666 707 1556 885 1628 911 1634 712 1517 610 1503 599 1408 596 1415 811 1467 709 1472 630 1572 607 1576 753 1508 870
img08222.jpg 1574 926 1469 835 1599 713 1665 713 1554 889 1628 917 1640 713 1517 615 1504 604 1410 600 1413 820 1469 710 1472 633 1574 613 1578 760 1510 875
img08223.jpg 1575 928 1471 839 1601 716 1665 718 1553 892 1628 923 1642 718 1517 620 1505 609 1410 604 1410 830 1470 712 1471 636 1576 618 1578 764 1509 876
img08224.jpg 1589 931 1486 844 1616 719 1665 719 1551 891 1628 925 1644 719 1516 621 1505 612 1410 607 1409 832 1470 714 1472 639 1577 623 1579 767 1509 878
img08225.jpg 1589 931 1486 846 1616 720 1665 720 1549 890 1628 926 1642 720 1515 623 1505 616 1409 610 1407 833 1470 716 1472 642 1578 624 1578 770 1510 881
img08226.jpg 1589 933 1487 850 1617 723 1666 722 1549 890 1629 930 1643 722 1514 623 1506 616 1410 610 1407 834 1471 717 1471 644 1577 625 1579 771 1511 883
img08227.jpg 1588 932 1486 851 1616 722 1667 724 1549 890 1630 932 1643 724 1514 623 1506 616 1410 609 1405 835 1471 719 1471 646 1577 627 1580 771 1512 885
img08228.jpg 1575 929 1474 850 1604 720 1666 724 1547 888 1629 933 1642 724 1514 624 1506 617 1409 609 1405 834 1471 720 1471 646 1576 627 1580 772 1511 888
img08229.jpg 1573 932 1472 855 1602 723 1667 726 1546 888 1629 937 1640 726 1515 625 1507 617 1410 608 1406 834 1471 719 1471 646 1576 627 1580 773 1510 889
img08230.jpg 1571 935 1471 860 1601 727 1665 729 1543 889 1627 941 1641 729 1516 627 1507 618 1411 609 1405 836 1472 718 1472 647 1576 628 1580 774 1509 890
img08231.jpg 1572 932 1472 859 1602 724 1663 728 1540 886 1626 941 1639 726 1515 627 1507 618 1410 608 1406 836 1472 719 1472 646 1576 629 1580 775 1509 890
img08232.jpg 1571 931 1473 860 1602 724 1663 728 1539 883 1625 942 1639 726 1515 627 1506 618 1409 607 1407 834 1471 721 1471 644 1576 627 1578 776 1505 890
img08233.jpg 1586 930 1489 860 1618 723 1664 727 1538 880 1625 943 1641 725 1516 626 1507 615 1410 604 1407 834 1472 720 1472 640 1578 626 1578 776 1507 889
img08234.jpg 1587 924 1490 856 1619 718 1664 723 1537 875 1624 941 1641 721 1516 623 1507 612 1409 600 1407 832 1471 719 1471 637 1578 625 1578 773 1507 885
img08235.jpg 1587 919 1491 854 1620 713 1665 721 1538 871 1625 940 1640 717 1516 620 1507 609 1409 596 1407 827 1471 717 1472 634 1579 622 1579 770 1507 881
img08236.jpg 1584 917 1489 853 1618 711 1665 717 1536 865 1624 938 1640 715 1516 617 1507 606 1409 593 1411 814 1470 713 1473 631 1579 617 1579 764 1508 875
img08237.jpg 1570 912 1475 850 1605 706 1664 710 1534 856 1622 933 1638 708 1518 612 1509 601 1410 587 1409 808 1470 709 1474 626 1580 612 1580 756 1509 866
img08238.jpg 1567 905 1473 844 1602 699 1665 702 1534 845 1623 926 1636 700 1518 604 1507 593 1408 578 1410 798 1470 702 1475 622 1579 604 1580 746 1507 855
img08239.jpg 1550 898 1457 840 1586 694 1668 688 1536 830 1624 914 1635 690 1518 596 1507 585 1409 569 1411 787 1471 694 1476 614 1577 593 1581 737 1505 844
img08240.jpg 1534 887 1441 830 1570 683 1670 673 1537 813 1625 901 1636 677 1519 586 1508 575 1409 558 1410 775 1471 687 1476 605 1577 581 1580 726 1504 831
img08241.jpg 1533 873 1442 818 1571 669 1673 661 1540 799 1627 891 1637 665 1520 574 1509 562 1410 545 1407 769 1473 677 1477 591 1578 568 1581 713 1501 815
img08242.jpg 1547 865 1448 808 1577 657 1677 649 1542 785 1629 884 1634 655 1520 563 1509 548 1410 531 1408 754 1472 663 1478 580 1578 552 1584 700 1501 798
img08243.jpg 1547 859 1450 796 1578 644 1679 636 1543 769 1630 880 1636 644 1521 549 1511 534 1412 516 1408 737 1472 650 1478 566 1579 534 1587 685 1501 780
img08244.jpg 1561 855 1467 781 1595 627 1679 625 1542 757 1631 880 1639 629 1523 531 1508 517 1409 498 1409 719 1472 635 1478 549 1578 517 1588 667 1500 759
img08245.jpg 1574 852 1481 766 1609 611 1676 613 1542 749 1632 880 1638 617 1524 513 1507 499 1408 479 1410 700 1475 619 1479 534 1579 499 1593 647 1501 737
img08246.jpg 1576 853 1482 754 1610 597 1677 597 1540 737 1633 882 1637 603 1524 494 1508 480 1408 459 1409 681 1476 601 1480 517 1576 480 1595 628 1501 716
img08247.jpg 1575 851 1490 741 1618 583 1676 583 1542 729 1633 881 1642 587 1526 473 1507 460 1406 436 1410 660 1479 584 1481 494 1575 458 1599 608 1502 691
img08248.jpg 1575 851 1492 730 1608 571 1675 568 1542 725 1632 882 1641 571 1529 451 1507 440 1408 411 1410 639 1480 566 1480 471 1575 440 1602 587 1505 667
img08249.jpg 1579 848 1494 720 1594 557 1669 555 1545 721 1633 881 1630 557 1529 430 1511 419 1413 385 1410 615 1482 545 1482 448 1579 422 1606 567 1509 644
img08250.jpg 1583 846 1500 713 1584 550 1669 541 1553 712 1632 881 1625 545 1531 409 1512 397 1414 357 1409 592 1482 524 1479 423 1581 400 1609 547 1513 620
img08251.jpg 1584 845 1507 703 1574 540 1661 531 1560 708 1630 879 1618 533 1533 389 1513 374 1416 324 1411 568 1484 503 1479 398 1584 379 1614 527 1516 593
img08252.jpg 1585 844 1516 695 1563 530 1652 520 1566 703 1631 876 1608 519 1536 368 1518 353 1420 294 1413 546 1488 481 1478 378 1588 360 1616 506 1521 568
img08253.jpg 1586 842 1521 690 1560 517 1643 512 1571 695 1630 876 1600 509 1534 347 1518 331 1422 265 1414 524 1493 459 1476 357 1592 336 1621 482 1524 545
img08254.jpg 1586 840 1529 684 1562 512 1635 507 1578 693 1630 873 1600 504 1535 328 1518 309 1426 234 1414 503 1496 437 1477 336 1595 314 1625 462 1527 519
img08255.jpg 1587 840 1537 680 1562 502 1626 503 1582 688 1632 871 1596 497 1537 311 1523 288 1433 206 1416 482 1500 420 1481 316 1599 296 1630 443 1528 496
img08256.jpg 1586 839 1543 674 1560 496 1620 499 1586 683 1635 871 1591 493 1540 293 1525 270 1439 181 1419 460 1502 403 1482 299 1603 279 1632 426 1531 474
img08257.jpg 1586 838 1545 674 1556 494 1616 496 1592 680 1633 870 1589 494 1542 279 1527 253 1450 158 1420 439 1503 389 1488 282 1607 265 1636 410 1533 457
img08258.jpg 1584 836 1548 670 1554 495 1615 495 1600 679 1632 866 1584 495 1545 268 1530 238 1461 135 1421 422 1503 380 1494 268 1612 253 1642 401 1533 440
img08259.jpg 1583 836 1550 666 1553 490 1617 493 1602 675 1632 866 1583 490 1550 259 1535 229 1471 117 1426 408 1505 374 1496 259 1614 244 1644 390 1535 426
img08260.jpg 1582 836 1552 662 1548 484 1616 491 1607 674 1631 867 1579 484 1552 252 1536 221 1484 102 1429 396 1505 365 1499 252 1619 236 1646 380 1536 414
img08261.jpg 1583 834 1553 660 1547 480 1617 486 1608 672 1629 865 1577 480 1553 245 1538 214 1495 92 1431 388 1507 364 1504 248 1623 233 1651 373 1538 404
img08262.jpg 1585 836 1555 656 1546 476 1616 482 1607 668 1631 866 1576 476 1555 241 1540 207 1500 82 1430 384 1509 363 1506 244 1628 229 1653 369 1540 394
img08263.jpg 1588 835 1558 658 1545 471 1613 480 1607 667 1634 869 1576 474 1561 238 1542 202 1506 77 1432 379 1515 361 1509 241 1631 226 1652 364 1542 385
img08264.jpg 1586 835 1559 660 1543 472 1611 478 1608 666 1633 866 1574 475 1562 234 1543 197 1509 74 1429 377 1516 361 1512 240 1636 225 1654 364 1543 382
img08265.jpg 1588 834 1560 661 1545 472 1610 475 1607 664 1632 865 1576 475 1567 233 1548 196 1511 72 1430 376 1520 363 1514 242 1638 227 1656 363 1545 379
img08266.jpg 1590 835 1561 663 1546 468 1608 475 1608 663 1630 866 1577 472 1571 233 1552 196 1511 68 1430 375 1524 359 1514 240 1640 224 1655 362 1546 378
img08267.jpg 1589 835 1561 663 1545 466 1608 476 1608 663 1630 866 1577 469 1574 231 1555 197 1514 69 1433 373 1526 357 1514 241 1639 222 1658 363 1545 378
img08268.jpg 1588 837 1560 660 1545 465 1607 474 1607 663 1629 865 1576 465 1573 232 1557 201 1514 73 1433 372 1526 356 1514 241 1641 222 1660 362 1545 378
img08269.jpg 1590 836 1559 658 1544 461 1605 473 1608 661 1630 867 1575 461 1575 233 1559 202 1513 76 1432 372 1525 356 1513 239 1642 221 1660 362 1544 378
img08270.jpg 1589 837 1559 657 1543 459 1604 474 1607 663 1632 867 1574 459 1574 233 1559 203 1513 78 1433 371 1525 355 1513 236 1641 218 1662 362 1543 377
img08271.jpg 1586 837 1559 658 1541 461 1604 476 1607 664 1632 867 1574 461 1571 233 1559 203 1514 79 1434 367 1526 355 1514 236 1641 218 1662 364 1544 376
img08272.jpg 1588 835 1561 659 1540 463 1606 478 1609 665 1630 865 1573 463 1570 235 1558 205 1512 78 1436 366 1528 353 1515 235 1642 220 1661 363 1543 375
img08273.jpg 1589 835 1561 659 1540 464 1607 479 1610 665 1631 866 1573 464 1570 235 1558 204 1512 76 1435 366 1528 354 1515 238 1640 220 1659 366 1543 375
img08274.jpg 1589 837 1561 660 1540 465 1611 481 1608 670 1632 868 1573 469 1570 233 1558 205 1512 75 1437 369 1530 351 1518 239 1638 221 1657 366 1543 375
img08275.jpg 1587 836 1562 660 1538 465 1612 481 1609 670 1630 867 1574 472 1568 233 1556 206 1510 76 1435 370 1528 351 1519 240 1640 221 1655 369 1544 379
img08276.jpg 1589 837 1560 661 1539 468 1610 481 1607 670 1632 868 1573 475 1570 233 1554 208 1505 78 1433 372 1523 357 1517 242 1638 223 1657 369 1542 381
img08277.jpg 1589 839 1560 661 1541 469 1610 479 1607 670 1632 870 1576 476 1569 232 1554 207 1501 78 1428 376 1519 360 1516 241 1635 222 1657 369 1544 382
img08278.jpg 1587 837 1559 661 1540 472 1611 478 1608 670 1630 868 1574 478 1568 233 1553 209 1494 81 1426 376 1516 360 1516 240 1633 224 1658 367 1543 385
img08279.jpg 1586 838 1561 662 1542 474 1610 477 1610 668 1628 865 1573 477 1567 234 1551 210 1490 86 1425 376 1514 364 1511 241 1632 225 1660 367 1542 385
img08280.jpg 1589 837 1558 662 1546 476 1610 479 1610 668 1629 864 1573 479 1567 234 1552 213 1485 90 1424 378 1512 366 1506 244 1629 225 1659 366 1540 387
img08281.jpg 1589 835 1559 661 1546 474 1614 477 1611 667 1629 862 1574 477 1565 236 1549 214 1479 95 1424 380 1513 361 1504 242 1626 224 1657 367 1540 389
img08282.jpg 1589 834 1556 661 1547 477 1613 479 1610 667 1629 861 1574 479 1565 237 1550 219 1474 104 1423 383 1511 361 1501 246 1625 225 1653 371 1538 395
img08283.jpg 1591 836 1557 663 1548 478 1612 481 1609 666 1630 863 1575 481 1563 239 1548 220 1470 111 1421 387 1509 363 1500 248 1624 227 1648 375 1536 399
img08284.jpg 1592 836 1556 661 1547 477 1611 480 1608 667 1632 866 1577 480 1562 242 1547 224 1463 115 1418 390 1505 362 1499 251 1619 230 1644 378 1535 405
img08285.jpg 1590 837 1557 662 1547 478 1614 478 1608 665 1632 866 1578 478 1560 247 1542 226 1455 123 1415 394 1503 364 1500 253 1617 235 1641 382 1533 409
img08286.jpg 1589 838 1556 660 1550 480 1612 480 1607 666 1630 867 1580 480 1556 250 1539 229 1448 134 1412 400 1500 368 1497 259 1615 238 1639 386 1527 418
img08287.jpg 1588 838 1556 659 1550 480 1615 480 1603 668 1632 868 1579 480 1550 255 1535 234 1442 143 1409 407 1497 372 1492 260 1609 243 1638 390 1524 425
img08288.jpg 1587 837 1555 660 1552 479 1619 479 1601 668 1630 866 1584 479 1546 261 1532 241 1433 150 1407 415 1494 377 1485 267 1604 250 1636 395 1520 433
img08289.jpg 1586 835 1552 662 1555 483 1620 483 1598 668 1629 866 1586 483 1541 270 1527 251 1425 168 1408 426 1490 384 1481 273 1600 256 1635 401 1516 443
img08290.jpg 1586 837 1549 666 1555 486 1619 486 1594 672 1628 868 1588 486 1535 278 1524 262 1418 183 1406 438 1488 391 1476 281 1594 264 1631 410 1510 458
img08291.jpg 1586 837 1545 670 1556 489 1621 489 1592 673 1630 869 1589 484 1532 291 1518 272 1414 198 1403 453 1482 401 1471 291 1589 275 1625 420 1507 474
img08292.jpg 1585 837 1540 674 1556 492 1625 490 1588 674 1630 871 1591 487 1529 303 1513 284 1412 214 1401 468 1479 412 1470 305 1585 287 1617 433 1502 491
img08293.jpg 1585 838 1533 679 1556 496 1629 491 1583 679 1632 872 1588 493 1525 315 1509 300 1412 237 1400 485 1476 425 1468 321 1580 300 1611 449 1501 511
img08294.jpg 1583 838 1527 681 1553 505 1634 494 1579 684 1632 872 1586 499 1522 330 1507 315 1412 258 1396 502 1474 440 1466 338 1578 315 1607 466 1499 532
img08295.jpg 1584 837 1519 683 1554 515 1642 500 1572 688 1634 872 1594 505 1519 347 1504 332 1411 284 1393 523 1469 457 1464 357 1577 332 1602 483 1499 555
img08296.jpg 1583 838 1511 690 1563 520 1650 508 1566 695 1633 873 1603 515 1518 365 1503 350 1409 313 1391 543 1466 475 1466 375 1574 353 1598 503 1498 575
img08297.jpg 1582 839 1507 699 1576 529 1656 519 1560 701 1633 874 1612 524 1518 387 1502 373 1407 341 1390 564 1465 494 1465 397 1574 373 1596 523 1499 598
img08298.jpg 1582 841 1506 709 1588 542 1660 535 1554 706 1632 875 1624 535 1518 406 1501 392 1405 368 1389 584 1463 511 1468 418 1575 392 1594 542 1496 622
img08299.jpg 1581 845 1508 718 1605 551 1666 548 1549 712 1632 877 1636 546 1517 426 1501 412 1405 392 1388 607 1462 529 1467 442 1574 411 1591 562 1496 644
img08300.jpg 1579 849 1512 725 1616 559 1665 562 1546 717 1632 878 1634 561 1517 446 1501 432 1405 412 1390 626 1461 548 1468 463 1574 428 1588 581 1496 665
img08301.jpg 1579 854 1519 730 1619 575 1666 573 1543 721 1632 879 1636 578 1517 462 1504 453 1410 432 1391 645 1462 564 1466 487 1575 443 1585 599 1496 686
img08302.jpg 1581 859 1527 731 1621 591 1665 587 1539 728 1632 879 1636 594 1516 480 1504 469 1408 450 1392 662 1460 583 1466 509 1575 461 1584 616 1495 707
img08303.jpg 1565 863 1516 732 1603 606 1664 600 1538 735 1632 880 1634 607 1517 496 1505 488 1411 467 1393 681 1458 600 1463 528 1576 478 1584 633 1498 725
img08304.jpg 1550 870 1501 735 1582 623 1665 615 1539 745 1632 881 1634 618 1518 512 1507 506 1412 485 1393 698 1456 616 1464 543 1576 496 1582 649 1498 744
img08305.jpg 1539 877 1489 741 1563 640 1668 630 1539 754 1630 884 1637 629 1520 526 1509 522 1414 501 1392 716 1455 630 1464 559 1577 514 1581 664 1496 762
img08306.jpg 1524 884 1474 749 1543 656 1671 644 1542 766 1632 884 1638 640 1519 541 1509 534 1415 514 1392 730 1452 646 1465 571 1577 531 1581 677 1496 780
img08307.jpg 1504 892 1456 756 1526 666 1673 651 1545 771 1633 879 1637 649 1519 552 1511 548 1417 528 1393 745 1451 659 1464 582 1575 548 1581 689 1496 796
img08308.jpg 1503 900 1456 763 1528 675 1674 661 1546 782 1633 880 1635 659 1517 564 1509 558 1415 539 1391 758 1451 669 1465 590 1575 562 1579 703 1493 811
img08309.jpg 1517 908 1471 770 1546 680 1671 667 1544 788 1632 879 1634 670 1516 575 1509 567 1415 548 1393 769 1451 680 1464 599 1575 575 1580 713 1497 824
img08310.jpg 1529 916 1485 777 1565 686 1672 677 1544 799 1634 878 1633 679 1515 585 1508 576 1413 557 1394 780 1451 688 1462 608 1576 585 1580 724 1499 834
img08311.jpg 1542 923 1499 783 1582 691 1669 685 1541 809 1631 878 1631 687 1515 593 1506 584 1412 565 1394 788 1454 694 1463 615 1577 595 1579 734 1502 842
img08312.jpg 1546 928 1502 788 1585 696 1670 698 1541 823 1630 885 1634 694 1517 599 1506 592 1412 573 1394 795 1455 699 1464 620 1580 599 1578 741 1504 849
img08313.jpg 1563 933 1518 793 1602 701 1671 705 1542 831 1631 886 1640 701 1518 604 1508 597 1413 579 1395 801 1457 705 1467 626 1580 604 1578 746 1506 854
img08314.jpg 1566 937 1520 797 1604 705 1673 712 1544 840 1631 887 1642 707 1518 608 1507 601 1413 583 1394 805 1458 708 1469 630 1582 610 1578 752 1505 858
img08315.jpg 1569 941 1522 800 1607 708 1673 713 1543 843 1632 886 1647 712 1520 612 1509 606 1414 589 1395 807 1459 712 1470 634 1581 616 1579 756 1505 864
img08316.jpg 1572 944 1523 804 1609 711 1674 717 1544 847 1634 887 1647 713 1521 615 1510 609 1415 592 1395 810 1459 715 1470 636 1583 618 1581 759 1504 866
img08317.jpg 1586 948 1536 808 1622 715 1675 719 1545 850 1637 888 1649 717 1520 618 1511 611 1416 594 1394 813 1458 717 1471 638 1584 620 1582 762 1505 870
img08318.jpg 1585 950 1534 810 1620 717 1676 719 1546 852 1639 890 1649 717 1519 620 1510 614 1415 597 1396 815 1457 719 1470 639 1586 620 1582 764 1506 874
img08319.jpg 1585 954 1533 814 1619 721 1675 719 1545 853 1640 892 1650 717 1519 621 1510 618 1415 601 1397 816 1456 719 1471 641 1587 618 1582 766 1506 877
img08320.jpg 1584 956 1531 815 1618 722 1675 720 1545 856 1641 895 1648 717 1519 622 1510 617 1415 601 1396 819 1457 720 1471 640 1589 615 1582 767 1508 876
img08321.jpg 1582 957 1528 817 1615 723 1674 720 1543 856 1640 898 1649 718 1518 622 1509 618 1414 602 1397 820 1456 721 1472 639 1588 616 1581 768 1509 879
img08322.jpg 1581 960 1525 819 1613 726 1672 719 1541 857 1639 900 1647 717 1518 621 1509 619 1414 603 1397 821 1456 722 1472 640 1586 619 1581 769 1509 878
img08323.jpg 1580 962 1523 822 1611 729 1672 720 1541 859 1639 904 1648 716 1518 622 1511 618 1416 603 1397 822 1456 723 1472 639 1586 622 1581 770 1509 877
img08324.jpg 1581 961 1523 820 1611 727 1672 720 1541 860 1640 907 1645 716 1518 621 1511 618 1416 602 1397 821 1458 723 1472 641 1584 625 1581 769 1509 879
img08325.jpg 1581 961 1522 821 1611 727 1671 720 1540 862 1640 911 1645 717 1519 621 1512 618 1417 603 1399 820 1457 724 1473 639 1584 629 1580 770 1507 880
img08326.jpg 1584 961 1524 821 1612 727 1671 720 1540 863 1640 914 1645 716 1521 623 1514 618 1418 603 1399 822 1456 723 1473 639 1586 628 1580 770 1507 880
img08327.jpg 1587 959 1526 819 1615 725 1672 721 1540 866 1641 918 1645 718 1523 623 1514 617 1418 602 1400 822 1457 723 1473 639 1587 627 1580 769 1507 882
img08328.jpg 1593 956 1530 816 1620 722 1671 722 1539 867 1640 922 1643 718 1525 623 1514 616 1419 602 1400 824 1458 722 1474 641 1585 628 1580 769 1508 883
img08329.jpg 1594 957 1530 817 1620 723 1671 722 1539 869 1641 926 1643 719 1526 625 1516 617 1420 602 1402 818 1456 723 1474 640 1586 627 1579 770 1506 882
img08330.jpg 1596 956 1531 816 1622 721 1672 723 1540 871 1642 930 1645 720 1527 625 1515 616 1419 602 1402 820 1458 721 1473 644 1584 626 1579 770 1508 882
img08331.jpg 1598 954 1532 815 1623 720 1673 725 1541 875 1643 936 1645 720 1527 624 1515 616 1420 602 1402 821 1459 720 1474 645 1584 626 1579 770 1509 882
img08332.jpg 1602 953 1535 814 1626 719 1674 726 1542 877 1644 940 1646 719 1528 625 1516 616 1420 603 1403 822 1459 719 1473 645 1583 628 1579 770 1509 881
img08333.jpg 1600 953 1532 814 1623 719 1673 724 1541 877 1644 942 1644 719 1527 625 1515 616 1419 603 1405 814 1460 719 1472 644 1583 625 1578 771 1507 881
img08334.jpg 1601 953 1531 814 1623 719 1673 724 1541 878 1644 945 1645 719 1527 624 1515 616 1419 603 1403 821 1461 719 1474 642 1583 624 1578 771 1508 883
img08335.jpg 1603 952 1533 813 1625 718 1673 724 1541 878 1644 948 1645 718 1527 624 1517 615 1421 603 1403 820 1462 718 1475 641 1584 624 1579 770 1511 888
img08336.jpg 1606 952 1534 813 1627 718 1671 723 1539 879 1643 950 1645 719 1527 625 1517 615 1421 602 1403 819 1463 719 1475 642 1584 623 1576 767 1510 890
img08337.jpg 1606 951 1533 812 1626 717 1669 722 1537 880 1641 953 1645 719 1526 626 1517 614 1421 602 1403 819 1465 719 1475 642 1583 623 1576 767 1508 893
img08338.jpg 1610 950 1536 811 1629 716 1669 723 1537 881 1641 957 1648 719 1528 626 1516 614 1420 603 1401 826 1465 719 1475 642 1583 625 1577 764 1509 896
img08339.jpg 1615 947 1539 809 1633 714 1669 722 1537 883 1641 961 1650 717 1528 626 1516 614 1420 602 1400 826 1464 717 1475 641 1583 627 1577 762 1505 897
img08340.jpg 1614 944 1537 805 1631 710 1670 719 1537 880 1642 961 1651 716 1528 624 1514 610 1418 599 1400 822 1465 716 1474 636 1584 628 1576 761 1502 893
img08341.jpg 1611 943 1533 805 1627 709 1672 716 1540 879 1644 961 1649 711 1528 620 1512 608 1416 597 1400 817 1466 713 1473 630 1584 627 1580 761 1505 889
img08342.jpg 1598 938 1519 800 1614 705 1675 710 1543 875 1647 959 1648 707 1527 614 1513 603 1417 592 1400 812 1468 709 1475 623 1584 621 1580 756 1510 882
img08343.jpg 1581 931 1501 794 1596 698 1678 702 1545 867 1649 954 1646 698 1525 605 1512 594 1416 583 1400 804 1469 702 1475 614 1585 612 1581 750 1514 871
img08344.jpg 1567 923 1484 786 1579 689 1671 690 1539 856 1643 946 1637 689 1525 594 1510 583 1417 572 1401 794 1472 695 1474 607 1585 597 1585 742 1525 860
img08345.jpg 1557 916 1471 781 1566 681 1670 678 1537 846 1641 937 1635 677 1523 581 1510 571 1417 563 1404 784 1474 685 1476 596 1584 579 1590 729 1536 846
img08346.jpg 1551 904 1461 772 1551 672 1667 664 1535 834 1638 928 1618 668 1522 566 1510 558 1415 549 1407 772 1475 670 1477 585 1583 560 1593 714 1545 830
img08347.jpg 1555 893 1460 764 1549 661 1660 652 1527 822 1630 919 1607 657 1523 551 1510 543 1415 530 1413 756 1477 655 1479 570 1583 543 1597 697 1556 813
img08348.jpg 1564 883 1464 757 1553 646 1656 636 1524 808 1627 907 1607 642 1524 533 1509 525 1414 508 1418 739 1480 638 1482 552 1584 523 1601 680 1568 795
img08349.jpg 1568 874 1467 751 1556 631 1662 619 1530 793 1632 898 1612 625 1524 515 1510 506 1407 485 1425 720 1482 618 1484 530 1583 505 1605 657 1578 772
img08350.jpg 1572 864 1471 744 1559 616 1662 601 1530 776 1631 892 1609 607 1525 495 1511 487 1404 456 1432 702 1487 598 1484 507 1585 485 1610 634 1585 749
img08351.jpg 1575 857 1476 736 1566 595 1663 581 1531 758 1631 885 1620 586 1525 473 1512 460 1404 423 1440 681 1491 577 1483 482 1585 463 1614 609 1593 725
img08352.jpg 1577 850 1481 728 1566 580 1664 561 1539 741 1633 880 1618 570 1525 448 1509 432 1402 389 1445 662 1494 556 1482 455 1586 437 1620 583 1600 700
img08353.jpg 1579 847 1489 721 1564 568 1656 546 1545 727 1631 878 1606 558 1524 422 1510 403 1402 353 1452 643 1496 534 1479 429 1586 410 1626 555 1608 676
img08354.jpg 1582 845 1496 714 1561 557 1642 540 1549 720 1628 877 1593 549 1525 395 1510 375 1407 313 1457 622 1500 511 1478 403 1587 383 1628 528 1614 649
img08355.jpg 1583 846 1504 706 1557 544 1630 532 1558 714 1627 874 1585 542 1524 367 1508 344 1411 274 1463 602 1503 489 1477 378 1586 354 1632 504 1622 625
img08356.jpg 1582 846 1513 700 1552 535 1618 525 1566 708 1627 873 1579 535 1526 343 1507 316 1418 236 1468 582 1505 468 1478 351 1587 327 1634 478 1627 601
img08357.jpg 1582 848 1522 695 1551 523 1613 520 1575 701 1627 870 1579 523 1527 319 1510 291 1428 201 1475 564 1505 447 1480 330 1591 305 1635 455 1633 577
img08358.jpg 1582 848 1528 691 1548 513 1611 513 1580 696 1628 871 1576 513 1531 298 1511 269 1437 172 1479 544 1505 427 1482 310 1594 287 1637 435 1637 556
img08359.jpg 1582 846 1538 684 1546 503 1611 503 1588 691 1629 869 1576 503 1535 280 1515 248 1447 148 1485 529 1506 412 1482 292 1599 268 1640 420 1640 541
img08360.jpg 1584 841 1546 678 1543 495 1611 495 1593 682 1629 868 1572 495 1540 267 1520 232 1460 125 1487 516 1505 397 1484 276 1605 255 1640 406 1640 528
img08361.jpg 1589 838 1553 674 1540 490 1610 490 1601 678 1628 865 1570 490 1543 254 1526 218 1471 109 1489 505 1504 387 1486 266 1610 245 1643 396 1643 517
img08362.jpg 1591 835 1560 669 1539 487 1606 484 1606 675 1630 865 1569 487 1548 248 1530 208 1479 96 1488 496 1503 381 1488 257 1612 236 1645 390 1642 511
img08363.jpg 1591 833 1566 662 1539 485 1603 482 1612 672 1630 864 1569 485 1551 244 1536 201 1490 85 1487 494 1502 378 1490 253 1615 228 1646 384 1640 506
img08364.jpg 1591 832 1569 660 1538 485 1603 479 1615 666 1630 863 1569 485 1553 242 1541 195 1501 76 1483 491 1501 377 1495 248 1618 226 1646 380 1637 503
img08365.jpg 1591 833 1569 660 1538 484 1600 477 1615 669 1634 864 1569 484 1553 239 1544 193 1510 69 1479 490 1501 379 1498 245 1621 224 1646 379 1634 502
img08366.jpg 1589 835 1567 658 1537 481 1599 475 1614 667 1633 862 1567 481 1555 237 1546 190 1521 63 1478 491 1499 379 1499 243 1627 224 1645 379 1630 503
img08367.jpg 1589 833 1564 658 1533 480 1595 477 1614 667 1633 861 1564 480 1555 234 1549 187 1530 60 1477 490 1499 378 1499 243 1630 222 1642 378 1627 502
img08368.jpg 1591 831 1562 661 1531 479 1594 476 1612 667 1631 859 1562 479 1556 231 1553 187 1537 55 1474 488 1499 376 1499 240 1635 222 1641 379 1622 501
img08369.jpg 1591 831 1560 663 1528 478 1591 478 1612 668 1628 857 1560 478 1560 226 1554 184 1544 52 1476 489 1497 373 1497 241 1639 221 1639 379 1618 499
img08370.jpg 1594 827 1562 668 1530 477 1594 477 1610 668 1626 859 1562 477 1562 222 1562 191 1546 47 1467 493 1498 366 1498 238 1642 222 1642 382 1610 493
