ResultRaw1 ResultRaw2 ResultRaw3 ResultRaw4 ResultRaw5 ResultRaw6 ResultRaw7 ResultRaw8 ResultRaw9 ResultRaw10 ResultRaw11 ResultRaw12 ResultRaw13 ResultRaw14 ResultRaw15 ResultRaw16 ResultRaw17 ResultRaw18 ResultRaw19 ResultRaw20 ResultRaw21 ResultRaw22 ResultRaw23 ResultRaw24 ResultRaw25 ResultRaw26 ResultRaw27 ResultRaw28 ResultRaw29 ResultRaw30 ResultRaw31 ResultRaw32 ResultRaw33
img12271.jpg 1596 853 1564 662 1548 472 1612 472 1612 678 1627 868 1580 472 1596 234 1596 187 1548 60 1501 472 1548 361 1548 234 1659 234 1675 377 1643 504
img12272.jpg 1601 850 1559 668 1543 475 1606 486 1601 678 1626 871 1575 475 1595 231 1590 189 1543 59 1497 470 1548 356 1543 231 1658 231 1668 381 1632 507
img12273.jpg 1596 849 1561 669 1542 476 1605 486 1593 681 1624 870 1574 476 1593 231 1583 190 1539 57 1498 473 1548 357 1542 231 1656 234 1662 382 1621 502
img12274.jpg 1583 846 1557 668 1541 479 1604 489 1582 681 1620 870 1573 479 1589 230 1576 189 1535 57 1497 476 1544 356 1538 230 1652 234 1658 381 1614 498
img12275.jpg 1568 842 1554 665 1541 481 1605 487 1570 681 1614 866 1573 481 1586 230 1570 192 1532 55 1497 478 1541 357 1535 233 1646 233 1656 379 1608 494
img12276.jpg 1552 841 1549 663 1540 481 1604 487 1556 679 1610 861 1572 481 1585 229 1562 190 1527 56 1495 481 1543 356 1530 235 1642 232 1652 379 1604 490
img12277.jpg 1540 840 1545 660 1538 481 1602 484 1538 676 1605 855 1570 481 1580 228 1557 190 1525 59 1494 481 1541 356 1525 238 1637 228 1650 375 1605 490
img12278.jpg 1529 838 1537 657 1537 479 1598 486 1522 667 1601 850 1569 479 1576 225 1553 191 1521 58 1490 482 1543 354 1521 238 1633 225 1649 374 1607 492
img12279.jpg 1532 840 1538 658 1538 478 1595 484 1503 659 1595 843 1566 478 1573 224 1550 193 1522 57 1487 484 1544 353 1518 241 1630 224 1646 373 1608 494
img12280.jpg 1536 844 1537 661 1535 477 1592 483 1489 650 1583 831 1564 477 1567 226 1551 191 1519 60 1485 486 1541 353 1516 239 1629 223 1645 373 1611 496
img12281.jpg 1544 851 1539 666 1533 476 1589 479 1476 639 1580 834 1561 476 1561 228 1548 191 1517 59 1482 488 1532 355 1513 238 1627 225 1642 372 1614 495
img12282.jpg 1557 856 1543 671 1530 473 1584 479 1463 628 1578 837 1559 476 1559 230 1546 192 1514 59 1480 489 1527 358 1508 240 1625 227 1641 375 1616 499
img12283.jpg 1567 861 1546 675 1530 472 1581 479 1450 621 1579 839 1556 475 1556 234 1543 192 1511 62 1476 488 1521 361 1501 240 1623 227 1638 374 1616 498
img12284.jpg 1570 862 1544 675 1525 469 1578 479 1442 615 1581 844 1553 476 1550 235 1541 191 1506 64 1474 485 1515 365 1496 241 1620 229 1635 377 1617 501
img12285.jpg 1577 860 1544 673 1521 466 1575 479 1432 613 1571 855 1549 476 1546 234 1533 193 1502 65 1470 486 1508 368 1489 244 1613 231 1629 380 1616 505
img12286.jpg 1582 858 1545 670 1519 463 1570 479 1421 612 1535 845 1545 476 1542 234 1529 193 1497 69 1465 486 1503 371 1481 247 1608 231 1624 380 1615 508
img12287.jpg 1581 857 1542 669 1517 467 1567 479 1414 616 1492 838 1539 476 1536 236 1523 195 1492 73 1461 489 1492 373 1477 248 1601 233 1617 382 1614 507
img12288.jpg 1584 855 1537 669 1512 469 1565 478 1409 622 1445 836 1534 478 1528 237 1515 196 1487 77 1456 491 1484 375 1471 252 1593 233 1612 384 1612 509
img12289.jpg 1589 856 1534 672 1509 472 1560 482 1405 631 1395 837 1528 482 1522 241 1509 200 1481 79 1449 494 1478 377 1465 253 1585 234 1608 383 1611 510
img12290.jpg 1590 857 1533 677 1511 480 1550 486 1403 639 1365 839 1521 486 1514 246 1501 201 1473 80 1441 496 1470 382 1460 255 1577 239 1600 388 1606 512
img12291.jpg 1590 855 1526 680 1507 490 1539 493 1402 649 1351 853 1513 493 1507 251 1494 206 1466 82 1434 499 1463 384 1456 257 1567 241 1593 394 1599 515
img12292.jpg 1589 855 1519 683 1500 494 1529 497 1401 660 1343 867 1503 497 1500 255 1487 207 1458 82 1423 501 1458 389 1449 258 1557 245 1586 398 1589 516
img12293.jpg 1589 855 1516 688 1492 502 1514 505 1403 672 1340 879 1495 505 1491 259 1482 212 1450 86 1413 502 1450 392 1441 259 1545 250 1573 404 1580 521
img12294.jpg 1589 854 1514 691 1479 508 1498 508 1400 684 1341 892 1482 508 1482 263 1473 216 1441 90 1400 505 1441 395 1435 263 1532 257 1561 411 1570 524
img12295.jpg 1586 852 1507 693 1463 513 1488 513 1399 693 1342 902 1472 513 1472 265 1466 221 1434 94 1390 510 1434 399 1425 265 1520 259 1551 414 1558 532
img12296.jpg 1583 854 1504 696 1447 516 1479 516 1397 702 1343 911 1460 516 1460 267 1454 222 1425 96 1374 510 1425 403 1413 267 1507 264 1539 418 1545 535
img12297.jpg 1579 851 1500 702 1431 518 1465 521 1396 708 1345 914 1450 521 1447 267 1440 226 1412 96 1361 512 1412 404 1402 267 1494 267 1523 423 1529 543
img12298.jpg 1574 849 1491 701 1415 519 1456 522 1392 711 1344 919 1437 522 1434 266 1427 228 1396 96 1347 516 1399 407 1389 266 1482 272 1511 426 1511 547
img12299.jpg 1566 843 1482 707 1402 519 1447 523 1389 717 1343 921 1424 523 1421 264 1411 228 1379 99 1334 513 1382 410 1372 264 1469 270 1495 425 1492 552
img12300.jpg 1556 836 1465 707 1387 515 1436 518 1381 720 1342 924 1413 522 1410 265 1397 226 1361 96 1322 508 1367 408 1361 265 1455 271 1481 424 1475 551
img12301.jpg 1541 825 1444 708 1376 512 1424 516 1376 718 1343 927 1402 519 1398 265 1385 226 1343 96 1314 506 1356 405 1349 265 1444 271 1467 424 1457 552
img12302.jpg 1529 818 1413 706 1364 511 1416 514 1367 719 1341 930 1390 518 1387 264 1374 224 1324 96 1304 505 1344 406 1337 264 1433 270 1456 422 1436 551
img12303.jpg 1510 807 1386 707 1353 509 1406 512 1360 720 1339 931 1380 516 1376 265 1359 221 1306 94 1296 499 1336 402 1329 265 1423 268 1443 422 1416 549
img12304.jpg 1493 796 1356 701 1340 507 1396 513 1353 717 1339 930 1373 516 1370 263 1349 220 1289 90 1286 500 1333 396 1323 263 1413 270 1433 423 1396 550
img12305.jpg 1477 792 1334 703 1329 510 1386 520 1352 721 1339 928 1362 516 1359 262 1339 218 1272 92 1275 500 1326 396 1312 262 1403 269 1423 423 1375 550
img12306.jpg 1460 791 1312 702 1317 509 1378 523 1351 725 1337 927 1354 519 1351 260 1327 219 1256 95 1267 499 1317 394 1304 260 1392 267 1412 422 1358 553
img12307.jpg 1436 792 1296 703 1307 511 1368 521 1351 728 1337 927 1348 518 1341 261 1317 217 1243 96 1260 495 1314 393 1297 261 1378 265 1402 420 1344 552
img12308.jpg 1413 799 1277 706 1296 513 1360 527 1350 732 1336 930 1336 520 1333 261 1309 218 1232 97 1252 493 1306 396 1289 261 1367 265 1394 419 1333 550
img12309.jpg 1386 809 1259 709 1287 515 1350 526 1347 734 1334 930 1327 519 1324 263 1300 217 1218 101 1248 489 1300 396 1280 263 1357 263 1384 419 1324 546
img12310.jpg 1357 814 1241 706 1278 513 1344 523 1341 733 1331 933 1321 516 1315 263 1288 217 1206 102 1239 487 1295 395 1275 263 1347 263 1374 420 1315 546
img12311.jpg 1329 819 1223 705 1270 512 1333 522 1336 735 1329 935 1313 515 1303 263 1280 217 1195 102 1231 486 1290 394 1270 263 1336 263 1365 420 1306 538
img12312.jpg 1301 823 1205 702 1262 510 1324 523 1327 735 1327 934 1301 516 1295 262 1269 219 1184 105 1223 487 1282 392 1262 262 1327 262 1357 421 1298 536
img12313.jpg 1273 832 1187 699 1254 508 1316 521 1322 733 1329 933 1292 517 1286 262 1257 219 1171 104 1214 484 1273 393 1254 262 1319 262 1349 422 1289 534
img12314.jpg 1242 845 1174 698 1248 507 1310 523 1317 731 1330 935 1284 516 1274 262 1248 223 1162 104 1202 487 1261 394 1244 262 1307 262 1340 421 1277 533
img12315.jpg 1211 860 1165 703 1237 508 1299 522 1309 729 1329 933 1270 518 1263 261 1237 225 1154 103 1191 488 1250 399 1234 261 1296 261 1329 419 1263 528
img12316.jpg 1181 875 1159 707 1224 511 1292 521 1302 728 1328 932 1259 518 1253 262 1227 226 1144 101 1178 488 1237 406 1220 265 1286 262 1319 419 1247 528
img12317.jpg 1153 891 1155 709 1211 514 1282 520 1295 726 1328 934 1247 517 1240 263 1218 227 1136 100 1159 488 1224 412 1208 266 1273 263 1305 419 1228 524
img12318.jpg 1130 900 1153 715 1202 518 1273 521 1286 725 1325 932 1234 518 1228 261 1205 229 1131 99 1140 488 1209 414 1192 265 1260 261 1289 420 1205 521
img12319.jpg 1115 906 1152 721 1191 521 1259 521 1279 727 1321 932 1220 521 1213 263 1191 228 1125 97 1122 482 1194 417 1177 267 1249 260 1275 423 1180 515
img12320.jpg 1104 911 1143 721 1180 525 1248 525 1268 734 1320 937 1209 525 1199 266 1179 227 1114 96 1101 475 1179 416 1163 269 1235 262 1258 426 1156 508
img12321.jpg 1096 916 1135 729 1169 527 1234 527 1251 735 1317 939 1195 527 1185 270 1165 227 1106 95 1079 467 1165 414 1148 270 1221 266 1241 428 1132 500
img12322.jpg 1092 921 1129 735 1159 526 1218 529 1235 738 1315 938 1185 526 1172 273 1152 227 1096 94 1059 459 1149 412 1136 273 1209 267 1222 429 1109 492
img12323.jpg 1087 927 1124 739 1148 527 1205 530 1215 742 1309 936 1175 527 1161 274 1141 227 1084 93 1036 456 1138 412 1128 278 1194 268 1204 429 1080 479
img12324.jpg 1085 931 1119 739 1136 527 1193 530 1192 742 1304 934 1166 527 1152 274 1132 228 1071 93 1021 460 1129 412 1119 278 1182 268 1186 426 1057 469
img12325.jpg 1083 933 1117 739 1131 526 1182 529 1171 739 1293 929 1158 522 1144 274 1124 230 1063 94 1005 459 1117 410 1110 278 1171 268 1168 420 1035 454
img12326.jpg 1083 932 1114 734 1127 522 1172 525 1154 737 1281 929 1151 518 1134 271 1113 230 1052 93 991 463 1107 408 1103 275 1161 265 1151 415 1014 442
img12327.jpg 1082 930 1113 727 1124 520 1166 520 1138 737 1262 930 1148 513 1124 269 1103 231 1045 93 980 470 1098 408 1093 272 1152 262 1134 407 990 427
img12328.jpg 1083 927 1110 724 1120 515 1158 515 1127 738 1242 934 1144 508 1110 268 1096 231 1036 93 971 470 1087 406 1083 268 1144 258 1114 400 975 417
img12329.jpg 1082 925 1105 720 1119 509 1152 509 1119 737 1220 942 1139 502 1099 264 1088 231 1028 93 954 464 1068 400 1069 264 1132 258 1093 395 955 406
img12330.jpg 1082 923 1102 719 1112 508 1146 505 1112 735 1197 946 1136 502 1089 264 1079 231 1022 93 938 458 1053 395 1059 264 1126 254 1073 391 936 398
img12331.jpg 1083 921 1103 717 1106 507 1139 504 1106 737 1172 951 1129 500 1083 264 1073 230 1016 97 922 442 1038 386 1053 264 1116 254 1049 387 916 387
img12332.jpg 1086 921 1099 720 1099 509 1132 506 1102 737 1155 955 1122 506 1075 261 1065 228 1008 97 902 422 1021 376 1049 264 1109 254 1031 385 900 381
img12333.jpg 1086 917 1096 717 1089 506 1126 506 1096 734 1140 958 1116 503 1069 261 1059 228 1004 98 885 407 1005 367 1042 261 1100 255 1014 380 885 377
img12334.jpg 1089 913 1095 715 1085 507 1119 507 1092 736 1129 958 1112 504 1064 261 1051 227 1000 98 874 392 995 362 1047 261 1092 255 1000 378 870 371
img12335.jpg 1091 915 1091 714 1084 503 1114 506 1091 735 1125 960 1107 499 1060 260 1046 226 992 97 866 379 987 358 1049 260 1081 257 985 373 859 366
img12336.jpg 1091 920 1084 713 1084 500 1107 507 1091 734 1124 961 1104 497 1057 259 1043 228 985 96 858 372 977 358 1050 259 1074 255 972 368 850 364
img12337.jpg 1090 919 1080 714 1086 499 1103 506 1093 735 1123 960 1100 496 1053 258 1039 231 982 96 851 371 968 359 1049 254 1063 258 956 365 841 362
img12338.jpg 1092 921 1078 714 1092 501 1098 508 1095 735 1121 958 1098 498 1052 257 1035 231 975 98 848 371 960 362 1052 257 1055 258 945 361 835 361
img12339.jpg 1089 926 1076 715 1089 501 1096 507 1096 736 1119 960 1096 497 1046 255 1029 232 968 98 844 373 950 360 1046 255 1046 256 931 356 831 363
img12340.jpg 1090 925 1076 715 1086 502 1090 512 1096 736 1117 959 1090 502 1039 255 1022 231 964 99 839 377 940 360 1039 255 1039 255 920 356 822 363
img12341.jpg 1088 923 1075 712 1081 501 1088 511 1098 738 1115 957 1088 501 1031 258 1014 231 960 99 833 383 930 361 1031 254 1031 255 912 356 814 366
img12342.jpg 1090 925 1076 708 1080 498 1087 511 1097 734 1113 958 1087 498 1026 261 1009 230 951 99 835 390 926 361 1026 254 1022 254 904 353 803 369
img12343.jpg 1087 924 1077 706 1077 498 1084 508 1097 734 1117 960 1084 494 1019 258 999 231 946 99 830 389 922 361 1019 251 1013 255 895 353 791 375
img12344.jpg 1086 923 1076 706 1076 497 1080 510 1100 731 1120 959 1080 494 1016 260 996 232 940 102 828 389 923 365 1016 253 1006 256 886 353 778 378
img12345.jpg 1085 921 1078 705 1078 496 1079 509 1102 732 1121 959 1079 492 1013 260 990 236 931 105 828 390 924 370 1013 253 1000 256 879 351 770 382
img12346.jpg 1089 918 1082 706 1082 496 1079 509 1102 729 1122 959 1079 496 1010 260 987 236 928 105 833 388 928 371 1010 253 994 260 872 351 764 383
img12347.jpg 1088 915 1082 706 1082 496 1079 509 1102 730 1122 959 1079 499 1006 261 979 238 927 105 828 383 925 377 1006 255 989 258 867 354 764 384
img12348.jpg 1090 915 1080 705 1080 494 1077 511 1103 729 1120 958 1077 504 1001 266 977 240 921 107 831 378 925 379 1001 260 984 263 862 355 764 381
img12349.jpg 1093 914 1080 704 1080 493 1077 510 1100 729 1120 957 1077 503 994 268 971 241 918 105 833 375 925 381 997 258 981 265 861 354 769 375
img12350.jpg 1096 914 1080 703 1080 491 1076 508 1096 730 1120 957 1076 505 989 270 969 243 916 106 832 372 922 381 992 257 976 267 859 353 772 371
img12351.jpg 1094 915 1079 703 1079 492 1075 508 1095 732 1122 958 1075 505 985 269 965 245 909 109 828 369 919 385 989 259 972 268 858 355 777 371
img12352.jpg 1089 915 1073 703 1073 491 1073 508 1093 730 1123 959 1073 501 980 270 964 246 901 111 832 364 921 382 987 260 967 273 857 355 781 368
img12353.jpg 1088 914 1072 702 1072 490 1072 506 1092 734 1122 957 1072 500 977 269 961 246 898 112 831 366 921 381 987 256 964 273 858 355 788 366
img12354.jpg 1084 910 1069 698 1069 486 1072 502 1092 734 1121 955 1072 496 974 271 958 245 893 115 824 368 916 382 984 258 958 274 857 357 793 368
img12355.jpg 1078 911 1063 699 1063 486 1072 502 1095 730 1121 954 1072 489 970 271 954 242 889 114 822 366 915 383 983 258 957 274 859 357 802 371
img12356.jpg 1071 913 1056 701 1056 488 1072 501 1095 728 1117 952 1069 485 967 274 951 241 887 113 823 369 913 379 980 261 954 274 859 356 805 371
img12357.jpg 1074 912 1058 700 1058 486 1071 499 1097 729 1116 952 1068 483 966 273 950 244 886 113 819 371 912 384 979 260 953 273 859 355 808 370
img12358.jpg 1073 914 1058 702 1058 488 1074 500 1096 727 1118 953 1067 481 966 271 950 245 886 115 815 372 908 389 978 262 953 271 863 352 813 373
img12359.jpg 1074 917 1059 705 1059 491 1072 503 1098 727 1120 954 1065 487 967 270 951 248 887 114 820 373 909 392 979 264 954 270 866 347 817 374
img12360.jpg 1075 918 1061 705 1061 491 1073 503 1096 728 1122 953 1064 494 968 273 952 250 887 115 820 375 910 388 980 266 952 273 870 342 818 373
img12361.jpg 1078 917 1063 704 1063 489 1073 505 1096 729 1124 953 1063 496 967 272 952 253 887 115 821 378 910 394 983 266 952 272 873 338 819 377
img12362.jpg 1079 921 1064 708 1064 493 1074 506 1097 734 1126 955 1064 499 968 272 952 253 888 118 821 378 911 394 984 265 952 272 876 334 819 380
img12363.jpg 1081 924 1066 711 1066 495 1073 508 1099 735 1125 958 1066 501 969 271 953 252 888 116 823 375 914 395 985 265 953 271 876 332 814 380
img12364.jpg 1082 926 1068 713 1068 495 1074 508 1097 736 1123 961 1065 501 967 273 951 250 889 116 820 374 918 397 983 263 951 273 876 331 815 384
img12365.jpg 1083 935 1068 722 1068 500 1071 510 1097 738 1123 963 1065 503 967 272 951 249 889 116 820 373 915 400 983 262 948 272 869 336 810 393
img12366.jpg 1080 943 1066 729 1065 505 1069 512 1098 741 1124 962 1065 508 967 273 951 247 889 117 820 371 918 401 980 260 948 273 866 338 809 398
img12367.jpg 1079 946 1064 732 1064 506 1067 515 1096 737 1125 961 1064 509 966 275 950 246 888 116 820 372 917 402 976 262 947 275 862 341 806 403
img12368.jpg 1076 947 1061 733 1060 504 1070 511 1095 735 1124 960 1063 504 965 277 949 245 887 115 820 369 913 397 972 264 946 277 860 348 805 411
img12369.jpg 1073 946 1058 733 1056 505 1069 511 1095 733 1124 958 1066 498 968 277 952 244 886 114 825 373 909 394 971 267 949 277 857 353 796 415
img12370.jpg 1073 940 1056 726 1054 500 1070 510 1097 731 1123 959 1064 496 968 276 952 246 889 111 824 373 912 394 971 269 948 279 855 359 789 418
img12371.jpg 1075 937 1058 724 1055 498 1071 508 1098 727 1121 958 1064 495 968 274 952 244 889 108 821 371 912 393 972 270 949 277 853 359 780 414
img12372.jpg 1075 934 1057 720 1053 496 1073 506 1096 726 1119 960 1063 496 970 273 953 243 890 107 820 361 913 387 976 270 950 277 852 362 773 412
img12373.jpg 1081 934 1063 720 1058 497 1071 507 1095 727 1121 961 1065 501 971 271 955 244 891 108 818 366 918 391 978 264 948 275 848 362 762 407
img12374.jpg 1082 933 1063 719 1057 497 1071 507 1097 729 1120 960 1064 504 971 270 955 243 895 108 811 366 920 396 978 263 948 273 845 363 754 400
img12375.jpg 1082 934 1063 720 1056 499 1070 506 1095 731 1118 956 1063 500 972 268 955 242 896 108 809 366 919 399 978 262 952 271 845 362 748 391
img12376.jpg 1085 930 1065 716 1058 496 1071 503 1094 732 1120 958 1061 497 973 268 956 242 897 111 810 365 919 397 983 258 953 271 844 368 742 391
img12377.jpg 1085 931 1064 717 1056 499 1069 502 1095 732 1118 953 1063 495 972 269 959 243 900 113 807 374 915 402 981 259 955 272 844 371 739 385
img12378.jpg 1082 928 1061 714 1052 496 1068 503 1094 733 1117 950 1059 493 971 267 958 241 903 111 807 373 913 400 984 260 958 273 848 376 739 383
img12379.jpg 1085 927 1059 712 1050 496 1066 502 1093 734 1119 950 1057 492 972 267 959 241 903 110 807 365 910 393 988 257 959 274 854 382 742 385
img12380.jpg 1087 925 1062 707 1052 493 1068 503 1091 734 1121 952 1058 493 972 268 959 238 903 110 807 367 909 393 989 258 963 272 860 384 746 388
img12381.jpg 1088 924 1066 706 1055 492 1068 505 1091 737 1121 951 1062 492 972 268 959 238 906 106 808 372 908 394 989 261 966 271 867 387 751 389
img12382.jpg 1090 920 1069 704 1057 491 1070 508 1090 737 1123 956 1060 491 974 266 958 235 908 103 809 373 907 393 991 262 967 269 871 388 755 390
img12383.jpg 1089 922 1068 705 1055 493 1069 510 1092 735 1122 958 1062 493 976 267 959 234 909 101 808 371 905 391 992 264 972 267 876 387 761 387
img12384.jpg 1086 920 1070 707 1057 496 1070 509 1093 732 1122 959 1063 496 978 267 961 234 912 99 809 372 904 391 994 267 974 267 879 385 765 385
img12385.jpg 1086 919 1070 710 1057 501 1070 511 1092 732 1121 958 1063 501 981 266 965 233 913 100 808 369 900 387 995 266 975 266 883 383 771 380
img12386.jpg 1085 917 1067 710 1053 502 1069 512 1092 731 1121 960 1059 502 984 266 967 234 915 100 805 366 895 384 994 266 977 266 886 381 776 375
img12387.jpg 1084 917 1066 707 1051 501 1071 507 1090 732 1122 959 1061 501 986 267 970 234 918 101 804 367 893 382 993 264 980 267 892 380 786 374
img12388.jpg 1085 917 1067 708 1052 502 1071 506 1088 734 1123 959 1058 499 987 267 974 235 918 101 806 372 893 383 993 261 980 267 895 381 795 374
img12389.jpg 1084 918 1070 708 1054 503 1074 507 1087 732 1123 961 1057 500 988 265 974 231 918 102 802 375 895 381 994 258 984 268 898 381 805 370
img12390.jpg 1083 919 1070 708 1053 501 1073 507 1087 728 1123 962 1060 497 990 263 977 230 919 102 831 384 896 380 997 257 987 270 899 383 815 369
img12391.jpg 1082 921 1069 711 1052 501 1075 504 1085 724 1122 960 1062 497 992 261 979 230 922 100 860 391 897 378 999 254 989 271 902 384 821 369
img12392.jpg 1082 923 1069 713 1055 503 1072 506 1089 725 1119 960 1062 499 995 257 981 230 924 99 866 389 903 375 1005 254 991 270 904 385 825 368
img12393.jpg 1082 923 1069 715 1055 503 1072 507 1089 723 1120 960 1065 503 998 253 981 229 930 97 868 386 905 373 1005 253 994 270 907 385 831 367
img12394.jpg 1083 924 1066 716 1056 504 1072 507 1090 728 1120 958 1069 504 1001 252 984 232 933 96 874 385 905 372 1005 252 994 269 906 388 831 370
img12395.jpg 1083 925 1066 716 1056 507 1072 507 1090 731 1120 959 1069 503 1001 251 984 234 940 95 850 378 908 371 1008 251 998 268 909 384 834 370
img12396.jpg 1084 926 1067 716 1060 506 1071 509 1091 736 1122 960 1071 506 1002 251 985 234 943 96 826 371 916 371 1012 251 998 268 912 385 840 371
img12397.jpg 1083 926 1069 718 1059 507 1069 514 1090 736 1125 961 1073 507 1003 251 986 234 948 95 827 372 920 372 1014 251 1000 268 913 383 844 372
img12398.jpg 1080 926 1070 719 1060 508 1070 515 1091 736 1125 961 1070 508 1008 252 987 232 949 93 828 373 922 372 1018 252 1001 266 914 380 845 374
img12399.jpg 1083 924 1073 720 1059 509 1069 516 1090 734 1125 962 1069 509 1010 253 990 229 951 90 831 371 924 373 1021 253 1003 263 917 377 844 372
img12400.jpg 1084 924 1073 720 1059 509 1070 516 1091 734 1125 962 1066 513 1014 253 994 226 952 87 831 368 925 374 1021 253 1004 260 918 378 845 369
img12401.jpg 1081 924 1074 720 1057 514 1070 517 1091 730 1126 961 1067 510 1019 255 998 224 953 86 833 365 923 375 1022 255 1005 259 919 376 844 366
img12402.jpg 1084 922 1073 715 1056 509 1073 513 1091 726 1125 963 1066 506 1022 258 1001 224 956 86 833 366 919 378 1022 255 1008 255 922 375 836 359
img12403.jpg 1086 921 1072 715 1055 510 1072 513 1093 726 1123 962 1068 506 1021 259 1003 225 959 87 835 362 921 379 1024 256 1010 256 924 379 832 352
img12404.jpg 1086 923 1073 715 1056 510 1073 513 1093 725 1124 961 1069 503 1022 261 1004 227 963 90 837 361 924 378 1025 254 1015 257 929 380 830 346
img12405.jpg 1086 923 1073 711 1056 509 1073 512 1093 721 1124 960 1069 502 1025 263 1004 225 967 92 842 358 931 377 1028 252 1018 259 932 382 827 341
img12406.jpg 1089 920 1072 710 1054 508 1072 511 1096 724 1123 961 1068 504 1027 260 1006 226 972 89 847 357 939 375 1031 250 1020 260 937 384 828 336
img12407.jpg 1086 919 1073 715 1055 511 1073 511 1097 729 1124 960 1065 508 1028 256 1007 221 972 87 855 351 950 371 1035 249 1021 263 941 384 838 335
img12408.jpg 1085 920 1071 714 1057 510 1075 510 1095 730 1126 961 1064 507 1030 255 1009 221 975 86 860 356 959 373 1033 248 1023 266 944 382 844 334
img12409.jpg 1085 920 1068 714 1057 507 1075 507 1095 734 1126 961 1064 507 1030 252 1009 218 978 84 866 361 968 376 1033 249 1023 266 947 383 851 335
img12410.jpg 1085 918 1067 716 1057 509 1074 509 1095 736 1126 963 1067 506 1030 251 1012 220 982 83 868 364 974 380 1033 251 1022 265 951 382 858 337
img12411.jpg 1085 923 1065 716 1058 510 1075 510 1092 737 1126 964 1064 506 1030 255 1013 217 982 83 868 364 977 382 1034 252 1027 266 951 379 862 338
img12412.jpg 1085 926 1065 717 1058 509 1075 512 1092 738 1126 963 1065 505 1034 256 1017 218 986 82 868 362 980 383 1034 252 1027 266 952 382 863 338
img12413.jpg 1087 925 1067 719 1056 510 1074 514 1091 737 1125 963 1067 507 1036 257 1019 219 988 81 867 354 981 381 1036 253 1029 267 954 383 865 339
img12414.jpg 1085 925 1071 719 1058 513 1072 516 1092 736 1126 963 1065 510 1041 256 1024 218 989 81 869 345 985 378 1041 252 1031 266 955 383 866 338
img12415.jpg 1084 928 1070 722 1057 516 1070 519 1094 739 1125 962 1063 516 1043 255 1026 218 992 80 870 335 987 374 1043 252 1033 269 957 382 865 334
img12416.jpg 1083 927 1072 722 1055 517 1069 520 1093 739 1123 961 1065 517 1045 253 1028 219 990 79 870 327 989 373 1045 253 1035 267 960 384 864 332
img12417.jpg 1084 926 1073 720 1056 517 1070 520 1090 737 1121 961 1066 517 1046 255 1029 221 991 80 871 322 991 373 1046 255 1039 266 960 383 864 331
img12418.jpg 1081 926 1074 716 1057 516 1071 520 1092 733 1123 960 1064 516 1047 258 1030 220 992 79 871 314 993 371 1047 255 1040 265 961 382 865 327
img12419.jpg 1083 924 1073 713 1056 515 1073 519 1090 730 1121 963 1066 512 1045 262 1028 221 993 79 870 307 993 370 1045 256 1042 266 962 384 865 325
img12420.jpg 1085 923 1074 711 1057 513 1074 517 1088 729 1123 962 1064 510 1043 263 1029 221 995 79 872 300 996 368 1047 256 1043 266 963 385 866 326
img12421.jpg 1086 922 1075 714 1058 516 1075 519 1089 728 1124 964 1065 512 1041 262 1030 220 1002 78 871 299 998 368 1044 255 1041 269 964 387 867 325
img12422.jpg 1088 920 1074 715 1057 521 1074 521 1091 730 1126 966 1064 518 1039 265 1032 219 1008 77 870 297 996 369 1043 258 1039 271 966 389 866 324
img12423.jpg 1091 921 1073 719 1056 525 1073 525 1091 733 1125 966 1063 522 1039 265 1035 219 1014 77 869 298 994 370 1042 261 1042 271 969 393 869 327
img12424.jpg 1088 920 1074 722 1053 525 1074 529 1091 733 1126 965 1060 525 1039 265 1039 220 1019 78 869 296 990 371 1043 265 1043 272 973 393 870 327
img12425.jpg 1088 920 1074 722 1053 528 1074 531 1091 736 1126 966 1063 524 1039 267 1039 222 1026 76 870 294 984 371 1043 267 1046 270 977 399 873 333
img12426.jpg 1088 918 1071 716 1054 525 1074 529 1092 737 1127 963 1064 515 1040 268 1040 219 1030 77 871 288 971 369 1040 268 1050 268 984 404 873 344
img12427.jpg 1087 918 1070 714 1053 524 1074 528 1091 738 1125 962 1063 510 1039 268 1039 220 1032 75 868 278 960 362 1036 268 1053 268 994 407 877 358
img12428.jpg 1085 915 1072 716 1051 524 1075 527 1092 737 1123 963 1065 510 1041 269 1037 221 1034 74 864 269 949 356 1034 266 1055 269 1003 407 879 369
img12429.jpg 1086 919 1072 717 1052 525 1075 525 1093 737 1120 963 1065 508 1038 272 1035 217 1041 77 860 259 940 349 1028 265 1058 268 1010 409 884 385
img12430.jpg 1086 916 1069 714 1052 522 1076 526 1093 734 1120 960 1066 505 1038 272 1035 214 1049 81 850 251 928 344 1021 262 1059 268 1021 409 887 396
img12431.jpg 1085 917 1071 715 1051 520 1075 527 1092 732 1119 961 1068 506 1037 277 1034 212 1055 82 842 239 924 335 1020 260 1061 270 1027 410 897 407
img12432.jpg 1085 915 1071 713 1048 514 1078 524 1092 727 1120 960 1072 500 1037 277 1034 209 1058 82 842 229 917 329 1020 257 1065 267 1034 414 903 418
img12433.jpg 1087 916 1069 709 1045 513 1080 524 1090 727 1121 960 1073 493 1035 276 1035 207 1063 84 842 221 911 321 1021 255 1066 266 1042 417 911 431
img12434.jpg 1089 915 1068 708 1044 511 1078 525 1089 732 1123 959 1072 490 1037 273 1037 208 1061 80 844 215 906 315 1023 253 1068 266 1047 421 919 445
img12435.jpg 1089 913 1072 712 1041 510 1082 520 1089 729 1122 961 1068 486 1037 275 1037 206 1058 77 846 206 904 305 1024 254 1072 268 1051 425 925 459
img12436.jpg 1088 917 1071 717 1040 513 1084 520 1088 734 1122 961 1060 493 1040 272 1040 210 1053 76 850 203 898 299 1022 255 1074 269 1057 427 933 472
img12437.jpg 1086 919 1069 722 1038 519 1083 522 1090 740 1121 964 1059 498 1045 271 1042 212 1052 78 852 198 897 295 1024 253 1076 271 1059 426 945 485
img12438.jpg 1084 922 1070 726 1040 520 1084 520 1091 743 1122 963 1057 503 1047 269 1043 211 1053 80 851 191 895 290 1022 255 1077 269 1063 427 957 499
img12439.jpg 1083 924 1070 726 1043 525 1087 518 1090 740 1124 965 1056 508 1049 269 1046 215 1053 82 852 185 893 283 1022 256 1080 269 1066 426 967 511
img12440.jpg 1082 926 1069 729 1045 527 1086 521 1089 746 1123 964 1055 517 1052 268 1048 217 1052 84 851 180 888 279 1021 255 1082 268 1069 425 983 524
img12441.jpg 1082 925 1069 728 1038 530 1086 524 1093 745 1123 966 1055 520 1052 268 1048 217 1052 84 851 173 888 275 1021 254 1082 268 1069 425 994 534
img12442.jpg 1083 926 1070 728 1036 530 1087 524 1090 745 1124 964 1053 527 1049 267 1049 216 1053 83 848 168 889 271 1019 254 1083 267 1070 428 1002 544
img12443.jpg 1087 923 1070 729 1032 531 1087 528 1090 746 1124 964 1056 531 1049 268 1049 217 1052 84 848 166 889 268 1015 251 1087 268 1070 428 1008 552
img12444.jpg 1087 924 1070 731 1026 532 1084 532 1091 748 1122 965 1056 539 1050 268 1050 220 1053 82 847 164 888 268 1016 250 1087 268 1070 432 1022 560
img12445.jpg 1087 924 1070 732 1018 536 1084 536 1091 749 1125 965 1056 543 1049 265 1049 221 1056 80 847 162 891 269 1015 252 1087 269 1070 433 1032 567
img12446.jpg 1087 926 1070 735 1019 537 1084 537 1091 752 1125 963 1056 544 1053 265 1050 220 1060 84 845 162 893 268 1016 251 1087 268 1074 435 1043 571
img12447.jpg 1086 924 1073 735 1022 541 1083 541 1093 752 1127 965 1056 542 1052 264 1049 220 1062 84 846 162 893 267 1015 250 1086 271 1076 433 1052 575
img12448.jpg 1086 928 1073 735 1018 541 1079 541 1093 752 1127 965 1052 541 1056 263 1052 219 1062 83 849 161 892 266 1015 249 1086 269 1076 433 1062 578
img12449.jpg 1085 924 1072 737 1020 543 1079 543 1092 754 1126 962 1051 536 1055 263 1051 215 1065 82 847 157 894 266 1014 249 1085 270 1079 434 1065 580
img12450.jpg 1084 925 1070 738 1019 540 1077 543 1094 755 1125 963 1050 533 1053 264 1050 213 1064 83 849 158 893 264 1012 246 1084 267 1081 434 1067 577
img12451.jpg 1083 925 1073 737 1022 543 1073 546 1094 755 1124 963 1049 536 1049 263 1049 212 1063 78 852 157 892 263 1012 245 1083 269 1080 433 1067 577
img12452.jpg 1082 925 1072 737 1021 545 1072 545 1093 754 1123 963 1052 538 1048 264 1048 213 1062 79 853 154 891 264 1011 247 1086 267 1082 435 1065 576
img12453.jpg 1079 924 1072 738 1024 548 1072 545 1093 756 1124 962 1048 541 1048 266 1048 214 1062 76 852 152 890 266 1010 249 1086 269 1086 438 1062 576
img12454.jpg 1080 926 1073 737 1021 548 1076 544 1093 754 1124 963 1045 544 1049 266 1049 215 1059 81 853 157 891 266 1011 249 1086 270 1086 438 1059 575
img12455.jpg 1079 924 1076 735 1024 552 1076 545 1093 752 1124 962 1045 545 1048 265 1048 217 1059 79 852 155 890 265 1010 248 1090 272 1086 438 1055 576
img12456.jpg 1078 926 1074 733 1022 550 1078 543 1092 750 1126 963 1043 543 1047 267 1047 219 1057 81 850 153 888 267 1009 250 1092 270 1085 439 1050 577
img12457.jpg 1080 928 1073 734 1021 543 1080 543 1094 752 1125 963 1038 543 1048 266 1048 217 1055 78 851 155 889 266 1010 248 1090 269 1083 439 1048 575
img12458.jpg 1082 928 1071 732 1023 540 1085 543 1092 749 1126 962 1044 540 1047 265 1047 217 1054 76 852 155 890 265 1010 248 1089 272 1082 440 1044 574
img12459.jpg 1081 927 1071 731 1022 535 1081 542 1091 748 1126 961 1046 532 1047 264 1047 216 1054 72 854 154 889 264 1009 247 1088 274 1081 439 1040 573
img12460.jpg 1082 925 1068 732 1020 532 1082 542 1093 749 1123 960 1048 532 1048 266 1048 214 1051 73 854 156 889 266 1010 249 1086 273 1082 439 1037 573
img12461.jpg 1084 923 1067 734 1022 527 1088 538 1095 751 1122 958 1053 527 1050 265 1050 213 1054 72 854 155 892 265 1012 248 1084 275 1084 437 1036 575
img12462.jpg 1085 923 1068 732 1021 528 1085 535 1092 749 1123 957 1061 524 1052 266 1052 214 1055 78 854 154 892 266 1011 249 1085 276 1082 436 1034 575
img12463.jpg 1085 923 1068 734 1020 529 1085 532 1096 751 1120 957 1065 522 1051 265 1051 213 1058 79 852 152 893 265 1013 248 1085 275 1082 433 1030 577
img12464.jpg 1086 924 1069 734 1031 530 1089 530 1096 751 1120 958 1069 527 1052 265 1052 214 1059 81 851 150 892 265 1011 248 1086 272 1079 432 1031 574
img12465.jpg 1087 927 1070 732 1030 528 1087 525 1094 749 1121 960 1067 528 1054 263 1054 216 1061 86 852 149 893 263 1010 247 1087 274 1077 431 1033 572
img12466.jpg 1085 928 1071 733 1025 529 1082 525 1092 750 1122 961 1061 529 1055 264 1052 217 1058 86 853 153 891 264 1011 247 1088 271 1075 432 1031 569
img12467.jpg 1085 927 1072 734 1024 529 1082 525 1092 751 1122 960 1058 529 1055 266 1052 218 1058 83 852 154 889 262 1011 249 1089 273 1075 431 1031 569
img12468.jpg 1083 926 1073 734 1019 529 1076 526 1090 751 1123 960 1049 533 1056 267 1053 220 1056 85 854 156 888 263 1009 250 1090 270 1073 432 1036 566
img12469.jpg 1081 925 1075 735 1007 529 1075 529 1091 752 1125 959 1048 536 1055 265 1051 221 1058 82 855 157 889 262 1011 252 1091 272 1075 435 1038 567
img12470.jpg 1080 923 1073 737 1009 531 1077 531 1093 754 1127 960 1046 535 1056 268 1050 217 1060 82 854 156 888 261 1013 254 1090 271 1077 437 1036 568
img12471.jpg 1082 921 1071 735 1011 529 1075 535 1095 752 1125 959 1044 535 1054 268 1051 217 1058 82 855 153 889 261 1011 255 1088 272 1078 437 1041 569
img12472.jpg 1079 923 1069 737 1011 528 1075 535 1095 751 1126 960 1042 538 1055 265 1048 215 1058 83 856 151 890 262 1011 252 1089 272 1079 438 1042 572
img12473.jpg 1081 921 1067 739 1013 525 1074 539 1097 752 1124 962 1040 539 1053 265 1046 214 1056 82 857 150 891 261 1013 251 1087 272 1081 438 1043 573
img12474.jpg 1080 922 1066 739 1012 526 1073 536 1097 753 1124 963 1036 536 1052 265 1046 211 1056 83 856 147 890 262 1012 249 1087 272 1080 438 1042 574
img12475.jpg 1078 925 1068 741 1010 526 1071 536 1095 755 1122 963 1037 536 1051 263 1047 212 1054 83 856 144 890 263 1010 247 1088 274 1078 437 1044 574
img12476.jpg 1076 928 1070 740 1008 532 1073 536 1093 754 1124 965 1039 539 1052 263 1049 212 1056 82 855 144 889 263 1008 246 1090 273 1076 437 1042 573
img12477.jpg 1077 924 1071 740 1009 535 1074 539 1094 757 1122 965 1040 539 1050 265 1050 211 1057 81 855 146 890 265 1009 248 1091 272 1077 439 1043 573
img12478.jpg 1076 928 1070 738 1009 537 1076 537 1093 755 1124 965 1043 537 1053 266 1053 211 1060 86 856 147 890 266 1009 249 1093 272 1076 439 1043 571
img12479.jpg 1078 928 1068 737 1011 537 1075 540 1095 754 1123 965 1041 540 1055 268 1051 210 1058 88 854 149 888 268 1011 251 1092 271 1078 438 1045 571
img12480.jpg 1080 926 1066 738 1012 538 1076 541 1097 752 1124 967 1042 541 1053 268 1049 210 1056 84 855 149 889 268 1012 251 1090 268 1080 439 1046 571
img12481.jpg 1080 923 1066 740 1015 537 1076 540 1097 754 1124 967 1042 540 1049 269 1046 211 1056 82 856 150 890 269 1012 252 1090 269 1083 439 1046 571
img12482.jpg 1080 926 1066 740 1015 533 1076 540 1097 753 1127 967 1039 540 1049 269 1046 212 1056 83 853 151 887 269 1012 252 1090 269 1083 439 1046 571
img12483.jpg 1082 925 1068 742 1014 534 1072 545 1096 755 1126 966 1038 541 1048 269 1045 211 1055 79 851 150 885 269 1010 252 1089 269 1085 439 1048 572
img12484.jpg 1080 926 1070 740 1012 534 1073 541 1094 754 1127 966 1040 541 1050 267 1050 213 1056 81 854 149 887 267 1009 250 1090 267 1084 436 1046 575
img12485.jpg 1080 927 1069 740 1012 531 1073 538 1093 753 1126 964 1039 542 1053 267 1049 213 1059 86 855 153 888 267 1009 253 1093 270 1083 434 1046 575
img12486.jpg 1081 929 1067 741 1010 532 1074 539 1094 754 1128 962 1040 542 1057 267 1050 213 1060 89 855 153 889 267 1010 253 1094 270 1081 435 1047 576
img12487.jpg 1083 929 1069 741 1009 535 1072 539 1093 754 1126 962 1042 542 1059 267 1052 216 1059 88 857 152 891 267 1009 253 1093 270 1079 435 1046 576
img12488.jpg 1080 929 1067 738 1010 533 1077 533 1094 751 1127 962 1044 543 1060 266 1050 215 1060 91 860 155 893 266 1010 252 1094 272 1077 433 1044 577
img12489.jpg 1081 929 1067 741 1010 535 1077 535 1094 754 1128 962 1044 542 1060 266 1047 216 1060 88 859 155 892 266 1010 253 1094 273 1077 434 1044 575
img12490.jpg 1083 928 1070 739 1009 537 1076 537 1093 756 1127 961 1043 540 1060 268 1050 218 1060 86 858 154 891 268 1009 251 1093 272 1076 436 1043 574
img12491.jpg 1085 926 1072 738 1008 536 1075 536 1092 755 1125 962 1042 540 1059 268 1052 218 1059 87 858 154 891 268 1008 251 1092 272 1075 436 1042 573
img12492.jpg 1085 924 1072 737 1008 533 1075 536 1092 754 1125 964 1042 539 1059 265 1049 215 1059 88 858 155 891 269 1008 252 1092 272 1075 436 1042 573
img12493.jpg 1088 924 1071 739 1007 535 1074 538 1091 756 1124 964 1041 538 1058 267 1051 217 1058 86 857 153 890 270 1007 254 1091 270 1074 438 1041 572
img12494.jpg 1087 923 1070 739 1007 535 1073 538 1090 752 1123 963 1040 538 1057 267 1054 217 1057 86 856 154 889 270 1007 254 1090 270 1073 438 1040 572
img12495.jpg 1084 924 1071 740 1007 532 1074 535 1091 753 1124 964 1041 539 1054 267 1051 217 1054 86 856 154 890 271 1007 254 1091 271 1074 438 1041 572
img12496.jpg 1082 926 1068 741 1008 529 1075 532 1092 754 1125 963 1041 539 1055 266 1048 216 1055 84 856 155 890 269 1008 253 1092 269 1075 438 1041 572
img12497.jpg 1080 925 1066 742 1009 529 1076 532 1093 755 1127 962 1039 539 1056 268 1049 218 1053 82 856 157 890 268 1009 252 1090 268 1076 438 1042 573
img12498.jpg 1077 922 1067 741 1012 529 1077 529 1094 755 1128 963 1040 539 1053 266 1046 218 1050 81 855 160 889 270 1009 252 1091 270 1077 437 1043 574
img12499.jpg 1078 923 1068 741 1020 531 1078 531 1095 758 1130 964 1040 542 1051 264 1044 219 1047 78 855 164 889 271 1009 253 1088 271 1078 439 1044 573
img12500.jpg 1078 920 1065 740 1020 532 1078 532 1096 757 1130 965 1040 543 1051 262 1044 217 1047 75 853 169 888 273 1009 255 1089 273 1078 439 1044 574
img12501.jpg 1078 919 1065 740 1020 536 1078 536 1096 757 1130 964 1041 543 1051 263 1044 218 1044 77 851 170 888 277 1009 256 1089 274 1078 439 1044 574
img12502.jpg 1077 922 1064 740 1019 536 1077 536 1095 753 1130 964 1043 543 1050 263 1043 218 1043 73 850 170 888 280 1009 256 1091 274 1077 439 1043 574
img12503.jpg 1077 923 1064 742 1016 536 1077 543 1095 755 1129 965 1043 543 1053 264 1043 216 1043 72 851 172 889 281 1009 258 1091 275 1077 440 1043 573
img12504.jpg 1078 920 1061 742 1010 533 1078 543 1092 756 1127 965 1044 539 1051 268 1041 213 1044 72 849 175 890 285 1007 258 1092 275 1078 436 1044 577
img12505.jpg 1078 922 1064 740 1009 535 1078 549 1091 754 1126 963 1044 538 1050 268 1040 213 1044 72 845 178 889 291 1006 257 1091 274 1081 435 1044 576
img12506.jpg 1080 921 1066 740 1008 534 1077 547 1090 753 1125 966 1042 541 1049 269 1042 214 1042 73 847 186 891 296 1005 259 1090 276 1083 437 1046 578
img12507.jpg 1080 921 1069 739 1007 536 1076 546 1090 753 1124 966 1042 539 1045 267 1042 216 1042 74 842 198 894 301 1004 260 1090 277 1086 436 1049 577
img12508.jpg 1079 925 1072 739 1007 536 1076 542 1089 753 1124 966 1041 539 1044 270 1041 218 1038 73 841 211 896 311 1003 260 1089 277 1089 435 1048 577
img12509.jpg 1079 925 1073 735 1007 536 1076 540 1090 750 1124 966 1038 540 1048 268 1041 219 1035 75 839 223 900 319 1007 261 1090 275 1090 436 1048 574
img12510.jpg 1080 924 1073 738 1011 538 1077 538 1090 752 1125 969 1039 541 1049 269 1042 221 1028 76 839 235 908 324 1011 262 1087 273 1087 438 1049 573
img12511.jpg 1078 924 1071 737 1012 540 1074 543 1091 751 1126 966 1040 540 1050 270 1040 221 1026 76 835 249 912 332 1012 263 1088 273 1088 436 1046 571
img12512.jpg 1080 921 1070 734 1014 540 1076 544 1094 755 1125 963 1042 540 1052 270 1038 221 1021 76 834 263 917 339 1014 263 1087 270 1087 436 1045 571
img12513.jpg 1080 921 1066 734 1015 538 1077 545 1094 752 1125 962 1042 541 1053 269 1039 221 1022 79 828 276 925 345 1015 265 1087 269 1083 438 1049 572
img12514.jpg 1080 921 1067 735 1012 539 1070 546 1094 752 1125 959 1046 542 1053 270 1043 222 1019 80 825 290 929 349 1015 267 1087 270 1084 439 1049 573
img12515.jpg 1082 922 1065 734 1010 536 1068 543 1092 751 1126 959 1048 539 1054 270 1041 222 1020 82 826 307 931 352 1013 266 1088 270 1085 437 1051 574
img12516.jpg 1084 920 1067 734 1009 536 1067 543 1091 751 1125 961 1047 540 1053 268 1040 221 1016 81 826 322 935 353 1016 268 1087 268 1084 438 1053 574
img12517.jpg 1083 920 1070 738 1009 534 1066 541 1090 751 1127 964 1046 541 1053 271 1043 220 1016 84 826 335 934 355 1016 271 1087 271 1083 440 1053 572
img12518.jpg 1086 919 1072 735 1011 537 1065 540 1089 752 1126 963 1048 540 1051 271 1041 220 1014 83 826 346 932 356 1017 271 1086 271 1086 438 1051 571
img12519.jpg 1084 921 1070 736 1016 538 1070 541 1091 754 1128 965 1046 541 1050 272 1039 220 1012 84 828 357 930 357 1016 272 1084 272 1084 439 1050 569
img12520.jpg 1085 923 1071 736 1012 536 1067 543 1092 754 1126 964 1043 543 1050 272 1040 223 1009 82 826 368 930 361 1012 272 1085 272 1081 440 1050 571
img12521.jpg 1084 925 1070 739 1018 538 1073 542 1094 756 1128 963 1046 545 1049 272 1039 224 1008 82 825 376 928 362 1011 272 1084 272 1080 438 1049 569
img12522.jpg 1085 928 1064 740 1019 539 1074 546 1095 754 1130 963 1047 546 1050 272 1036 223 1005 81 821 383 928 362 1008 272 1085 272 1081 435 1050 571
img12523.jpg 1083 926 1062 746 1021 542 1076 549 1097 757 1132 961 1049 552 1049 272 1035 223 1004 81 820 389 927 362 1007 272 1083 272 1080 434 1049 570
img12524.jpg 1083 926 1062 746 1021 541 1076 548 1097 756 1128 961 1049 551 1049 270 1031 222 1000 79 816 395 927 360 1007 270 1083 270 1080 430 1049 569
img12525.jpg 1080 925 1059 745 1025 544 1080 547 1098 755 1129 963 1052 554 1046 270 1028 222 1001 80 814 399 924 360 1008 270 1080 270 1080 430 1046 568
img12526.jpg 1079 924 1061 744 1024 544 1079 547 1096 755 1127 962 1051 554 1044 270 1027 222 1003 80 809 402 920 364 1003 270 1079 270 1079 429 1044 568
img12527.jpg 1077 922 1066 740 1025 546 1077 546 1094 753 1125 963 1049 550 1042 270 1025 222 1004 81 808 405 915 364 1001 270 1077 270 1077 429 1042 567
img12528.jpg 1076 923 1066 735 1025 543 1076 543 1093 748 1124 964 1045 543 1042 269 1025 221 1004 80 802 409 912 365 997 269 1076 269 1079 430 1042 567
img12529.jpg 1075 922 1065 735 1024 541 1072 541 1093 748 1126 963 1045 541 1041 268 1024 220 1004 81 796 411 908 367 994 268 1075 268 1079 431 1041 568
img12530.jpg 1076 924 1066 737 1022 540 1070 540 1093 751 1127 962 1042 536 1042 268 1025 217 1001 81 790 414 906 366 991 268 1076 268 1080 431 1042 567
img12531.jpg 1076 925 1062 735 1022 538 1069 538 1093 748 1127 962 1042 535 1042 267 1025 216 998 80 787 416 906 365 991 267 1076 267 1083 433 1045 569
img12532.jpg 1076 926 1059 736 1019 537 1069 537 1093 746 1127 960 1042 537 1042 266 1025 215 995 80 788 418 907 367 991 266 1076 266 1083 435 1049 571
img12533.jpg 1076 926 1060 736 1016 537 1066 537 1093 747 1127 960 1043 537 1043 267 1026 216 992 81 786 419 907 368 992 267 1076 267 1080 436 1053 571
img12534.jpg 1077 926 1057 739 1013 539 1070 539 1094 746 1128 960 1043 539 1043 268 1026 217 992 81 792 417 908 370 992 268 1077 268 1081 437 1053 570
img12535.jpg 1079 925 1059 736 1012 538 1069 538 1093 740 1126 959 1042 538 1042 268 1026 217 992 83 793 416 907 369 992 268 1076 268 1083 437 1056 568
img12536.jpg 1079 923 1059 737 1008 535 1066 535 1093 741 1127 957 1042 538 1042 268 1026 220 992 82 792 416 907 369 992 268 1076 268 1083 437 1056 565
img12537.jpg 1081 922 1057 736 1010 536 1064 536 1091 743 1129 956 1044 539 1040 268 1024 223 990 81 786 417 905 369 990 268 1078 268 1085 434 1054 566
img12538.jpg 1082 921 1058 735 1011 535 1065 535 1092 745 1129 958 1045 539 1038 268 1021 224 987 81 787 417 902 369 987 268 1079 268 1085 434 1052 566
img12539.jpg 1084 918 1060 730 1009 531 1060 531 1090 743 1127 959 1043 538 1037 268 1020 224 986 83 780 420 902 369 986 268 1077 265 1087 430 1054 565
img12540.jpg 1083 913 1057 730 1012 531 1063 531 1090 747 1127 957 1043 537 1036 270 1019 226 985 84 782 419 901 372 985 270 1080 267 1087 429 1053 565
img12541.jpg 1084 913 1057 731 1013 533 1064 533 1091 748 1127 960 1044 536 1033 270 1020 226 983 85 781 418 902 371 986 270 1080 267 1084 428 1054 566
img12542.jpg 1082 913 1055 732 1012 532 1062 532 1092 745 1125 963 1042 535 1032 271 1022 224 982 87 781 415 905 371 988 271 1079 267 1082 431 1052 565
img12543.jpg 1081 913 1054 732 1010 531 1061 531 1091 745 1124 963 1041 535 1034 270 1024 227 981 86 780 414 907 371 990 270 1077 267 1081 431 1054 565
img12544.jpg 1078 915 1055 735 1011 534 1061 534 1091 748 1125 965 1041 534 1031 269 1025 229 978 85 780 413 907 369 991 269 1078 269 1078 433 1051 567
img12545.jpg 1076 921 1056 736 1009 534 1059 534 1093 746 1127 968 1043 534 1029 269 1022 229 976 84 777 414 908 366 992 266 1076 266 1076 433 1049 568
img12546.jpg 1077 923 1057 738 1006 535 1060 535 1094 744 1128 967 1043 535 1033 269 1020 229 976 87 781 414 908 367 993 266 1077 266 1077 434 1047 569
img12547.jpg 1077 923 1060 736 1006 536 1060 533 1094 746 1128 963 1043 536 1037 268 1020 231 976 88 782 414 908 366 993 265 1077 265 1077 434 1047 566
img12548.jpg 1077 925 1060 734 1006 533 1060 530 1095 744 1129 963 1043 536 1037 270 1019 229 975 90 781 414 907 369 992 267 1077 263 1077 434 1047 567
img12549.jpg 1078 925 1061 734 1007 533 1061 529 1095 744 1129 963 1044 536 1041 270 1020 229 976 93 781 413 908 369 990 270 1078 263 1078 434 1047 567
img12550.jpg 1079 927 1062 733 1007 533 1062 529 1096 747 1126 961 1045 536 1045 268 1021 231 977 94 783 414 909 370 990 271 1079 264 1079 434 1048 567
img12551.jpg 1079 925 1059 732 1011 532 1062 529 1093 749 1127 960 1045 535 1042 268 1022 231 978 95 784 413 910 369 988 271 1079 264 1079 434 1049 566
img12552.jpg 1080 927 1059 734 1012 530 1063 530 1093 751 1127 961 1046 534 1039 270 1019 229 978 94 784 410 910 368 988 273 1080 263 1080 433 1049 568
img12553.jpg 1081 926 1061 737 1013 534 1064 531 1094 754 1128 959 1047 534 1040 268 1017 231 980 96 789 406 912 365 990 271 1081 264 1081 433 1047 568
img12554.jpg 1082 926 1058 740 1017 537 1068 533 1095 754 1129 960 1048 537 1038 267 1014 230 977 94 792 406 913 368 990 270 1082 263 1082 432 1048 567
img12555.jpg 1081 920 1058 739 1017 536 1071 533 1095 752 1132 961 1051 536 1034 267 1017 230 973 92 793 406 913 368 990 271 1081 264 1081 432 1047 567
img12556.jpg 1079 921 1062 736 1015 535 1072 531 1096 750 1130 961 1049 535 1036 270 1019 229 972 91 792 404 911 370 992 273 1079 263 1083 431 1049 565
img12557.jpg 1079 919 1059 735 1019 537 1076 531 1096 748 1130 963 1049 534 1036 267 1019 230 969 92 794 409 912 374 989 273 1079 263 1083 430 1049 564
img12558.jpg 1078 918 1058 731 1021 537 1081 534 1095 744 1128 962 1048 534 1035 267 1021 230 968 92 794 413 914 373 988 273 1078 263 1085 430 1051 564
img12559.jpg 1076 920 1060 730 1019 539 1083 532 1093 743 1127 960 1050 532 1036 268 1023 228 970 94 796 415 916 372 990 272 1076 265 1087 429 1053 566
img12560.jpg 1076 923 1059 731 1022 543 1086 533 1093 741 1127 960 1046 533 1036 267 1022 227 969 95 794 415 915 375 989 274 1076 264 1090 429 1056 566
img12561.jpg 1077 923 1057 734 1026 548 1091 534 1094 740 1128 960 1047 534 1033 264 1020 226 966 94 796 416 915 375 990 274 1077 264 1087 429 1057 568
img12562.jpg 1077 926 1060 732 1026 549 1094 535 1094 739 1128 960 1047 535 1033 264 1019 226 965 94 799 417 917 373 993 271 1077 264 1087 430 1060 569
img12563.jpg 1078 927 1061 736 1027 552 1095 538 1095 739 1129 961 1051 538 1034 265 1020 224 962 94 805 415 917 374 993 272 1078 265 1088 429 1061 569
img12564.jpg 1079 927 1062 732 1028 548 1096 538 1096 739 1130 961 1052 538 1032 265 1018 224 960 91 806 412 915 374 994 272 1079 265 1086 432 1062 565
img12565.jpg 1080 927 1067 729 1029 546 1097 539 1094 740 1128 961 1056 539 1033 267 1016 223 961 90 811 410 917 372 995 271 1080 267 1084 430 1063 563
img12566.jpg 1080 924 1066 731 1029 548 1097 541 1094 741 1127 962 1059 541 1036 269 1019 221 961 92 815 408 920 371 995 269 1080 269 1087 428 1063 561
img12567.jpg 1081 921 1068 731 1031 545 1098 542 1092 742 1125 962 1064 542 1038 271 1020 220 963 91 817 406 919 376 993 271 1078 267 1088 426 1061 558
img12568.jpg 1080 921 1070 729 1030 544 1097 537 1090 743 1124 962 1063 541 1037 272 1020 221 962 90 818 406 919 379 993 272 1077 265 1087 426 1060 557
img12569.jpg 1083 918 1070 728 1030 545 1097 535 1087 745 1123 961 1063 542 1040 272 1020 222 961 92 821 406 924 382 994 272 1077 262 1087 425 1060 558
img12570.jpg 1090 916 1068 729 1029 541 1095 531 1085 745 1124 960 1065 541 1042 271 1022 222 960 93 824 403 930 386 993 274 1075 261 1088 426 1058 561
img12571.jpg 1092 917 1070 726 1034 535 1093 528 1080 746 1123 957 1067 538 1040 271 1021 222 958 93 826 400 935 390 995 275 1073 261 1087 426 1057 561
img12572.jpg 1091 918 1070 727 1040 534 1093 528 1076 746 1126 958 1070 537 1043 273 1023 223 957 97 831 398 944 392 1000 276 1073 263 1086 428 1056 564
img12573.jpg 1093 918 1068 729 1055 530 1094 526 1071 745 1131 958 1081 529 1044 271 1025 224 958 98 839 397 955 394 1005 277 1071 264 1084 427 1054 567
img12574.jpg 1090 921 1068 734 1069 525 1095 525 1072 747 1136 963 1085 525 1045 269 1028 225 957 97 846 397 964 397 1011 276 1068 266 1085 427 1051 569
img12575.jpg 1083 923 1070 736 1083 525 1100 521 1073 749 1141 967 1094 514 1046 269 1029 228 957 99 855 398 974 398 1022 272 1066 265 1083 429 1049 569
img12576.jpg 1085 922 1071 737 1095 522 1106 519 1075 751 1147 973 1102 508 1047 269 1030 231 959 98 870 402 993 402 1030 272 1065 266 1082 430 1047 573
img12577.jpg 1086 925 1073 740 1107 518 1107 514 1076 754 1151 976 1107 504 1049 268 1032 233 960 96 885 404 1011 401 1038 267 1062 268 1079 428 1045 572
img12578.jpg 1087 926 1073 742 1111 519 1104 519 1080 758 1152 980 1104 508 1049 269 1032 235 960 98 902 409 1028 399 1049 262 1056 269 1073 433 1042 573
img12579.jpg 1088 928 1074 740 1116 515 1102 522 1081 757 1153 982 1109 505 1051 269 1030 235 962 99 921 416 1046 397 1054 259 1048 269 1065 433 1040 573
img12580.jpg 1091 926 1074 741 1121 515 1098 528 1084 758 1155 984 1108 511 1054 269 1030 235 963 100 940 421 1068 395 1060 259 1038 272 1058 434 1037 575
img12581.jpg 1089 931 1076 741 1126 514 1093 531 1089 759 1157 985 1110 514 1056 270 1032 233 965 102 964 428 1087 390 1073 256 1026 273 1049 434 1032 575
img12582.jpg 1089 930 1083 740 1132 514 1089 533 1095 758 1155 983 1112 517 1056 269 1033 230 967 104 996 439 1108 387 1082 256 1013 273 1039 441 1026 580
img12583.jpg 1095 929 1092 738 1138 512 1088 532 1098 757 1158 985 1115 515 1055 268 1035 228 969 106 1030 451 1131 385 1095 258 1006 275 1032 443 1022 582
img12584.jpg 1100 926 1098 739 1143 513 1086 530 1100 754 1156 985 1116 520 1057 270 1040 227 974 108 1071 467 1157 389 1110 260 997 276 1024 447 1014 586
img12585.jpg 1107 926 1108 736 1150 511 1084 527 1104 753 1154 986 1120 517 1057 272 1047 225 981 109 1111 483 1175 391 1124 262 991 275 1014 447 1008 587
img12586.jpg 1117 927 1115 739 1156 514 1083 530 1106 754 1153 988 1123 520 1060 270 1054 228 988 116 1151 495 1190 397 1133 264 988 274 1005 448 1001 586
img12587.jpg 1127 928 1121 740 1160 515 1086 531 1109 755 1153 988 1126 518 1063 271 1060 228 996 115 1180 502 1200 405 1143 268 987 275 1000 441 996 585
img12588.jpg 1133 931 1129 739 1166 518 1090 531 1112 756 1152 987 1129 521 1070 274 1067 227 1007 115 1207 506 1208 412 1152 270 984 274 994 438 990 584
img12589.jpg 1146 934 1139 739 1167 522 1091 535 1114 761 1151 987 1131 525 1074 272 1074 229 1021 112 1223 501 1210 415 1161 276 984 272 987 435 984 582
img12590.jpg 1146 937 1143 739 1171 530 1091 536 1111 759 1151 986 1131 530 1081 270 1078 230 1035 110 1234 506 1214 416 1168 277 984 270 984 430 978 580
img12591.jpg 1152 937 1149 736 1169 532 1089 535 1109 756 1150 983 1126 532 1086 272 1083 228 1049 104 1238 512 1216 422 1176 278 986 272 983 428 976 579
img12592.jpg 1156 940 1153 734 1166 536 1084 536 1106 752 1146 985 1123 536 1093 270 1090 227 1067 109 1243 518 1218 424 1185 280 988 270 979 427 972 572
img12593.jpg 1165 942 1158 733 1162 539 1080 539 1103 754 1142 985 1119 539 1099 269 1096 227 1083 109 1246 526 1217 425 1190 282 992 269 979 425 970 566
img12594.jpg 1165 940 1160 734 1163 545 1083 541 1099 755 1144 981 1122 541 1105 270 1105 226 1099 111 1252 535 1221 427 1198 280 997 267 985 423 972 558
img12595.jpg 1175 944 1163 739 1163 545 1086 545 1099 756 1143 982 1121 542 1112 271 1115 223 1115 112 1261 539 1227 431 1207 281 1006 268 987 428 978 552
img12596.jpg 1178 946 1164 741 1168 545 1088 545 1094 755 1142 980 1126 542 1120 269 1123 221 1133 110 1269 542 1231 431 1215 282 1012 266 993 428 980 545
img12597.jpg 1184 944 1167 742 1174 546 1093 546 1090 758 1142 976 1129 542 1126 270 1132 221 1145 106 1277 546 1238 434 1222 279 1020 267 997 427 988 543
img12598.jpg 1180 942 1167 744 1181 539 1098 543 1088 750 1137 971 1138 540 1135 270 1141 220 1161 99 1283 550 1246 435 1230 277 1026 264 1003 428 996 540
img12599.jpg 1181 945 1171 746 1188 533 1100 540 1086 742 1130 968 1144 533 1141 270 1147 219 1174 94 1286 553 1252 435 1239 276 1033 263 1009 425 1005 540
img12600.jpg 1180 942 1177 741 1194 527 1102 537 1084 738 1122 963 1150 530 1146 268 1156 220 1187 91 1289 554 1255 435 1241 275 1037 261 1017 421 1013 537
img12601.jpg 1178 942 1178 736 1199 523 1106 534 1086 733 1116 959 1154 527 1151 267 1161 222 1195 91 1291 554 1257 434 1244 273 1041 260 1024 421 1024 534
img12602.jpg 1177 945 1180 735 1204 522 1108 529 1087 724 1108 955 1159 525 1156 267 1166 222 1207 88 1293 556 1259 432 1246 274 1049 257 1032 419 1032 532
img12603.jpg 1178 944 1185 730 1209 526 1110 526 1091 723 1103 954 1161 526 1157 264 1171 223 1215 93 1294 556 1260 434 1246 274 1056 257 1038 413 1038 529
img12604.jpg 1176 941 1186 725 1209 525 1111 522 1100 720 1105 948 1159 525 1162 262 1176 224 1223 96 1297 556 1260 434 1247 275 1064 255 1044 414 1047 525
img12605.jpg 1175 940 1185 724 1209 528 1114 518 1109 718 1107 943 1158 524 1165 261 1178 220 1233 98 1300 558 1259 433 1249 274 1070 254 1050 413 1053 528
img12606.jpg 1175 935 1189 723 1205 528 1118 518 1120 719 1115 938 1155 525 1168 262 1185 219 1246 101 1303 559 1259 431 1252 276 1081 252 1054 410 1061 528
img12607.jpg 1171 932 1191 718 1201 526 1122 516 1134 718 1128 932 1152 519 1171 258 1188 215 1254 103 1304 559 1257 433 1254 275 1085 251 1062 404 1072 526
img12608.jpg 1173 935 1192 716 1199 522 1124 516 1145 718 1143 930 1150 513 1176 257 1192 214 1264 106 1304 558 1255 431 1255 273 1094 250 1068 401 1081 526
img12609.jpg 1185 938 1197 712 1194 519 1123 512 1154 714 1158 926 1149 509 1178 255 1197 213 1274 107 1303 561 1255 432 1255 271 1100 251 1075 393 1086 523
img12610.jpg 1195 943 1205 711 1192 514 1125 511 1166 712 1176 919 1150 508 1182 254 1201 216 1284 109 1303 559 1255 432 1255 270 1109 251 1081 388 1094 514
img12611.jpg 1198 945 1210 710 1191 514 1125 511 1175 711 1191 910 1153 505 1185 252 1204 218 1289 104 1301 559 1254 432 1254 268 1115 252 1090 382 1106 511
img12612.jpg 1202 944 1218 711 1192 517 1125 514 1186 712 1205 903 1157 508 1189 254 1208 219 1294 105 1303 559 1256 429 1256 270 1122 254 1100 384 1122 509
img12613.jpg 1196 938 1227 713 1198 522 1132 512 1197 708 1208 903 1160 506 1189 255 1211 217 1297 100 1306 560 1259 430 1259 271 1128 255 1113 385 1140 508
img12614.jpg 1186 933 1240 717 1211 527 1143 514 1212 710 1217 900 1165 508 1191 257 1214 218 1297 99 1310 559 1262 427 1259 273 1133 257 1121 389 1151 511
img12615.jpg 1182 925 1253 717 1218 525 1151 515 1223 709 1224 900 1170 506 1192 259 1215 218 1295 99 1314 557 1266 426 1260 272 1138 259 1126 391 1159 513
img12616.jpg 1194 917 1274 716 1224 522 1157 509 1233 706 1227 897 1173 503 1195 261 1218 217 1294 99 1319 557 1269 423 1262 271 1144 258 1133 390 1165 510
img12617.jpg 1210 909 1297 715 1230 515 1164 505 1242 705 1230 895 1177 499 1198 262 1220 219 1295 100 1323 552 1270 421 1264 269 1148 256 1137 386 1171 505
img12618.jpg 1230 896 1318 708 1230 504 1168 504 1251 704 1243 880 1184 501 1202 264 1221 221 1298 100 1325 547 1273 418 1264 267 1153 258 1145 379 1182 497
img12619.jpg 1249 880 1339 697 1230 497 1169 503 1257 700 1242 872 1191 497 1206 264 1221 218 1300 100 1330 542 1275 415 1266 264 1157 258 1155 374 1199 488
img12620.jpg 1268 861 1359 684 1232 494 1172 500 1256 699 1245 861 1197 494 1212 262 1223 217 1302 100 1335 539 1277 412 1268 262 1160 256 1166 368 1218 479
img12621.jpg 1280 843 1378 674 1239 490 1178 502 1256 698 1245 867 1206 493 1215 261 1227 216 1302 98 1338 532 1281 412 1269 261 1163 255 1176 363 1234 472
img12622.jpg 1294 823 1391 665 1249 489 1184 501 1255 696 1246 872 1215 489 1218 261 1231 214 1305 97 1345 529 1286 408 1271 261 1169 254 1184 361 1245 468
img12623.jpg 1311 810 1402 658 1258 489 1192 498 1254 695 1245 881 1220 486 1223 261 1236 214 1304 98 1355 526 1288 407 1273 261 1173 251 1189 358 1250 464
img12624.jpg 1331 801 1410 656 1266 491 1203 497 1253 699 1247 888 1228 487 1228 261 1240 213 1307 96 1360 522 1291 405 1275 261 1177 251 1196 358 1257 462
img12625.jpg 1349 795 1414 655 1273 491 1210 498 1257 697 1245 897 1232 488 1232 260 1245 213 1311 95 1365 520 1295 406 1280 260 1181 251 1200 359 1258 461
img12626.jpg 1368 788 1416 656 1280 493 1220 497 1261 696 1245 893 1239 490 1236 259 1248 212 1315 94 1372 519 1302 405 1287 259 1185 253 1203 364 1259 464
img12627.jpg 1390 790 1425 657 1287 495 1231 498 1265 696 1243 888 1246 495 1240 257 1253 213 1318 94 1378 517 1309 408 1293 257 1190 254 1208 368 1260 465
img12628.jpg 1413 789 1434 658 1292 497 1236 500 1267 696 1246 882 1255 497 1246 254 1258 214 1323 93 1385 516 1317 407 1302 254 1196 254 1212 372 1258 467
img12629.jpg 1435 792 1443 656 1298 496 1239 500 1270 696 1245 882 1261 496 1252 254 1264 213 1329 95 1395 518 1326 406 1311 254 1202 254 1213 372 1251 466
img12630.jpg 1459 798 1455 655 1306 496 1247 499 1272 695 1247 884 1272 496 1257 256 1272 216 1334 94 1406 517 1334 406 1319 253 1210 253 1218 375 1250 466
img12631.jpg 1482 806 1464 652 1316 494 1254 497 1273 694 1250 887 1276 494 1263 257 1279 217 1344 98 1416 516 1344 404 1325 254 1216 254 1218 379 1243 468
img12632.jpg 1504 813 1470 652 1320 492 1257 498 1276 698 1254 891 1279 492 1270 258 1285 215 1351 99 1425 517 1354 402 1335 255 1220 255 1219 383 1239 469
img12633.jpg 1524 824 1476 653 1325 492 1263 501 1279 700 1254 892 1285 492 1279 259 1294 216 1359 101 1433 517 1365 402 1344 256 1226 256 1223 386 1237 475
img12634.jpg 1540 830 1479 656 1338 493 1270 505 1279 702 1255 895 1291 493 1288 259 1304 216 1368 103 1445 517 1377 404 1356 256 1230 256 1227 391 1239 486
img12635.jpg 1552 841 1479 663 1350 497 1279 509 1285 705 1254 896 1301 497 1301 260 1313 217 1374 103 1457 518 1389 404 1368 260 1236 260 1230 395 1241 498
img12636.jpg 1563 850 1481 671 1363 501 1287 513 1290 707 1254 895 1317 501 1314 262 1326 219 1384 107 1472 522 1402 407 1384 262 1244 262 1238 395 1250 504
img12637.jpg 1568 858 1483 676 1377 503 1298 516 1295 707 1255 895 1331 503 1328 264 1340 221 1395 106 1486 522 1416 409 1398 264 1255 264 1246 397 1255 513
img12638.jpg 1570 866 1485 683 1397 507 1312 516 1303 705 1257 896 1348 507 1342 267 1354 221 1406 108 1503 525 1433 413 1418 267 1266 267 1254 401 1263 516
img12639.jpg 1569 875 1491 691 1410 511 1326 515 1311 704 1258 896 1365 509 1359 269 1368 223 1416 112 1518 526 1452 416 1437 269 1281 269 1263 404 1269 518
img12640.jpg 1570 878 1499 698 1422 512 1337 513 1317 701 1261 895 1378 509 1375 268 1387 224 1431 117 1534 530 1472 418 1457 268 1296 268 1275 407 1278 518
img12641.jpg 1570 882 1508 702 1434 510 1348 510 1325 699 1263 894 1389 507 1392 268 1404 223 1443 117 1552 530 1495 418 1477 268 1312 268 1289 407 1286 519
img12642.jpg 1568 884 1515 702 1448 508 1360 506 1334 696 1266 895 1407 506 1413 266 1421 224 1457 122 1571 532 1515 421 1497 269 1328 266 1301 403 1295 517
img12643.jpg 1567 883 1523 702 1459 504 1369 501 1340 693 1270 894 1419 501 1431 262 1439 224 1471 120 1588 530 1532 417 1515 265 1343 259 1314 399 1305 516
img12644.jpg 1567 881 1529 698 1470 497 1379 500 1349 689 1278 890 1429 500 1447 259 1458 223 1491 114 1603 527 1550 415 1532 265 1358 253 1328 394 1313 512
img12645.jpg 1565 882 1535 694 1482 494 1389 497 1359 685 1288 882 1440 497 1461 256 1473 219 1509 109 1616 521 1565 411 1547 262 1371 246 1341 390 1320 506
img12646.jpg 1564 880 1540 688 1492 490 1399 493 1366 679 1303 873 1450 493 1474 250 1486 217 1522 103 1627 517 1576 409 1564 259 1381 241 1351 385 1327 502
img12647.jpg 1564 876 1543 687 1501 489 1408 492 1375 672 1322 858 1457 492 1483 246 1498 213 1535 96 1634 513 1588 402 1576 255 1393 237 1360 381 1333 498
img12648.jpg 1565 875 1547 682 1508 488 1419 491 1386 664 1344 840 1464 491 1493 244 1508 208 1544 92 1640 509 1601 399 1589 255 1404 234 1368 378 1339 494
img12649.jpg 1567 873 1552 679 1517 487 1428 487 1395 655 1369 821 1473 484 1502 241 1517 206 1546 90 1644 507 1611 395 1599 253 1410 232 1375 374 1345 492
img12650.jpg 1569 870 1554 674 1525 484 1437 484 1404 648 1395 803 1481 481 1510 241 1525 206 1545 88 1648 507 1618 393 1609 252 1416 232 1381 372 1352 493
img12651.jpg 1568 868 1554 672 1533 482 1446 482 1419 643 1422 786 1489 479 1519 242 1530 204 1545 86 1650 505 1627 391 1615 251 1422 230 1387 370 1358 491
img12652.jpg 1569 869 1554 669 1540 478 1453 478 1430 646 1450 773 1496 475 1525 242 1534 204 1540 91 1653 504 1633 393 1621 251 1427 228 1395 370 1366 489
img12653.jpg 1569 872 1557 670 1545 475 1461 475 1440 653 1478 767 1504 472 1531 241 1539 206 1533 95 1653 504 1636 396 1624 250 1431 227 1402 370 1373 489
img12654.jpg 1563 878 1558 675 1552 477 1470 477 1450 661 1501 765 1511 477 1534 241 1540 206 1528 100 1654 503 1640 395 1625 250 1438 226 1409 369 1382 489
img12655.jpg 1558 878 1560 676 1560 478 1478 478 1461 667 1526 771 1519 478 1539 238 1542 206 1522 104 1651 501 1645 396 1624 250 1443 223 1417 366 1390 489
img12656.jpg 1549 878 1560 675 1567 480 1487 480 1469 672 1545 785 1525 480 1543 237 1543 208 1516 106 1650 498 1647 394 1626 249 1451 222 1425 368 1401 489
img12657.jpg 1544 875 1562 674 1574 483 1493 483 1476 671 1561 802 1535 480 1544 235 1544 208 1511 105 1646 498 1649 393 1625 246 1458 222 1434 369 1410 492
img12658.jpg 1543 873 1562 674 1584 483 1502 483 1481 671 1574 820 1545 480 1548 234 1541 207 1505 106 1640 494 1651 389 1627 243 1463 222 1445 368 1420 495
img12659.jpg 1547 866 1564 670 1592 479 1509 482 1490 673 1591 839 1555 476 1549 233 1542 205 1496 103 1635 488 1650 386 1625 242 1469 220 1456 371 1429 497
img12660.jpg 1558 866 1566 672 1594 479 1516 482 1498 678 1603 858 1560 473 1551 233 1538 205 1489 105 1634 482 1650 382 1622 239 1476 220 1466 373 1442 497
img12661.jpg 1577 867 1572 675 1596 475 1523 478 1507 684 1615 869 1566 469 1551 229 1538 204 1483 108 1626 473 1649 376 1618 238 1479 219 1479 373 1452 499
img12662.jpg 1591 866 1576 677 1601 466 1532 476 1517 690 1622 879 1567 466 1551 228 1536 203 1477 110 1621 459 1647 367 1613 234 1486 218 1489 373 1464 500
img12663.jpg 1602 864 1578 679 1603 462 1538 475 1532 694 1631 888 1569 462 1554 225 1535 203 1474 111 1618 450 1649 364 1609 231 1492 219 1498 376 1474 502
img12664.jpg 1612 864 1579 683 1603 463 1544 476 1544 696 1637 895 1572 457 1560 228 1534 206 1473 113 1613 443 1643 358 1606 228 1501 221 1507 376 1482 507
img12665.jpg 1617 861 1577 685 1601 468 1548 480 1557 698 1638 894 1576 458 1560 228 1535 206 1473 113 1614 441 1641 356 1607 225 1507 225 1517 377 1489 514
img12666.jpg 1622 855 1575 683 1599 472 1552 488 1568 700 1642 896 1580 460 1562 233 1536 208 1474 114 1608 443 1633 354 1602 223 1515 229 1524 379 1496 522
img12667.jpg 1630 852 1575 685 1595 483 1555 493 1577 702 1645 896 1583 468 1564 236 1539 208 1474 111 1601 446 1626 352 1601 224 1521 233 1533 383 1502 527
img12668.jpg 1625 849 1568 686 1591 496 1557 499 1582 701 1648 897 1582 477 1566 240 1541 209 1472 108 1592 454 1616 354 1597 225 1528 237 1538 385 1509 531
img12669.jpg 1620 844 1562 685 1591 502 1559 502 1584 701 1645 893 1581 489 1565 238 1543 209 1469 107 1587 461 1616 358 1593 226 1533 238 1543 389 1517 534
img12670.jpg 1612 844 1559 683 1594 503 1562 503 1587 699 1645 895 1581 497 1565 239 1546 210 1469 104 1579 461 1613 352 1587 226 1540 239 1546 393 1524 535
img12671.jpg 1604 845 1552 684 1599 506 1567 503 1589 696 1647 896 1583 503 1567 239 1548 207 1466 102 1576 472 1618 359 1586 226 1545 239 1551 397 1529 532
img12672.jpg 1590 846 1543 684 1600 508 1571 505 1590 693 1648 897 1583 501 1568 239 1549 204 1466 102 1574 485 1619 370 1584 226 1552 239 1555 399 1533 534
img12673.jpg 1587 845 1540 679 1600 504 1574 504 1593 692 1648 896 1584 503 1565 238 1552 204 1466 101 1577 491 1622 373 1577 226 1559 238 1561 401 1536 532
img12674.jpg 1582 845 1536 679 1592 504 1576 504 1598 692 1652 898 1579 504 1567 241 1551 203 1467 100 1574 497 1617 376 1576 228 1564 241 1567 404 1539 532
img12675.jpg 1581 843 1531 680 1584 502 1581 502 1600 692 1653 899 1578 505 1569 242 1550 204 1463 101 1567 507 1609 386 1575 229 1569 242 1572 405 1544 530
img12676.jpg 1574 846 1530 682 1574 503 1583 503 1602 695 1652 899 1577 503 1570 242 1548 207 1458 104 1566 508 1602 387 1574 233 1574 245 1574 406 1545 534
img12677.jpg 1568 846 1531 682 1565 503 1586 503 1608 697 1651 898 1577 506 1571 246 1546 212 1451 109 1563 508 1595 388 1571 236 1577 249 1577 407 1552 533
img12678.jpg 1565 845 1531 685 1555 505 1592 505 1610 701 1650 900 1574 505 1571 251 1540 214 1445 116 1559 508 1586 391 1568 241 1580 254 1580 410 1555 535
img12679.jpg 1560 846 1532 689 1553 504 1599 504 1611 701 1647 898 1575 504 1566 256 1535 217 1436 122 1547 505 1575 392 1557 247 1581 259 1584 410 1559 534
img12680.jpg 1556 849 1535 690 1550 506 1605 506 1611 702 1647 897 1577 503 1559 259 1529 223 1427 132 1534 501 1559 394 1544 253 1584 262 1587 413 1559 539
img12681.jpg 1555 849 1537 689 1549 506 1613 503 1607 698 1646 894 1576 506 1552 265 1523 229 1420 142 1519 499 1543 395 1529 259 1586 265 1592 416 1564 539
img12682.jpg 1557 849 1536 691 1548 509 1619 500 1599 697 1643 893 1580 503 1542 268 1516 238 1408 152 1503 498 1527 396 1513 268 1584 268 1593 420 1563 545
img12683.jpg 1556 849 1536 693 1550 504 1624 495 1589 696 1639 891 1589 498 1536 274 1510 247 1397 164 1486 498 1512 398 1501 277 1580 271 1592 424 1565 548
img12684.jpg 1557 849 1534 692 1554 498 1632 487 1584 695 1636 889 1598 492 1529 280 1503 257 1387 178 1477 503 1503 402 1491 283 1578 277 1589 431 1563 556
img12685.jpg 1555 847 1530 694 1555 503 1629 489 1578 696 1632 887 1595 498 1521 290 1496 264 1376 192 1467 511 1496 409 1482 292 1572 284 1590 440 1564 563
img12686.jpg 1554 847 1525 695 1556 503 1632 486 1579 700 1627 886 1599 495 1514 300 1489 275 1365 204 1458 523 1489 419 1475 303 1568 292 1588 450 1562 571
img12687.jpg 1551 847 1521 694 1565 500 1635 486 1579 702 1624 883 1601 494 1510 313 1482 288 1360 221 1448 536 1482 430 1471 313 1562 302 1585 460 1560 580
img12688.jpg 1549 847 1514 691 1571 508 1639 488 1579 702 1623 882 1604 499 1503 324 1478 302 1350 242 1440 549 1476 442 1467 327 1557 313 1582 472 1555 592
img12689.jpg 1550 848 1507 690 1579 513 1638 497 1577 703 1625 883 1606 505 1499 338 1475 317 1341 262 1432 563 1470 456 1464 341 1553 325 1579 485 1553 603
img12690.jpg 1550 849 1501 689 1589 511 1647 495 1574 702 1623 883 1613 500 1495 352 1474 334 1337 282 1425 578 1464 470 1461 360 1550 342 1574 499 1548 617
img12691.jpg 1552 850 1493 689 1598 510 1649 500 1570 701 1626 885 1618 502 1491 367 1473 352 1332 306 1420 591 1458 484 1460 379 1547 356 1570 514 1544 635
img12692.jpg 1553 851 1485 691 1597 518 1651 508 1568 703 1627 887 1619 511 1489 382 1474 368 1330 328 1416 606 1455 498 1457 399 1548 375 1568 532 1541 650
img12693.jpg 1553 854 1478 694 1600 524 1653 517 1568 708 1625 889 1623 517 1489 401 1473 387 1329 348 1410 622 1452 514 1454 420 1548 392 1567 551 1537 669
img12694.jpg 1552 854 1470 697 1601 537 1658 528 1568 714 1624 891 1626 530 1487 418 1474 407 1332 369 1405 638 1448 530 1453 444 1550 410 1566 569 1534 689
img12695.jpg 1550 858 1462 702 1600 553 1662 542 1568 722 1622 892 1626 548 1489 437 1473 426 1334 389 1401 654 1446 546 1453 465 1550 426 1566 589 1530 708
img12696.jpg 1548 860 1455 706 1600 567 1664 559 1564 732 1620 894 1629 565 1490 457 1475 446 1337 409 1398 671 1446 565 1450 484 1552 446 1565 609 1526 726
img12697.jpg 1540 866 1450 711 1607 583 1667 577 1560 745 1620 894 1634 583 1490 477 1476 468 1340 431 1395 687 1444 583 1450 507 1552 466 1565 628 1521 746
img12698.jpg 1531 874 1446 717 1607 603 1668 595 1553 756 1621 896 1634 604 1492 494 1479 486 1345 449 1395 704 1444 599 1452 526 1555 488 1563 645 1515 765
img12699.jpg 1529 879 1443 723 1590 620 1669 614 1547 768 1621 901 1630 624 1494 512 1484 504 1351 468 1394 720 1445 616 1453 541 1555 508 1563 663 1511 783
img12700.jpg 1530 882 1439 729 1575 632 1667 638 1537 784 1623 901 1632 638 1493 529 1486 523 1355 488 1394 738 1447 631 1452 556 1556 527 1564 681 1509 802
img12701.jpg 1512 894 1434 735 1574 653 1667 658 1531 797 1624 902 1631 659 1495 544 1488 538 1359 503 1394 754 1448 643 1455 571 1558 544 1564 697 1507 822
img12702.jpg 1506 898 1430 739 1555 668 1664 679 1521 809 1625 903 1626 675 1498 559 1488 551 1361 517 1394 770 1450 656 1456 580 1560 561 1564 712 1506 836
img12703.jpg 1503 901 1427 743 1538 677 1663 701 1514 823 1623 907 1626 691 1499 572 1487 564 1362 531 1394 784 1453 667 1457 589 1561 576 1567 726 1508 851
img12704.jpg 1492 910 1424 747 1539 687 1659 717 1505 830 1622 905 1628 701 1502 584 1488 578 1365 545 1397 796 1454 679 1458 600 1565 591 1569 738 1507 861
img12705.jpg 1465 921 1421 750 1554 703 1660 726 1501 831 1619 909 1628 716 1505 597 1489 588 1368 555 1397 806 1457 690 1463 609 1568 604 1572 748 1507 869
img12706.jpg 1461 923 1420 752 1537 712 1658 735 1494 830 1611 912 1628 723 1508 608 1492 599 1373 567 1400 815 1461 699 1465 620 1569 615 1566 746 1491 856
img12707.jpg 1454 929 1418 757 1536 720 1659 740 1492 826 1604 916 1628 732 1511 616 1495 606 1378 575 1402 823 1463 707 1467 630 1570 620 1570 753 1492 864
img12708.jpg 1439 934 1417 759 1547 729 1659 742 1488 819 1596 918 1626 739 1514 623 1499 614 1383 583 1403 828 1466 714 1470 641 1573 627 1561 749 1493 867
img12709.jpg 1422 936 1415 760 1564 739 1655 748 1482 815 1584 922 1627 746 1515 629 1501 618 1386 587 1404 833 1469 719 1471 648 1573 632 1552 743 1494 871
img12710.jpg 1424 937 1415 761 1548 740 1651 753 1476 810 1571 925 1627 751 1516 632 1504 622 1391 592 1406 837 1472 722 1470 652 1576 636 1544 734 1494 873
img12711.jpg 1419 939 1415 763 1550 744 1653 756 1476 804 1565 926 1625 758 1516 634 1504 625 1393 596 1405 842 1474 726 1470 655 1574 639 1542 738 1513 896
img12712.jpg 1413 939 1415 763 1550 747 1633 756 1455 795 1536 924 1608 756 1516 635 1505 628 1397 599 1403 842 1475 728 1472 657 1576 642 1532 728 1516 895
img12713.jpg 1411 939 1415 764 1559 749 1630 762 1452 791 1525 927 1611 760 1516 637 1507 630 1401 601 1402 844 1475 729 1471 657 1578 643 1533 729 1517 898
img12714.jpg 1413 940 1414 765 1540 749 1631 767 1452 786 1518 928 1609 764 1518 639 1509 632 1404 604 1403 846 1476 730 1473 658 1578 643 1533 732 1516 901
img12715.jpg 1414 940 1414 765 1541 747 1620 771 1454 784 1514 931 1599 764 1519 639 1510 633 1406 606 1408 846 1477 731 1474 659 1579 644 1533 733 1517 902
img12716.jpg 1415 939 1414 764 1539 746 1609 775 1451 784 1508 934 1581 761 1522 641 1512 631 1410 604 1411 843 1477 729 1476 659 1583 644 1535 733 1516 903
img12717.jpg 1418 939 1415 765 1541 745 1616 781 1468 788 1522 941 1591 765 1524 642 1513 631 1414 604 1418 844 1479 730 1477 658 1583 645 1535 733 1509 901
img12718.jpg 1424 939 1415 765 1522 742 1607 779 1468 787 1522 943 1582 762 1526 641 1513 632 1416 606 1421 844 1479 729 1479 659 1583 646 1537 732 1500 896
img12719.jpg 1424 937 1415 763 1522 740 1599 777 1467 789 1524 946 1565 754 1525 638 1513 631 1418 605 1422 843 1478 729 1479 658 1585 645 1547 744 1513 905
img12720.jpg 1424 937 1416 764 1523 740 1595 772 1459 788 1517 945 1573 755 1526 638 1514 631 1420 606 1418 842 1475 729 1480 656 1586 643 1557 757 1523 914
img12721.jpg 1420 937 1417 764 1538 742 1603 773 1465 793 1527 951 1592 757 1525 635 1514 630 1421 607 1417 841 1473 731 1482 653 1586 642 1556 755 1503 896
img12722.jpg 1414 934 1417 761 1556 741 1617 767 1477 792 1543 950 1603 752 1525 633 1514 628 1421 606 1421 838 1473 729 1481 653 1588 639 1567 765 1512 901
img12723.jpg 1412 932 1418 759 1575 739 1630 759 1488 791 1558 949 1614 749 1526 632 1515 622 1422 602 1419 833 1473 723 1480 648 1588 633 1577 774 1521 903
img12724.jpg 1414 931 1421 759 1590 737 1643 750 1499 787 1574 945 1634 746 1528 628 1515 615 1420 596 1418 827 1474 717 1481 645 1588 628 1577 768 1506 886
img12725.jpg 1415 926 1425 755 1603 733 1656 749 1511 793 1590 951 1633 738 1527 622 1514 609 1417 589 1415 821 1474 709 1480 640 1588 622 1576 760 1492 868
img12726.jpg 1430 922 1429 751 1593 722 1661 733 1515 783 1599 940 1634 726 1528 614 1515 603 1415 582 1413 812 1474 700 1478 633 1588 614 1586 764 1507 874
img12727.jpg 1445 917 1432 747 1578 712 1661 723 1514 780 1603 937 1632 718 1527 604 1514 593 1412 570 1402 803 1473 692 1477 621 1586 604 1585 753 1499 857
img12728.jpg 1457 910 1434 742 1564 700 1664 711 1516 775 1609 931 1634 704 1524 591 1512 581 1408 557 1401 791 1471 684 1475 610 1586 593 1584 742 1494 842
img12729.jpg 1483 902 1449 736 1568 687 1664 698 1515 768 1614 924 1633 690 1521 577 1513 571 1406 546 1399 777 1471 674 1475 598 1586 579 1584 729 1492 827
img12730.jpg 1507 892 1460 728 1573 669 1671 677 1522 754 1624 910 1638 675 1520 562 1512 556 1402 529 1399 759 1469 663 1474 587 1584 562 1584 715 1493 810
img12731.jpg 1519 884 1472 722 1589 655 1670 663 1522 748 1625 905 1637 663 1519 547 1512 540 1400 512 1400 741 1469 649 1473 573 1582 542 1586 698 1498 792
img12732.jpg 1534 877 1482 717 1605 640 1671 646 1523 738 1626 899 1637 646 1517 530 1513 526 1403 494 1401 721 1467 634 1474 555 1581 523 1588 681 1500 773
img12733.jpg 1546 870 1491 713 1618 624 1671 629 1524 727 1625 895 1635 631 1518 513 1515 509 1407 474 1402 702 1467 618 1473 536 1581 506 1589 660 1502 750
img12734.jpg 1544 862 1490 709 1621 609 1672 612 1526 724 1623 894 1635 614 1518 494 1514 488 1410 453 1401 682 1468 601 1472 513 1578 486 1591 639 1502 728
img12735.jpg 1542 860 1485 708 1619 596 1670 594 1528 720 1621 894 1634 596 1518 476 1514 468 1413 431 1401 663 1467 581 1471 489 1574 466 1594 617 1502 705
img12736.jpg 1544 857 1480 705 1616 581 1669 576 1531 719 1621 895 1634 576 1519 457 1512 446 1413 406 1400 642 1469 563 1471 463 1576 446 1594 596 1498 681
img12737.jpg 1544 854 1477 703 1614 566 1666 561 1532 718 1621 896 1635 561 1521 438 1509 424 1409 383 1400 620 1471 545 1468 442 1575 429 1596 574 1498 657
img12738.jpg 1546 851 1476 699 1601 558 1661 548 1536 719 1621 896 1625 553 1522 416 1508 402 1406 359 1399 597 1472 524 1470 420 1574 404 1597 553 1498 633
img12739.jpg 1547 851 1477 695 1582 550 1649 540 1542 716 1622 895 1612 545 1522 395 1508 380 1402 331 1400 576 1473 502 1468 397 1574 383 1601 532 1501 607
img12740.jpg 1549 847 1483 693 1568 541 1637 531 1549 713 1622 893 1601 533 1523 373 1508 360 1405 304 1402 553 1478 482 1467 378 1576 363 1605 510 1501 585
img12741.jpg 1549 845 1490 690 1556 530 1628 523 1557 709 1623 891 1592 528 1523 352 1507 339 1404 280 1402 532 1479 460 1466 360 1577 342 1608 489 1502 561
img12742.jpg 1550 846 1498 686 1542 523 1619 513 1564 705 1622 888 1579 520 1524 331 1510 318 1404 254 1404 515 1481 441 1468 342 1580 321 1612 470 1505 539
img12743.jpg 1552 845 1506 683 1541 511 1612 505 1572 699 1623 886 1579 508 1525 316 1511 300 1404 232 1405 497 1484 423 1467 325 1582 306 1618 453 1509 521
img12744.jpg 1553 846 1511 678 1542 499 1611 494 1578 692 1623 885 1578 499 1528 301 1514 284 1405 212 1405 479 1486 410 1469 312 1587 293 1620 435 1511 502
img12745.jpg 1554 846 1517 675 1540 495 1611 489 1583 689 1623 883 1577 495 1529 286 1514 269 1406 192 1406 466 1489 398 1471 297 1589 280 1623 420 1514 483
img12746.jpg 1556 846 1521 671 1538 493 1608 487 1588 686 1623 882 1573 490 1533 274 1518 256 1413 174 1410 449 1491 388 1474 285 1591 271 1626 408 1518 469
img12747.jpg 1556 844 1524 672 1536 490 1606 487 1594 683 1623 880 1570 487 1533 264 1521 246 1422 161 1413 434 1494 378 1477 276 1594 261 1629 396 1521 457
img12748.jpg 1554 846 1527 671 1530 489 1602 486 1596 682 1623 879 1563 486 1533 254 1521 239 1430 147 1415 424 1498 373 1477 269 1596 251 1632 388 1524 444
img12749.jpg 1555 845 1531 674 1528 488 1600 488 1600 683 1624 878 1561 485 1534 248 1525 233 1438 136 1420 416 1501 368 1480 263 1597 245 1636 383 1528 437
img12750.jpg 1555 845 1534 673 1524 485 1597 485 1604 682 1625 876 1555 485 1537 245 1528 227 1443 126 1425 409 1500 363 1482 257 1600 239 1640 378 1534 430
img12751.jpg 1555 845 1539 673 1521 484 1594 484 1607 680 1625 876 1551 484 1539 242 1530 224 1445 116 1426 404 1502 362 1484 255 1604 233 1643 377 1536 423
img12752.jpg 1553 844 1543 672 1518 484 1589 484 1608 681 1626 878 1549 484 1543 241 1531 222 1448 108 1426 404 1503 361 1485 250 1605 231 1645 376 1537 419
img12753.jpg 1553 843 1546 674 1519 483 1589 483 1611 680 1626 878 1550 480 1546 240 1534 221 1451 104 1429 400 1500 360 1488 246 1608 230 1648 375 1537 415
img12754.jpg 1553 843 1547 671 1516 484 1587 484 1612 680 1627 877 1550 481 1550 241 1535 220 1455 100 1430 398 1498 361 1488 244 1612 229 1648 373 1538 413
img12755.jpg 1552 844 1549 670 1518 485 1588 482 1613 680 1628 878 1552 479 1552 241 1537 220 1457 98 1430 397 1497 363 1491 245 1613 229 1649 372 1537 412
img12756.jpg 1552 844 1549 671 1518 484 1588 481 1612 680 1627 877 1552 478 1552 241 1540 220 1461 99 1430 399 1494 362 1491 241 1615 232 1651 371 1537 414
img12757.jpg 1555 846 1549 672 1519 482 1590 479 1612 678 1627 876 1552 473 1552 242 1543 221 1464 98 1431 398 1491 362 1491 242 1618 233 1654 371 1537 413
img12758.jpg 1555 845 1546 669 1516 484 1588 478 1612 677 1627 878 1552 475 1552 242 1543 221 1465 98 1433 400 1492 361 1492 242 1621 233 1654 370 1537 415
img12759.jpg 1556 846 1547 669 1520 483 1588 477 1609 678 1628 878 1553 474 1553 240 1544 222 1466 100 1430 399 1493 360 1493 240 1622 231 1654 372 1538 417
img12760.jpg 1555 847 1546 669 1519 481 1585 478 1609 677 1627 880 1552 475 1552 237 1546 222 1467 98 1428 400 1494 358 1491 237 1624 231 1654 372 1540 418
img12761.jpg 1555 847 1546 669 1516 482 1585 479 1609 678 1627 880 1552 476 1552 237 1546 222 1467 95 1428 401 1494 355 1491 237 1624 228 1654 373 1540 418
img12762.jpg 1554 847 1545 671 1515 483 1585 480 1609 680 1627 880 1551 480 1551 238 1545 223 1467 96 1427 402 1494 356 1491 238 1624 226 1654 374 1539 420
img12763.jpg 1555 848 1546 671 1516 483 1586 483 1607 680 1626 878 1552 483 1549 237 1546 224 1468 94 1425 404 1492 358 1489 240 1623 227 1653 376 1540 422
img12764.jpg 1553 846 1547 673 1517 484 1587 484 1608 679 1624 877 1553 481 1547 237 1547 225 1465 94 1426 408 1490 359 1487 240 1624 228 1651 377 1538 423
img12765.jpg 1556 845 1547 675 1520 485 1592 485 1608 678 1623 875 1556 482 1547 240 1547 228 1462 98 1426 409 1487 361 1487 243 1623 231 1650 379 1535 427
img12766.jpg 1557 846 1545 672 1524 484 1594 484 1606 681 1621 876 1557 481 1545 240 1545 228 1460 101 1423 411 1484 365 1484 243 1621 231 1648 380 1536 429
img12767.jpg 1556 845 1541 671 1526 483 1593 486 1605 681 1620 878 1560 480 1541 240 1541 231 1453 107 1420 413 1484 365 1481 243 1617 234 1645 383 1535 432
img12768.jpg 1555 845 1537 671 1528 483 1595 486 1604 680 1622 878 1562 477 1540 244 1537 234 1447 113 1416 419 1483 365 1477 244 1616 237 1641 386 1531 435
img12769.jpg 1556 844 1535 670 1529 481 1598 481 1601 682 1622 880 1562 478 1538 245 1532 239 1439 121 1415 424 1481 364 1472 248 1613 242 1640 388 1532 439
img12770.jpg 1553 843 1532 669 1529 477 1597 480 1597 681 1621 882 1562 474 1535 249 1527 243 1430 130 1411 432 1479 367 1467 252 1607 243 1636 394 1529 447
img12771.jpg 1553 841 1530 671 1530 475 1602 478 1594 677 1622 882 1565 472 1530 253 1522 250 1421 143 1409 440 1478 369 1464 259 1600 250 1631 397 1524 457
img12772.jpg 1552 842 1529 671 1532 472 1609 472 1592 677 1623 879 1566 469 1526 261 1518 255 1413 152 1407 452 1475 375 1460 266 1595 255 1629 403 1523 468
img12773.jpg 1552 842 1529 674 1535 472 1610 469 1591 677 1622 882 1566 472 1521 267 1512 262 1403 166 1406 461 1473 383 1459 276 1588 262 1627 410 1521 483
img12774.jpg 1552 844 1528 676 1539 474 1613 471 1591 676 1621 880 1569 471 1514 278 1508 270 1393 181 1404 471 1470 392 1456 286 1580 270 1622 419 1517 499
img12775.jpg 1553 846 1526 676 1539 475 1615 472 1591 678 1623 879 1572 475 1507 288 1502 280 1386 201 1402 483 1466 402 1453 299 1575 280 1616 427 1515 510
img12776.jpg 1552 849 1525 678 1541 478 1616 477 1592 681 1624 881 1573 480 1502 301 1494 290 1376 223 1400 496 1461 416 1451 311 1568 290 1609 438 1515 525
img12777.jpg 1551 850 1525 682 1543 491 1619 480 1591 685 1624 884 1575 488 1499 315 1486 304 1366 246 1399 509 1457 428 1449 328 1562 302 1604 449 1512 543
img12778.jpg 1551 850 1523 686 1546 499 1628 481 1590 689 1625 884 1584 486 1495 330 1482 320 1358 268 1398 522 1451 440 1449 345 1556 315 1597 461 1513 558
img12779.jpg 1550 851 1521 693 1555 499 1633 484 1586 694 1626 886 1593 489 1491 346 1476 335 1353 287 1394 540 1446 456 1448 363 1551 328 1594 476 1511 575
img12780.jpg 1552 851 1520 702 1568 504 1640 484 1582 698 1626 888 1600 491 1486 360 1471 353 1346 304 1392 557 1441 468 1446 380 1545 343 1589 493 1510 596
img12781.jpg 1551 850 1514 708 1579 509 1646 484 1578 699 1624 886 1609 494 1483 377 1468 369 1341 318 1390 576 1439 484 1444 396 1541 357 1585 511 1507 615
img12782.jpg 1552 850 1508 715 1592 510 1650 495 1571 700 1624 886 1621 500 1478 393 1466 386 1340 334 1388 595 1438 500 1440 412 1538 374 1578 528 1507 633
img12783.jpg 1551 852 1500 721 1602 516 1651 506 1565 700 1623 887 1621 513 1476 411 1462 401 1337 350 1388 614 1437 516 1437 430 1535 392 1574 546 1502 653
img12784.jpg 1551 852 1489 721 1604 529 1654 522 1560 705 1622 888 1624 529 1475 428 1459 419 1334 367 1388 631 1436 532 1436 447 1533 412 1569 566 1501 674
img12785.jpg 1551 854 1480 720 1608 544 1655 542 1556 709 1622 890 1631 544 1476 447 1460 437 1336 385 1389 651 1436 551 1436 464 1531 431 1567 584 1500 693
img12786.jpg 1547 859 1473 717 1614 560 1659 560 1551 719 1621 890 1635 558 1475 464 1460 455 1337 402 1390 667 1437 566 1437 483 1529 453 1565 603 1501 714
img12787.jpg 1544 864 1466 717 1614 571 1660 567 1549 721 1621 893 1637 567 1474 482 1458 475 1335 422 1391 682 1437 583 1439 502 1526 471 1565 620 1499 734
img12788.jpg 1539 870 1463 715 1615 583 1661 580 1545 729 1621 893 1641 578 1474 498 1459 494 1337 441 1393 700 1439 601 1439 522 1520 488 1564 640 1500 755
img12789.jpg 1530 878 1460 718 1615 595 1661 588 1540 734 1622 894 1644 586 1474 515 1460 511 1339 458 1396 716 1441 617 1439 538 1519 505 1566 656 1501 773
img12790.jpg 1530 888 1464 727 1619 610 1660 604 1534 745 1622 894 1643 600 1475 531 1462 528 1341 474 1401 724 1443 630 1441 558 1517 522 1566 672 1502 792
img12791.jpg 1533 884 1468 723 1615 612 1661 613 1530 750 1625 890 1638 604 1477 548 1464 544 1344 491 1402 739 1443 643 1439 572 1520 537 1569 688 1508 809
img12792.jpg 1528 886 1465 725 1598 628 1649 637 1513 769 1613 894 1627 624 1479 562 1464 555 1345 501 1405 753 1446 653 1440 584 1522 553 1571 700 1523 823
img12793.jpg 1529 886 1460 728 1578 639 1649 655 1508 783 1610 900 1622 644 1481 574 1466 567 1348 513 1407 764 1447 661 1440 592 1525 567 1573 711 1544 835
img12794.jpg 1524 888 1458 730 1557 655 1635 678 1490 801 1592 910 1609 665 1483 584 1472 578 1354 524 1411 774 1451 668 1441 601 1526 578 1563 723 1545 846
img12795.jpg 1508 886 1445 728 1529 666 1638 685 1488 803 1587 917 1606 676 1486 594 1473 587 1356 533 1410 789 1453 675 1441 608 1530 587 1565 732 1547 855
img12796.jpg 1481 899 1435 740 1531 690 1637 701 1483 814 1579 932 1610 697 1487 602 1474 596 1358 541 1411 796 1457 683 1445 617 1526 596 1568 742 1544 861
img12797.jpg 1470 904 1431 743 1527 699 1648 709 1490 816 1582 939 1612 707 1491 609 1480 605 1365 550 1411 804 1455 694 1448 627 1528 603 1569 751 1529 865
img12798.jpg 1459 910 1427 747 1528 705 1648 715 1486 817 1574 944 1619 710 1493 616 1483 611 1368 556 1417 811 1456 704 1453 638 1528 611 1571 757 1512 871
img12799.jpg 1446 916 1425 752 1540 712 1661 717 1496 813 1580 945 1623 715 1496 623 1483 617 1369 562 1425 818 1458 711 1455 646 1527 617 1583 760 1513 874
img12800.jpg 1442 921 1423 757 1541 717 1660 725 1490 815 1570 952 1619 723 1497 626 1486 623 1373 567 1424 821 1459 714 1457 650 1528 624 1585 764 1511 877
img12801.jpg 1441 924 1420 761 1530 721 1659 730 1486 815 1562 955 1617 729 1499 631 1486 626 1374 570 1426 824 1460 716 1457 655 1537 629 1586 767 1510 880
img12802.jpg 1436 926 1420 763 1532 725 1658 733 1483 811 1554 956 1616 732 1500 633 1488 630 1377 574 1427 826 1466 715 1458 658 1541 635 1588 770 1514 886
img12803.jpg 1431 929 1419 765 1533 729 1657 741 1479 813 1544 962 1616 738 1501 636 1489 633 1378 577 1422 826 1468 714 1459 660 1549 638 1589 773 1515 888
img12804.jpg 1435 928 1418 766 1522 728 1647 748 1466 813 1527 966 1612 740 1502 638 1491 635 1380 579 1411 826 1468 715 1462 662 1557 641 1592 776 1518 891
img12805.jpg 1425 929 1417 766 1532 734 1648 751 1464 811 1520 967 1612 743 1504 641 1491 636 1381 579 1410 827 1468 719 1463 662 1560 642 1592 780 1519 894
img12806.jpg 1429 929 1416 767 1521 733 1647 754 1461 807 1511 966 1605 748 1504 642 1493 637 1384 581 1409 830 1468 722 1464 663 1559 642 1592 782 1521 898
img12807.jpg 1430 930 1415 769 1520 733 1648 756 1460 802 1505 965 1612 746 1505 643 1494 638 1386 582 1405 827 1469 722 1466 661 1559 641 1592 783 1522 900
img12808.jpg 1421 929 1415 769 1530 737 1649 754 1460 795 1499 960 1599 749 1506 644 1493 637 1386 581 1399 825 1468 724 1466 661 1559 641 1593 784 1521 902
img12809.jpg 1420 929 1415 769 1531 738 1659 753 1468 788 1503 956 1604 749 1506 645 1493 636 1386 579 1387 815 1464 722 1466 659 1561 640 1593 784 1517 901
img12810.jpg 1425 928 1415 768 1522 735 1657 750 1465 781 1496 951 1603 748 1507 643 1493 634 1387 578 1387 815 1466 721 1466 659 1562 638 1594 783 1517 900
img12811.jpg 1426 926 1416 768 1524 734 1659 748 1466 778 1496 950 1613 745 1507 641 1492 632 1387 575 1388 812 1466 718 1467 656 1562 637 1594 780 1516 896
img12812.jpg 1429 924 1417 767 1522 732 1658 744 1464 779 1497 951 1612 746 1507 639 1490 628 1386 571 1391 815 1466 718 1465 654 1562 635 1593 777 1513 891
img12813.jpg 1443 922 1419 767 1513 726 1659 738 1465 779 1504 952 1620 737 1506 634 1489 623 1385 565 1395 814 1467 713 1462 645 1562 632 1590 772 1509 884
img12814.jpg 1448 918 1419 765 1510 722 1659 729 1465 781 1513 953 1624 729 1505 627 1488 616 1385 559 1406 819 1472 710 1461 637 1560 625 1588 768 1510 879
img12815.jpg 1460 913 1420 763 1509 714 1661 723 1468 789 1527 958 1627 721 1504 620 1485 609 1383 551 1408 816 1471 703 1458 627 1560 620 1585 759 1509 870
img12816.jpg 1490 898 1441 751 1528 694 1661 708 1470 788 1540 954 1623 704 1501 610 1484 598 1382 541 1406 809 1471 697 1458 619 1558 610 1583 749 1511 860
img12817.jpg 1501 890 1445 747 1534 682 1662 685 1473 779 1554 942 1625 680 1501 596 1481 584 1381 527 1403 800 1470 688 1456 606 1558 596 1583 738 1519 849
img12818.jpg 1509 884 1448 744 1541 670 1660 668 1475 775 1567 934 1625 666 1501 581 1481 571 1381 513 1404 783 1470 678 1456 592 1559 579 1587 725 1531 837
img12819.jpg 1523 878 1451 743 1548 654 1658 648 1479 769 1583 922 1612 650 1499 565 1479 554 1380 496 1404 768 1469 666 1453 576 1560 562 1589 707 1541 821
img12820.jpg 1533 871 1454 741 1549 644 1639 633 1484 759 1597 909 1596 634 1498 545 1476 535 1378 477 1401 749 1468 652 1454 561 1559 543 1592 688 1553 804
img12821.jpg 1525 874 1437 747 1532 640 1620 624 1490 754 1608 901 1580 630 1500 524 1474 511 1372 454 1402 732 1468 634 1451 539 1560 519 1595 667 1563 785
img12822.jpg 1533 870 1440 744 1532 627 1618 614 1494 754 1615 901 1578 621 1498 502 1474 487 1372 431 1405 712 1469 615 1451 516 1559 496 1597 646 1572 763
img12823.jpg 1538 866 1442 738 1530 613 1601 605 1500 749 1619 896 1562 612 1498 479 1472 462 1372 403 1406 696 1470 594 1451 493 1558 472 1598 622 1579 739
img12824.jpg 1543 863 1446 733 1528 602 1599 593 1506 744 1619 894 1560 600 1496 454 1470 434 1372 372 1409 676 1470 573 1453 469 1556 447 1600 599 1588 715
img12825.jpg 1546 861 1451 727 1535 586 1616 572 1512 739 1619 891 1563 586 1498 431 1472 408 1374 340 1415 654 1472 551 1452 445 1555 422 1602 574 1595 691
img12826.jpg 1546 858 1459 722 1539 572 1626 561 1521 732 1618 890 1566 570 1498 409 1474 382 1382 309 1421 631 1474 530 1452 418 1556 399 1605 551 1602 665
img12827.jpg 1547 855 1466 718 1540 559 1614 552 1531 725 1618 889 1555 562 1502 386 1476 358 1388 279 1426 610 1476 508 1453 396 1558 376 1606 526 1606 643
img12828.jpg 1548 853 1475 714 1542 545 1615 541 1541 722 1618 887 1558 548 1503 364 1480 335 1393 251 1430 590 1477 487 1453 374 1558 353 1609 503 1611 621
img12829.jpg 1549 850 1485 709 1544 535 1605 536 1550 714 1620 888 1560 538 1506 344 1485 315 1401 225 1436 572 1479 466 1454 355 1563 331 1612 480 1615 602
img12830.jpg 1550 851 1493 703 1541 524 1595 530 1561 709 1621 889 1564 527 1510 324 1490 290 1410 199 1439 555 1478 447 1456 333 1570 311 1618 461 1615 584
img12831.jpg 1551 850 1499 697 1539 515 1588 517 1568 706 1623 888 1562 520 1513 306 1496 271 1421 175 1441 540 1481 430 1458 317 1574 292 1620 442 1617 569
img12832.jpg 1551 852 1507 693 1536 508 1587 510 1575 702 1625 887 1560 513 1516 290 1501 254 1431 151 1445 525 1483 416 1460 301 1578 278 1622 428 1619 554
img12833.jpg 1552 852 1516 690 1534 503 1591 503 1582 699 1627 888 1560 506 1522 275 1507 239 1443 128 1449 512 1485 404 1464 287 1585 266 1624 416 1621 542
img12834.jpg 1551 851 1521 684 1533 497 1591 497 1591 697 1627 884 1560 500 1527 264 1512 224 1457 109 1451 503 1487 397 1469 273 1588 255 1624 409 1618 533
img12835.jpg 1552 851 1528 684 1531 493 1588 497 1594 696 1628 884 1558 496 1531 254 1516 215 1471 94 1455 496 1492 391 1477 263 1591 248 1622 403 1619 527
img12836.jpg 1554 852 1535 684 1529 490 1590 496 1602 696 1630 882 1560 493 1535 249 1523 209 1484 81 1459 490 1493 383 1484 255 1599 246 1624 398 1615 520
img12837.jpg 1553 850 1534 682 1528 487 1589 493 1607 694 1629 881 1559 490 1540 245 1528 203 1498 74 1461 487 1495 380 1489 248 1604 242 1626 395 1611 520
img12838.jpg 1554 850 1532 680 1526 489 1588 492 1612 692 1631 880 1557 489 1545 242 1535 199 1505 73 1461 486 1499 378 1496 246 1609 239 1628 393 1606 520
img12839.jpg 1555 850 1529 680 1524 489 1586 489 1617 690 1632 881 1555 489 1549 241 1544 199 1513 70 1462 484 1503 375 1498 246 1617 241 1632 390 1601 520
img12840.jpg 1555 852 1524 677 1524 503 1587 487 1619 693 1635 884 1555 487 1555 233 1555 201 1508 74 1460 487 1508 376 1508 249 1619 233 1635 392 1603 519
