ResultRaw1 ResultRaw2 ResultRaw3 ResultRaw4 ResultRaw5 ResultRaw6 ResultRaw7 ResultRaw8 ResultRaw9 ResultRaw10 ResultRaw11 ResultRaw12 ResultRaw13 ResultRaw14 ResultRaw15 ResultRaw16 ResultRaw17 ResultRaw18 ResultRaw19 ResultRaw20 ResultRaw21 ResultRaw22 ResultRaw23 ResultRaw24 ResultRaw25 ResultRaw26 ResultRaw27 ResultRaw28 ResultRaw29 ResultRaw30 ResultRaw31 ResultRaw32 ResultRaw33
img07771.jpg 1468 913 1452 740 1437 551 1500 567 1452 756 1484 945 1468 551 1500 299 1484 267 1468 125 1405 551 1468 425 1468 315 1547 299 1547 441 1515 567
img07772.jpg 1449 907 1445 736 1440 546 1497 561 1445 757 1481 947 1466 556 1497 299 1491 263 1466 124 1404 551 1471 432 1461 309 1543 299 1548 448 1512 572
img07773.jpg 1436 901 1441 737 1438 549 1496 561 1436 752 1481 946 1465 555 1496 300 1493 261 1465 125 1402 552 1468 434 1462 307 1544 300 1547 449 1511 570
img07774.jpg 1428 894 1440 735 1437 545 1494 558 1425 748 1479 943 1464 555 1494 302 1494 260 1464 125 1401 552 1467 434 1461 302 1546 302 1549 452 1512 573
img07775.jpg 1422 884 1440 734 1434 545 1494 557 1414 741 1479 934 1464 551 1494 301 1494 260 1464 126 1401 551 1463 432 1461 298 1547 304 1550 453 1514 572
img07776.jpg 1420 879 1443 737 1434 544 1493 556 1402 733 1478 924 1463 547 1493 300 1493 259 1463 127 1401 550 1460 429 1460 297 1548 303 1548 453 1516 571
img07777.jpg 1419 872 1445 738 1433 544 1492 553 1390 726 1475 908 1463 547 1492 300 1489 260 1463 127 1401 550 1460 429 1457 295 1551 303 1551 453 1519 573
img07778.jpg 1421 863 1450 738 1435 540 1491 552 1375 714 1473 889 1462 543 1494 299 1488 258 1462 127 1401 549 1461 430 1456 293 1552 302 1552 453 1523 575
img07779.jpg 1419 854 1453 738 1438 539 1493 551 1362 705 1470 868 1462 539 1493 296 1487 256 1462 128 1399 548 1459 432 1453 293 1553 302 1553 451 1522 574
img07780.jpg 1418 845 1456 738 1441 539 1493 550 1348 697 1464 852 1465 539 1493 296 1487 257 1462 129 1399 544 1459 434 1450 297 1553 302 1556 453 1522 576
img07781.jpg 1419 837 1460 738 1445 539 1491 547 1340 687 1462 861 1465 539 1494 298 1485 258 1463 129 1397 545 1460 434 1451 298 1551 304 1557 453 1523 576
img07782.jpg 1415 829 1461 737 1446 538 1486 549 1332 678 1464 873 1464 538 1492 298 1487 257 1461 130 1397 543 1456 431 1452 301 1550 303 1556 454 1525 575
img07783.jpg 1413 824 1460 737 1445 537 1485 546 1326 670 1462 891 1465 537 1488 298 1485 257 1459 135 1398 545 1452 429 1451 301 1547 304 1556 455 1524 575
img07784.jpg 1402 823 1459 739 1444 539 1479 544 1321 664 1465 912 1465 539 1488 299 1482 258 1459 137 1400 543 1452 426 1450 302 1545 302 1554 456 1527 574
img07785.jpg 1390 823 1459 740 1444 540 1476 543 1319 659 1470 933 1461 540 1488 301 1479 256 1458 137 1399 544 1448 423 1450 301 1545 301 1551 453 1530 573
img07786.jpg 1372 826 1456 739 1441 538 1477 544 1317 661 1471 934 1459 538 1486 301 1480 256 1456 136 1399 542 1445 423 1447 301 1546 301 1549 454 1531 574
img07787.jpg 1358 827 1454 737 1439 536 1481 542 1318 662 1472 935 1460 539 1484 302 1478 257 1457 134 1397 540 1445 424 1445 302 1544 302 1550 455 1529 575
img07788.jpg 1337 832 1453 738 1438 537 1480 543 1317 664 1474 937 1459 540 1486 304 1477 259 1456 131 1393 537 1441 423 1444 301 1543 304 1549 453 1528 573
img07789.jpg 1322 838 1448 736 1433 536 1481 545 1318 667 1475 939 1457 542 1484 305 1478 261 1454 132 1391 536 1439 424 1442 302 1541 305 1547 455 1526 575
img07790.jpg 1310 844 1445 737 1430 535 1480 544 1318 667 1474 941 1457 541 1483 305 1477 261 1451 134 1386 535 1439 424 1442 302 1539 308 1545 455 1522 576
img07791.jpg 1299 848 1415 718 1427 535 1480 544 1318 668 1474 939 1456 541 1482 304 1474 264 1451 138 1383 535 1440 424 1442 301 1538 310 1544 456 1518 576
img07792.jpg 1288 856 1414 720 1424 535 1476 544 1314 669 1473 940 1452 541 1481 303 1473 263 1447 142 1380 535 1440 423 1438 300 1539 312 1542 454 1516 576
img07793.jpg 1280 861 1410 721 1419 535 1474 544 1313 670 1471 940 1448 541 1480 303 1471 265 1448 143 1376 535 1442 423 1434 303 1538 311 1538 454 1512 576
img07794.jpg 1272 864 1409 726 1419 536 1473 545 1312 672 1470 939 1447 539 1479 304 1470 267 1447 143 1372 536 1444 422 1433 301 1536 312 1536 453 1507 574
img07795.jpg 1264 869 1407 726 1417 536 1472 548 1311 676 1472 940 1446 539 1475 305 1469 267 1446 141 1369 536 1444 423 1431 302 1533 311 1533 454 1507 574
img07796.jpg 1258 873 1431 746 1414 536 1469 548 1309 677 1472 942 1443 542 1472 306 1469 265 1443 145 1367 536 1443 423 1429 303 1531 309 1531 455 1505 574
img07797.jpg 1259 883 1427 748 1412 538 1465 550 1310 680 1426 934 1442 544 1471 308 1468 266 1442 145 1365 538 1435 426 1427 302 1527 308 1527 458 1501 577
img07798.jpg 1271 896 1426 747 1411 538 1461 553 1310 686 1381 926 1441 547 1468 308 1468 266 1438 146 1363 538 1427 427 1426 302 1524 308 1524 460 1497 580
img07799.jpg 1296 914 1426 747 1410 538 1456 553 1309 692 1336 920 1438 550 1465 307 1465 265 1435 146 1359 538 1421 429 1426 304 1523 307 1523 462 1495 584
img07800.jpg 1330 928 1422 748 1407 540 1453 555 1310 698 1333 919 1432 555 1465 307 1462 265 1435 145 1355 540 1413 431 1422 304 1520 307 1520 463 1490 586
img07801.jpg 1375 940 1422 751 1406 543 1446 558 1311 706 1286 915 1428 558 1462 310 1459 267 1431 139 1350 543 1406 435 1422 307 1514 310 1514 465 1487 587
img07802.jpg 1412 945 1421 751 1405 545 1442 561 1312 713 1287 923 1424 561 1458 311 1455 267 1427 139 1346 545 1405 436 1421 311 1508 311 1508 467 1483 586
img07803.jpg 1439 947 1419 754 1403 549 1438 565 1313 722 1287 932 1419 561 1454 314 1447 267 1422 137 1340 549 1403 438 1419 311 1504 314 1504 470 1483 587
img07804.jpg 1457 943 1416 754 1397 551 1435 567 1315 727 1286 941 1416 563 1451 316 1441 269 1419 138 1337 551 1400 440 1413 313 1498 316 1498 472 1479 586
img07805.jpg 1467 941 1413 756 1394 556 1426 572 1314 734 1241 944 1413 565 1445 317 1435 273 1413 142 1333 553 1397 445 1410 314 1489 317 1492 473 1477 585
img07806.jpg 1467 941 1408 760 1396 560 1418 573 1315 741 1244 951 1408 566 1437 317 1428 275 1408 146 1328 553 1392 446 1402 314 1483 317 1489 472 1470 589
img07807.jpg 1468 939 1404 761 1391 564 1413 576 1310 748 1245 958 1404 567 1430 318 1420 276 1401 147 1323 557 1384 449 1394 314 1475 318 1485 473 1465 593
img07808.jpg 1471 936 1400 762 1387 566 1406 578 1310 749 1248 965 1396 569 1422 317 1413 278 1393 149 1319 559 1377 451 1387 317 1464 317 1477 475 1458 595
img07809.jpg 1467 934 1395 766 1382 568 1398 581 1306 753 1250 970 1392 568 1411 318 1405 278 1385 150 1313 562 1369 454 1378 318 1451 318 1471 476 1451 598
img07810.jpg 1466 930 1390 768 1373 568 1393 578 1304 754 1250 974 1386 568 1399 318 1396 278 1376 149 1307 564 1363 453 1366 318 1439 318 1463 475 1443 601
img07811.jpg 1462 928 1385 767 1358 566 1388 579 1299 754 1252 978 1378 570 1388 318 1385 275 1368 147 1302 566 1355 454 1355 318 1428 318 1452 472 1435 600
img07812.jpg 1460 926 1381 769 1347 564 1378 578 1296 756 1252 981 1371 568 1378 315 1374 274 1361 144 1296 564 1347 451 1340 315 1419 319 1443 472 1426 599
img07813.jpg 1452 923 1373 768 1335 562 1369 576 1290 758 1249 981 1366 565 1362 315 1362 270 1352 139 1290 562 1339 448 1324 311 1407 318 1434 469 1417 596
img07814.jpg 1447 916 1362 766 1324 562 1361 572 1286 759 1249 981 1355 565 1354 310 1351 269 1344 135 1283 558 1326 446 1313 306 1399 313 1423 466 1406 596
img07815.jpg 1436 909 1346 763 1315 561 1352 571 1284 760 1250 983 1342 564 1345 307 1338 263 1335 131 1274 554 1315 442 1301 301 1392 311 1413 466 1393 594
img07816.jpg 1428 895 1322 758 1302 558 1342 569 1281 761 1248 984 1332 562 1335 303 1329 263 1325 127 1265 552 1305 439 1292 296 1385 310 1405 469 1382 595
img07817.jpg 1417 878 1297 755 1294 558 1334 565 1280 761 1247 980 1321 562 1327 303 1321 260 1317 123 1254 548 1297 439 1287 293 1377 306 1393 466 1370 595
img07818.jpg 1405 856 1270 752 1286 558 1326 564 1280 761 1247 978 1309 564 1323 299 1313 259 1309 121 1243 548 1286 439 1283 292 1368 302 1381 463 1359 594
img07819.jpg 1388 840 1241 748 1277 556 1317 566 1277 761 1248 979 1301 563 1314 296 1307 257 1301 118 1234 546 1281 438 1277 289 1360 303 1373 461 1347 593
img07820.jpg 1378 825 1221 744 1271 555 1315 568 1275 759 1248 977 1295 561 1308 294 1301 255 1295 116 1228 545 1271 439 1271 291 1351 301 1364 459 1338 594
img07821.jpg 1360 817 1202 740 1266 555 1311 568 1275 760 1249 975 1289 561 1302 295 1295 253 1286 116 1220 542 1266 438 1266 288 1341 298 1353 454 1328 594
img07822.jpg 1337 815 1183 733 1260 553 1309 569 1273 761 1250 975 1283 563 1296 293 1286 252 1276 115 1215 540 1260 440 1260 290 1331 297 1347 453 1318 592
img07823.jpg 1310 820 1163 724 1251 554 1301 570 1272 763 1259 976 1276 561 1289 294 1279 247 1267 117 1210 535 1257 438 1254 288 1327 298 1342 453 1308 595
img07824.jpg 1290 825 1148 717 1243 553 1297 573 1271 767 1258 977 1271 563 1281 296 1271 249 1259 118 1206 534 1252 436 1249 290 1319 296 1334 452 1300 595
img07825.jpg 1261 833 1127 712 1233 554 1287 574 1271 770 1258 976 1265 567 1271 296 1265 248 1249 116 1200 534 1249 435 1246 290 1313 296 1329 451 1290 592
img07826.jpg 1237 839 1114 710 1225 553 1282 573 1268 771 1258 979 1259 567 1268 296 1259 247 1242 115 1197 534 1242 435 1242 293 1308 296 1324 451 1281 593
img07827.jpg 1212 852 1102 711 1215 554 1275 571 1265 770 1258 980 1252 564 1261 295 1252 249 1238 116 1191 535 1235 432 1235 292 1301 295 1317 451 1275 594
img07828.jpg 1189 868 1097 713 1210 555 1271 572 1261 767 1247 980 1244 565 1254 294 1244 253 1230 116 1183 536 1227 431 1227 294 1292 294 1309 448 1268 593
img07829.jpg 1159 887 1091 716 1203 555 1265 568 1255 767 1248 980 1235 565 1248 294 1238 250 1221 113 1174 539 1217 432 1217 294 1286 294 1303 449 1262 593
img07830.jpg 1128 905 1087 721 1196 556 1258 567 1247 768 1247 980 1224 563 1244 297 1231 253 1213 116 1167 540 1210 430 1210 294 1278 297 1292 451 1258 594
img07831.jpg 1094 927 1084 729 1186 558 1244 568 1241 770 1248 979 1214 565 1234 298 1221 254 1203 117 1158 543 1200 432 1200 295 1268 298 1282 452 1251 592
img07832.jpg 1064 943 1080 738 1178 559 1232 572 1235 771 1245 977 1202 569 1225 300 1212 252 1192 118 1150 545 1192 431 1192 296 1259 300 1273 455 1242 596
img07833.jpg 1040 954 1076 749 1164 561 1218 574 1228 773 1245 978 1191 571 1218 302 1205 255 1181 117 1143 549 1184 433 1184 299 1252 302 1262 460 1235 598
img07834.jpg 1022 962 1075 758 1152 564 1203 577 1223 772 1243 979 1179 574 1209 303 1193 259 1172 122 1135 551 1176 434 1176 300 1239 303 1250 464 1226 601
img07835.jpg 1009 968 1072 765 1138 566 1188 582 1215 772 1241 981 1168 575 1198 303 1182 260 1162 124 1125 557 1165 437 1165 303 1228 303 1238 463 1215 602
img07836.jpg 1002 970 1065 767 1125 570 1175 583 1205 770 1239 980 1152 577 1188 304 1172 261 1152 124 1115 560 1155 438 1155 304 1215 304 1225 464 1205 604
img07837.jpg 1000 973 1057 770 1114 573 1164 583 1190 770 1237 979 1140 577 1177 304 1160 264 1140 124 1106 563 1146 439 1147 304 1204 304 1214 464 1197 600
img07838.jpg 999 975 1049 770 1105 574 1151 580 1175 770 1234 975 1128 577 1165 302 1148 262 1131 123 1096 564 1136 438 1138 302 1188 302 1204 461 1188 597
img07839.jpg 999 977 1039 769 1096 571 1139 578 1156 769 1230 970 1116 575 1153 300 1136 260 1119 119 1084 565 1123 437 1126 300 1176 300 1196 458 1176 595
img07840.jpg 998 980 1028 770 1086 569 1130 576 1133 769 1179 969 1102 573 1140 299 1126 258 1106 116 1069 566 1110 437 1116 296 1164 299 1187 454 1167 590
img07841.jpg 1024 981 1034 771 1078 568 1118 575 1098 770 1131 971 1095 572 1129 296 1115 255 1095 114 1053 567 1096 436 1105 293 1156 296 1176 450 1155 588
img07842.jpg 1033 978 1034 767 1068 567 1105 574 1075 770 1122 966 1085 571 1119 297 1105 253 1082 111 1035 565 1084 437 1092 294 1143 294 1163 449 1139 587
img07843.jpg 1042 976 1033 766 1057 566 1098 573 1051 772 1111 958 1078 569 1108 295 1095 248 1071 109 1018 562 1071 437 1078 292 1135 292 1152 447 1122 586
img07844.jpg 1042 973 1028 763 1048 563 1091 569 1029 772 1096 950 1068 566 1097 294 1085 244 1061 106 1000 557 1061 437 1068 290 1127 290 1140 447 1108 585
img07845.jpg 1052 971 1028 761 1037 561 1083 567 1011 774 1123 942 1064 564 1090 292 1073 242 1053 104 985 551 1050 435 1057 292 1119 288 1133 446 1089 583
img07846.jpg 1035 969 1015 758 1027 556 1074 566 1004 772 1123 943 1058 559 1081 290 1064 243 1044 103 971 542 1041 435 1048 293 1107 286 1128 446 1074 579
img07847.jpg 1027 971 1006 760 1019 552 1069 562 992 770 1105 947 1053 552 1069 287 1056 240 1039 102 958 535 1029 434 1039 290 1103 287 1124 444 1059 572
img07848.jpg 1014 970 997 759 1014 548 1065 558 980 766 1074 959 1045 548 1061 286 1051 238 1031 98 945 524 1017 431 1031 289 1096 286 1120 442 1044 564
img07849.jpg 1013 966 993 755 1006 544 1061 557 972 763 1048 968 1044 544 1054 287 1044 239 1021 98 935 513 1006 430 1024 290 1092 287 1119 441 1031 551
img07850.jpg 1001 963 988 752 1008 541 1056 555 967 759 1025 978 1038 541 1046 285 1039 237 1012 97 927 500 1001 428 1019 288 1083 285 1114 442 1019 538
img07851.jpg 991 964 982 752 1005 543 1053 552 965 762 1026 977 1035 539 1039 286 1036 235 1006 97 915 489 995 424 1015 286 1079 286 1110 441 1002 526
img07852.jpg 995 962 982 750 1002 544 1046 554 965 760 1005 984 1029 544 1036 286 1033 235 999 96 904 475 988 425 1012 286 1073 286 1107 438 992 513
img07853.jpg 1003 959 983 748 996 545 1037 555 966 761 1003 985 1026 545 1030 287 1027 236 996 97 894 466 986 422 1010 287 1067 287 1101 436 982 500
img07854.jpg 1006 960 983 750 993 550 1029 557 969 763 1001 990 1018 551 1029 285 1025 236 994 96 885 456 983 421 1011 285 1060 285 1095 435 970 493
img07855.jpg 1013 961 984 751 987 552 1022 559 970 764 997 994 1011 552 1029 284 1022 238 991 95 872 447 980 416 1008 284 1060 284 1088 434 952 481
img07856.jpg 1014 960 982 750 982 550 1017 561 971 764 995 996 1003 554 1027 284 1017 238 989 94 866 442 978 414 1006 284 1059 284 1080 431 937 466
img07857.jpg 1011 960 979 750 979 547 1014 561 972 764 996 996 1000 554 1024 284 1014 239 989 95 856 435 972 407 1000 284 1056 281 1070 432 916 456
img07858.jpg 1014 961 979 752 975 544 1010 561 975 766 996 996 992 554 1024 283 1013 241 986 95 850 432 961 405 999 283 1055 279 1062 432 903 446
img07859.jpg 1019 965 979 756 972 545 1007 562 976 770 997 995 990 552 1021 284 1011 239 986 94 841 430 951 399 993 284 1056 281 1049 430 892 434
img07860.jpg 1020 964 978 756 967 541 1006 558 978 770 995 992 985 551 1016 287 1009 238 988 92 835 429 940 398 988 287 1054 283 1040 429 882 431
img07861.jpg 1018 965 976 756 966 539 1004 556 979 770 997 994 983 553 1014 286 1007 238 990 90 831 424 931 394 983 286 1052 286 1031 428 879 431
img07862.jpg 1021 965 976 757 962 537 1000 554 979 771 997 995 979 547 1014 285 1007 237 986 89 828 426 924 392 983 285 1052 292 1024 426 876 430
img07863.jpg 1014 964 972 756 961 538 1000 555 979 770 996 995 979 548 1013 289 1007 237 986 88 823 427 920 389 979 285 1051 296 1013 424 871 431
img07864.jpg 1010 964 969 755 959 534 1000 551 979 769 996 998 979 544 1010 288 1007 237 986 87 822 428 918 387 976 285 1051 295 1010 425 863 435
img07865.jpg 1009 966 968 757 958 536 995 553 981 767 999 999 978 546 1009 287 1006 236 985 92 821 430 917 386 975 283 1046 297 1005 423 866 437
img07866.jpg 1015 964 970 756 957 536 994 553 984 766 997 996 977 543 1008 286 1004 236 980 94 818 432 913 388 971 283 1045 293 1001 425 862 438
img07867.jpg 1018 961 970 754 953 538 994 555 984 767 997 996 977 545 1008 286 1001 235 980 94 819 430 913 386 971 282 1044 292 997 423 863 444
img07868.jpg 1024 962 972 755 952 540 993 557 986 769 1000 997 976 544 1006 285 996 234 979 93 818 429 912 389 969 285 1043 291 1000 426 858 446
img07869.jpg 1023 964 971 757 951 542 992 559 985 767 999 996 971 546 1006 286 996 235 978 95 818 429 910 392 968 286 1040 293 999 426 855 447
img07870.jpg 1022 964 971 758 951 541 992 558 982 768 999 995 971 545 1006 287 996 235 978 91 817 428 909 393 968 287 1040 294 999 428 851 449
img07871.jpg 1016 969 968 761 951 544 993 558 979 768 1000 996 972 548 1004 289 997 237 979 90 818 429 909 394 968 289 1042 296 1000 429 850 450
img07872.jpg 1011 969 966 761 953 544 991 558 977 768 1002 995 970 547 1002 292 998 239 981 89 816 432 910 397 966 292 1040 295 1002 432 851 449
img07873.jpg 1009 968 965 760 951 543 989 553 975 764 1000 995 968 546 1000 290 1000 241 979 90 817 430 912 395 965 290 1038 297 1000 430 852 451
img07874.jpg 1013 966 966 759 949 543 984 553 973 766 1001 996 969 550 1001 288 1001 240 977 93 816 428 910 393 966 288 1039 299 1001 428 854 452
img07875.jpg 1013 966 966 759 949 546 983 552 973 766 1000 996 969 549 1000 288 1000 243 973 95 818 425 907 394 966 288 1038 298 1000 429 859 453
img07876.jpg 1016 965 965 758 945 542 982 552 972 765 999 997 965 545 1003 289 999 241 972 97 818 422 907 395 965 289 1037 299 999 429 859 453
img07877.jpg 1020 965 967 759 943 544 980 551 973 766 1001 997 963 547 1004 288 997 240 970 100 820 418 909 394 967 288 1038 299 1001 428 857 456
img07878.jpg 1020 965 966 758 942 544 980 554 973 769 1000 996 963 547 1003 289 997 238 973 102 820 418 912 398 966 289 1038 296 1000 428 857 456
img07879.jpg 1015 964 965 757 944 546 982 556 975 768 999 996 961 546 1002 290 995 238 975 98 825 416 917 399 968 290 1036 293 999 429 859 454
img07880.jpg 1015 963 964 756 943 546 981 559 977 770 998 997 960 546 1001 291 995 236 977 98 829 418 922 401 971 291 1036 291 998 428 857 453
img07881.jpg 1016 962 965 755 944 549 978 559 978 772 999 996 961 549 999 288 996 236 978 98 838 420 930 401 975 288 1034 288 999 428 858 449
img07882.jpg 1012 965 965 757 948 547 982 561 978 771 996 997 965 547 999 286 996 235 978 98 838 426 934 403 975 286 1033 286 999 431 862 441
img07883.jpg 1017 966 967 758 946 550 984 560 977 772 997 998 967 550 1001 286 997 235 980 101 840 425 939 402 977 286 1035 286 1001 433 864 433
img07884.jpg 1014 969 967 761 950 552 984 559 977 771 997 998 967 552 1001 289 997 237 980 101 837 431 946 405 977 285 1035 289 1001 436 864 429
img07885.jpg 1014 970 967 762 950 554 987 558 977 772 998 996 967 554 1004 289 998 238 980 102 830 434 950 405 974 285 1035 289 1004 439 865 425
img07886.jpg 1010 971 966 763 953 554 990 561 977 769 997 996 966 554 1004 290 997 239 980 102 827 442 953 410 970 287 1038 290 1007 437 867 420
img07887.jpg 1009 970 965 762 952 557 989 560 979 772 999 994 965 557 1003 290 999 239 982 102 833 435 955 410 972 286 1037 290 1009 437 866 417
img07888.jpg 1004 972 964 762 954 557 988 564 981 772 998 994 964 557 1002 290 998 239 981 99 832 432 954 410 974 287 1036 290 1012 437 865 414
img07889.jpg 1010 969 966 760 953 557 990 564 980 773 997 994 966 557 1004 288 997 237 980 99 836 424 953 412 973 288 1035 288 1014 436 870 412
img07890.jpg 1006 969 966 759 956 558 986 565 979 773 997 995 966 558 1004 288 997 236 979 97 845 414 956 413 976 288 1038 288 1014 433 873 409
img07891.jpg 1006 966 966 756 956 556 986 563 979 773 996 998 966 556 1007 286 996 238 979 96 844 400 956 411 983 286 1034 286 1014 435 873 407
img07892.jpg 1001 964 964 754 957 553 988 563 978 771 995 1000 968 553 1009 285 995 237 978 94 842 396 957 414 985 285 1033 285 1013 435 878 407
img07893.jpg 1004 963 967 752 960 551 987 561 977 770 995 999 967 551 1012 286 995 237 977 95 844 394 960 415 988 283 1036 286 1012 432 880 405
img07894.jpg 998 963 966 752 962 550 986 560 979 769 997 1000 966 550 1014 285 997 237 979 99 844 395 962 416 993 281 1038 285 1014 432 880 402
img07895.jpg 1003 963 967 753 960 549 987 559 981 770 998 999 967 549 1012 285 998 236 981 98 845 396 963 417 991 282 1036 285 1016 434 880 399
img07896.jpg 1004 966 968 756 961 551 985 561 982 770 999 995 968 551 1013 286 999 234 982 98 849 394 964 415 985 283 1041 286 1017 432 884 401
img07897.jpg 1010 970 970 760 960 554 984 561 981 770 1002 993 967 554 1012 289 1002 237 984 97 852 394 960 411 984 282 1044 289 1019 428 883 401
img07898.jpg 1005 974 969 763 962 558 987 562 980 770 1001 992 969 558 1011 290 1004 238 987 99 854 392 962 412 986 283 1042 290 1021 429 886 402
img07899.jpg 1009 974 970 763 959 558 988 565 981 770 998 993 970 558 1008 293 1005 240 988 94 855 387 963 408 984 282 1043 293 1022 429 886 401
img07900.jpg 1009 977 971 767 960 556 988 566 978 770 995 994 971 559 1009 294 1005 242 988 97 854 383 964 408 991 280 1044 294 1023 428 888 401
img07901.jpg 1009 978 971 767 960 553 992 564 978 771 995 995 974 557 1009 295 1005 243 988 95 854 381 964 405 995 277 1043 295 1023 429 888 399
img07902.jpg 1006 975 971 764 964 552 992 566 978 771 992 993 974 556 1009 295 1006 243 989 97 857 382 967 406 995 277 1044 291 1023 430 888 396
img07903.jpg 1005 975 970 764 964 551 992 564 981 771 995 994 974 554 1012 292 1006 243 988 93 855 379 967 404 991 278 1044 292 1023 432 887 393
img07904.jpg 1003 977 971 765 968 551 992 565 981 769 996 993 974 554 1013 291 1006 242 988 94 859 379 967 403 988 280 1045 291 1024 431 887 393
img07905.jpg 999 977 971 765 971 553 992 567 985 768 996 993 975 553 1017 289 1007 240 989 92 858 377 968 402 985 282 1045 289 1024 430 886 391
img07906.jpg 1005 979 973 767 970 557 991 567 987 770 994 994 973 557 1015 287 1009 238 991 98 858 375 970 402 991 283 1043 287 1026 430 886 388
img07907.jpg 1004 980 973 768 969 555 993 566 990 768 997 995 973 555 1014 283 1008 238 990 99 858 371 975 402 986 283 1046 287 1025 430 885 388
img07908.jpg 1004 978 973 766 970 555 994 566 987 769 994 994 973 555 1012 285 1008 236 991 99 857 369 975 403 983 285 1047 285 1026 429 885 387
img07909.jpg 1009 975 975 764 968 554 996 565 985 771 996 995 975 554 1013 285 1010 236 992 99 856 365 976 403 989 281 1048 285 1024 428 887 386
img07910.jpg 1010 974 975 762 969 552 997 563 982 773 997 994 975 552 1011 285 1011 236 993 99 862 360 979 400 993 278 1049 285 1021 429 888 384
img07911.jpg 1006 971 975 759 972 551 996 565 982 770 996 992 975 551 1011 286 1011 236 993 95 861 362 976 402 986 279 1049 286 1021 427 887 381
img07912.jpg 1004 974 973 761 970 554 994 565 980 772 994 993 977 554 1012 287 1012 235 994 94 862 363 974 402 991 280 1047 287 1019 428 889 379
img07913.jpg 1003 975 972 763 969 552 997 567 983 770 997 994 976 552 1015 286 1011 237 993 94 866 368 974 402 993 279 1049 286 1018 426 892 378
img07914.jpg 998 979 970 766 970 555 998 566 984 769 998 994 974 555 1016 289 1009 239 991 92 868 374 972 403 991 281 1051 289 1019 429 893 373
img07915.jpg 996 977 969 764 969 557 997 564 986 768 1000 996 972 557 1018 286 1008 241 990 93 866 387 969 405 982 286 1053 286 1022 430 895 371
img07916.jpg 994 977 967 764 967 559 998 563 984 771 1002 996 974 559 1020 288 1009 242 991 90 867 381 965 400 984 287 1055 288 1020 432 896 369
img07917.jpg 996 976 969 763 969 555 997 562 986 770 1001 996 972 555 1022 287 1008 241 993 89 867 377 962 393 983 287 1057 287 1022 431 898 368
img07918.jpg 994 977 967 764 967 556 995 563 985 774 999 996 974 560 1020 288 1010 239 995 90 868 372 960 387 985 288 1055 288 1020 432 900 365
img07919.jpg 993 975 966 762 966 553 994 564 983 776 998 995 976 561 1019 285 1012 235 997 90 869 365 957 381 983 288 1054 285 1019 429 902 366
img07920.jpg 996 974 965 761 962 551 997 565 983 775 997 992 979 558 1018 288 1014 232 1000 91 871 352 953 380 986 288 1053 284 1018 428 902 365
img07921.jpg 994 971 963 758 960 545 995 563 984 772 998 993 977 556 1019 286 1012 231 1002 94 876 348 955 382 988 286 1051 283 1019 426 904 363
img07922.jpg 996 969 962 757 955 544 997 561 983 771 1001 992 980 558 1018 288 1015 232 1001 95 878 350 954 387 987 288 1046 285 1018 428 903 362
img07923.jpg 1001 966 964 754 954 541 999 558 985 768 1003 992 981 552 1020 290 1013 231 1003 94 880 348 951 392 981 290 1048 286 1020 426 901 360
img07924.jpg 999 962 962 750 952 540 1001 557 987 764 1004 995 980 547 1022 291 1011 231 1004 94 885 345 950 396 983 291 1046 287 1022 427 899 358
img07925.jpg 999 960 963 748 952 537 1002 555 988 762 1005 995 980 544 1023 291 1009 231 1005 90 885 348 948 399 980 291 1047 288 1023 428 900 355
img07926.jpg 1006 963 966 752 952 540 1004 557 987 765 1004 998 983 547 1021 293 1011 231 1008 95 887 350 946 402 980 293 1049 286 1021 429 900 352
img07927.jpg 1005 963 966 751 952 543 1004 557 987 765 1004 998 983 547 1021 294 1011 231 1011 92 887 349 944 405 976 294 1052 287 1021 429 900 349
img07928.jpg 1000 962 964 750 954 544 1005 558 988 767 1002 999 981 548 1022 291 1012 233 1012 93 889 349 944 405 978 291 1053 285 1022 432 902 353
img07929.jpg 1006 966 966 754 953 546 1004 560 987 767 1000 999 980 550 1021 291 1014 234 1014 94 885 354 940 408 973 291 1055 285 1021 431 902 349
img07930.jpg 1005 970 966 758 952 551 1003 562 986 768 1000 1002 979 555 1020 291 1016 233 1016 98 882 348 938 409 976 291 1057 288 1020 429 908 358
img07931.jpg 1007 969 968 757 954 551 1002 561 988 767 998 997 978 554 1019 290 1015 235 1019 94 877 344 934 410 974 290 1057 290 1022 427 913 362
img07932.jpg 1001 965 965 753 955 550 1002 560 989 770 999 999 975 553 1020 286 1016 231 1020 94 874 338 931 412 975 289 1057 289 1027 426 917 368
img07933.jpg 1001 967 964 755 954 552 999 560 989 769 999 999 975 556 1017 287 1020 231 1024 95 869 328 922 411 975 291 1055 291 1031 427 919 371
img07934.jpg 996 967 963 754 956 552 998 559 991 772 998 1001 977 559 1015 284 1019 229 1026 93 868 311 914 404 977 292 1053 292 1040 427 925 382
img07935.jpg 991 966 962 753 958 552 997 559 990 774 997 1003 976 559 1017 281 1021 232 1028 94 867 298 907 391 979 288 1049 292 1049 427 927 385
img07936.jpg 985 968 960 754 960 553 997 560 987 772 997 1007 977 556 1018 279 1022 231 1028 95 867 282 902 374 980 287 1049 290 1059 430 932 399
img07937.jpg 987 973 961 759 961 553 996 563 986 773 996 1005 979 557 1016 279 1023 234 1030 94 869 260 893 351 986 283 1047 286 1068 430 941 416
img07938.jpg 994 973 965 759 961 552 999 563 986 773 999 1007 979 556 1019 278 1023 234 1033 95 870 240 890 332 986 281 1050 284 1077 430 951 440
img07939.jpg 1003 971 968 759 958 549 1002 560 982 772 999 1005 979 549 1022 279 1026 235 1036 97 871 222 887 313 982 279 1053 283 1084 431 962 468
img07940.jpg 1009 970 970 758 957 548 1004 561 984 769 1001 1003 981 544 1018 279 1025 231 1038 95 875 207 885 299 977 279 1055 282 1086 432 974 497
img07941.jpg 1014 968 972 757 955 551 1007 562 986 771 1000 1000 979 548 1017 277 1027 232 1040 95 880 192 883 284 972 277 1058 281 1085 435 989 524
img07942.jpg 1012 966 970 754 953 551 1008 557 987 768 1001 1000 980 547 1018 278 1025 229 1046 98 884 177 883 274 966 278 1060 281 1084 437 1005 548
img07943.jpg 1006 967 968 755 954 550 1006 560 985 769 999 998 982 546 1017 275 1023 230 1048 98 888 167 881 261 964 275 1058 282 1079 438 1021 564
img07944.jpg 996 968 964 755 957 553 1003 564 989 769 1000 995 982 550 1014 271 1021 229 1049 98 894 162 879 253 964 271 1056 282 1074 441 1035 571
img07945.jpg 995 969 964 756 957 554 1005 561 988 773 999 992 981 554 1016 270 1020 228 1051 96 898 152 880 245 960 270 1058 280 1072 443 1044 579
img07946.jpg 987 967 959 753 956 551 1005 561 987 774 1001 991 984 551 1019 268 1019 222 1050 97 900 146 879 243 963 268 1057 282 1071 442 1050 582
img07947.jpg 995 968 964 755 957 551 1005 564 985 776 999 994 981 551 1019 268 1019 223 1050 98 903 142 879 241 961 264 1056 282 1073 442 1053 581
img07948.jpg 1000 970 966 757 956 550 1006 563 983 777 997 992 980 550 1020 269 1020 222 1050 98 906 139 879 242 960 265 1057 279 1077 440 1053 580
img07949.jpg 1000 970 966 757 956 548 1009 561 983 778 996 994 983 548 1019 272 1023 221 1049 98 906 135 879 241 963 265 1059 278 1079 438 1053 581
img07950.jpg 996 969 966 755 959 548 1007 562 984 776 997 997 984 548 1021 274 1024 226 1051 101 905 138 878 243 970 263 1058 277 1081 437 1054 579
img07951.jpg 997 971 967 757 961 550 1008 560 985 774 995 998 981 550 1022 275 1025 228 1052 99 906 140 876 245 971 265 1059 279 1083 435 1052 577
img07952.jpg 991 968 964 754 961 550 1009 557 989 771 995 1000 985 550 1023 274 1026 229 1050 98 905 143 874 246 975 267 1061 281 1081 436 1050 575
img07953.jpg 985 964 961 749 961 552 1010 555 993 767 996 1003 989 552 1024 273 1028 231 1049 97 905 146 873 252 979 266 1063 284 1081 439 1049 577
img07954.jpg 979 964 960 749 963 555 1009 555 992 767 999 1004 988 555 1027 272 1027 234 1048 96 903 149 875 258 981 269 1062 283 1080 438 1048 576
img07955.jpg 976 964 957 749 960 554 1010 554 992 766 999 1004 989 554 1027 274 1027 231 1049 97 904 153 875 267 982 274 1063 284 1081 440 1045 575
img07956.jpg 977 966 958 750 961 550 1007 554 990 768 1000 1004 990 554 1028 276 1028 234 1049 97 905 156 877 272 986 272 1063 283 1078 445 1042 575
img07957.jpg 979 971 959 756 963 549 1005 556 988 770 1002 1001 988 553 1029 276 1029 231 1050 97 907 160 879 279 991 273 1064 283 1075 444 1040 578
img07958.jpg 981 976 962 760 965 548 1004 558 987 771 1001 998 987 551 1032 279 1032 231 1053 98 906 164 882 283 997 272 1063 283 1074 443 1039 576
img07959.jpg 989 978 966 763 966 545 1004 559 987 770 997 996 987 549 1032 278 1032 230 1056 98 907 167 883 285 997 272 1063 285 1073 445 1039 576
img07960.jpg 991 980 968 764 968 545 1003 562 986 771 996 994 986 549 1034 278 1034 230 1057 100 910 168 883 288 999 271 1064 285 1074 442 1037 579
img07961.jpg 992 981 969 765 969 547 1003 564 986 769 996 994 986 547 1034 278 1034 230 1058 104 911 172 884 291 1000 274 1064 284 1075 438 1037 581
img07962.jpg 991 978 968 763 968 547 1003 561 986 770 996 996 986 547 1034 277 1034 233 1057 103 910 171 883 291 999 274 1064 284 1078 438 1037 581
img07963.jpg 989 976 966 760 966 548 1001 562 983 770 997 1000 987 548 1032 274 1032 230 1059 103 908 171 881 292 997 274 1066 285 1079 439 1038 582
img07964.jpg 986 973 963 757 963 550 1001 560 984 771 1001 1003 987 550 1032 276 1032 228 1060 103 908 173 880 290 998 276 1070 284 1080 439 1039 584
img07965.jpg 986 974 963 758 963 552 1002 558 984 772 1002 1003 988 552 1032 275 1032 227 1056 103 905 169 880 286 998 275 1070 286 1080 441 1039 583
img07966.jpg 985 971 963 755 963 550 1001 557 983 773 1001 1003 987 553 1032 274 1032 226 1057 100 900 167 879 282 994 274 1071 289 1084 445 1043 582
img07967.jpg 981 969 962 753 966 551 1004 558 983 771 1001 1001 990 555 1032 276 1032 224 1060 102 896 165 878 280 994 276 1074 287 1084 444 1046 580
img07968.jpg 980 968 962 752 965 552 1008 556 983 770 1001 1001 990 556 1032 279 1032 227 1057 101 896 164 878 276 994 276 1074 286 1084 444 1046 581
img07969.jpg 982 967 963 751 967 552 1005 559 981 769 999 1000 992 555 1033 279 1033 230 1054 101 893 160 876 272 991 275 1072 286 1086 444 1048 580
img07970.jpg 982 966 964 750 967 550 1006 560 981 768 999 1000 992 557 1030 279 1034 230 1055 100 890 156 876 268 988 276 1073 286 1087 444 1051 582
img07971.jpg 984 967 965 751 969 552 1007 562 983 768 1000 998 994 555 1028 280 1032 231 1056 102 889 151 875 266 990 273 1074 284 1084 444 1049 583
img07972.jpg 989 965 967 749 967 551 1005 562 985 769 1002 998 992 555 1029 278 1033 230 1054 102 888 147 877 261 988 272 1071 285 1085 444 1050 586
img07973.jpg 989 965 967 749 967 552 1002 566 985 770 1002 995 988 555 1030 275 1033 227 1054 102 888 143 877 258 985 272 1071 286 1085 445 1050 583
img07974.jpg 990 965 968 749 968 553 1003 566 986 774 1003 998 986 556 1027 273 1034 225 1054 100 889 142 879 256 986 270 1072 287 1082 446 1047 584
img07975.jpg 987 964 966 748 966 552 1005 563 987 772 1001 999 987 552 1029 273 1032 228 1057 98 893 144 879 256 983 270 1074 287 1081 444 1046 584
img07976.jpg 986 967 965 751 965 551 1004 561 986 775 1000 999 989 554 1031 274 1035 229 1056 95 892 145 881 257 982 271 1074 288 1084 442 1049 582
img07977.jpg 992 968 966 752 963 551 1005 561 988 773 998 1003 991 554 1030 275 1033 233 1055 95 892 148 878 258 984 272 1076 289 1083 441 1048 583
img07978.jpg 991 967 966 752 962 550 1008 557 991 772 998 1002 994 554 1030 278 1033 235 1054 97 892 151 878 260 983 274 1079 288 1083 440 1047 585
img07979.jpg 990 968 965 752 961 551 1011 554 989 769 996 1003 996 554 1032 279 1032 236 1053 98 890 152 876 265 982 275 1081 289 1085 441 1049 586
img07980.jpg 991 968 966 752 962 550 1011 557 990 769 997 1003 997 557 1032 277 1032 235 1049 99 889 155 875 267 986 274 1081 287 1084 441 1049 585
img07981.jpg 990 965 965 749 962 548 1013 555 989 766 996 1001 993 555 1030 275 1030 232 1050 98 893 156 873 268 986 275 1082 286 1082 442 1047 586
img07982.jpg 984 969 963 752 963 546 1014 556 987 769 997 999 994 553 1030 276 1030 229 1054 100 895 158 875 272 983 276 1081 283 1081 445 1047 583
img07983.jpg 985 972 964 755 964 545 1011 558 984 772 998 999 991 552 1031 275 1031 229 1054 102 897 158 874 275 984 275 1078 282 1081 445 1048 582
img07984.jpg 986 977 965 760 965 545 1012 558 985 773 998 995 988 551 1028 276 1031 227 1054 104 902 160 876 276 985 272 1075 279 1081 442 1048 581
img07985.jpg 993 980 969 763 965 544 1009 558 982 776 999 992 989 548 1028 276 1032 226 1055 104 906 160 876 279 985 272 1071 279 1082 442 1048 581
img07986.jpg 995 983 971 766 967 545 1008 559 984 776 998 994 991 549 1028 277 1032 226 1052 104 906 162 876 280 984 274 1073 280 1083 440 1049 580
img07987.jpg 997 983 973 767 969 546 1006 559 986 777 1000 997 989 549 1026 278 1030 227 1050 104 908 162 874 281 986 271 1071 281 1084 437 1047 580
img07988.jpg 1000 982 973 766 966 547 1006 560 986 776 1000 998 990 550 1023 278 1030 224 1050 103 909 163 875 281 986 271 1070 281 1084 439 1047 581
img07989.jpg 999 977 972 761 965 547 1006 560 989 775 999 999 992 550 1026 278 1029 224 1050 101 907 163 873 278 985 275 1074 282 1084 441 1047 581
img07990.jpg 991 975 968 759 965 550 1009 560 992 772 999 1002 992 553 1026 279 1029 224 1050 100 906 162 872 275 981 275 1074 282 1085 443 1047 580
img07991.jpg 988 972 964 755 961 553 1009 560 992 773 999 1006 992 553 1026 278 1030 227 1050 99 906 161 872 271 981 275 1075 282 1085 443 1047 580
img07992.jpg 986 972 962 756 959 553 1011 559 994 773 997 1007 994 553 1028 277 1031 226 1052 95 907 160 873 267 980 274 1076 281 1083 446 1049 580
img07993.jpg 988 970 965 753 961 552 1013 559 993 770 996 1007 993 552 1031 275 1031 226 1055 94 909 157 874 264 979 271 1079 282 1083 445 1048 580
img07994.jpg 988 970 965 754 962 553 1014 560 993 771 996 1006 993 553 1031 272 1031 224 1055 92 909 155 875 262 979 269 1079 283 1083 446 1048 581
img07995.jpg 991 974 967 757 964 551 1012 561 991 771 998 1005 991 551 1029 276 1029 225 1056 94 909 152 874 259 977 269 1081 283 1084 445 1046 582
img07996.jpg 998 976 971 760 965 549 1009 562 988 773 999 1002 988 549 1029 276 1029 225 1057 98 906 150 876 255 975 269 1077 283 1084 446 1046 583
img07997.jpg 1004 977 975 762 964 549 1009 563 988 772 999 998 988 549 1030 275 1030 223 1054 100 906 144 875 254 971 271 1078 285 1084 446 1047 583
img07998.jpg 996 980 970 764 964 551 1008 561 991 774 1001 1001 991 551 1029 279 1029 227 1053 100 905 145 874 252 970 272 1077 286 1084 447 1050 582
img07999.jpg 997 984 971 767 964 548 1006 562 988 777 1002 999 988 548 1029 278 1029 227 1054 100 903 145 876 251 968 271 1074 285 1084 446 1050 579
img08000.jpg 995 983 970 766 963 547 1004 561 987 780 1001 999 987 547 1031 277 1031 226 1052 100 901 144 878 250 966 271 1072 284 1083 448 1052 578
img08001.jpg 989 983 967 766 963 550 1005 560 987 780 1001 999 987 550 1032 276 1032 224 1053 97 901 145 878 252 967 269 1073 286 1083 447 1053 578
img08002.jpg 984 983 965 765 965 553 1002 559 985 779 1002 998 985 549 1033 275 1033 224 1054 97 899 148 879 251 968 268 1071 286 1085 447 1054 577
img08003.jpg 986 985 967 767 967 553 1005 560 984 778 1001 995 984 550 1035 275 1035 223 1053 96 898 147 881 254 967 271 1070 285 1087 447 1053 578
img08004.jpg 985 985 967 767 967 553 1005 560 984 774 1001 995 984 550 1036 274 1036 226 1053 95 898 147 881 257 970 271 1070 285 1087 447 1053 577
img08005.jpg 985 982 966 764 966 554 1007 561 987 771 1000 998 987 551 1035 273 1035 224 1055 94 900 152 880 262 973 273 1073 286 1086 441 1052 578
img08006.jpg 989 980 967 763 963 553 1011 563 987 770 1001 997 987 549 1031 275 1035 225 1058 93 902 156 879 265 974 275 1072 285 1085 441 1052 580
img08007.jpg 989 980 967 763 964 550 1011 563 987 770 1001 1001 987 550 1031 276 1035 225 1058 93 906 161 876 269 977 276 1072 286 1085 442 1052 580
img08008.jpg 988 982 966 765 963 548 1010 562 987 771 1000 1001 987 548 1027 275 1034 225 1057 97 909 164 872 272 980 275 1071 285 1085 441 1051 582
img08009.jpg 984 981 965 764 966 551 1013 561 989 774 999 1000 989 551 1026 277 1033 223 1056 99 911 169 871 274 979 277 1070 284 1084 439 1050 581
img08010.jpg 985 985 967 768 967 551 1010 561 987 774 1000 998 987 551 1028 276 1034 226 1054 101 913 168 868 273 980 276 1068 283 1085 442 1051 581
img08011.jpg 980 987 965 769 969 552 1006 562 986 773 1000 997 989 552 1031 276 1034 231 1055 104 913 166 868 276 982 276 1069 286 1086 441 1051 579
img08012.jpg 986 987 968 769 968 554 1006 565 985 776 999 995 992 554 1030 277 1034 235 1058 103 912 166 870 277 981 277 1068 287 1085 439 1051 578
img08013.jpg 982 986 967 768 971 552 1002 566 985 778 998 994 995 555 1033 277 1033 239 1058 103 911 166 873 277 988 274 1068 288 1085 437 1051 577
img08014.jpg 984 983 966 765 967 552 1001 566 984 776 1001 996 995 556 1033 276 1033 241 1061 105 911 165 872 276 991 273 1068 290 1085 437 1050 580
img08015.jpg 982 979 964 762 965 552 1003 566 986 776 1003 1000 996 559 1031 280 1031 241 1063 105 909 168 873 280 989 273 1069 290 1083 437 1048 580
img08016.jpg 983 980 966 762 966 552 1004 566 987 776 1004 1001 994 559 1029 279 1032 240 1060 103 906 170 874 282 987 272 1067 289 1081 440 1046 584
img08017.jpg 970 979 959 761 967 551 1005 565 988 775 1005 1003 991 557 1026 280 1033 238 1058 105 904 172 875 284 988 270 1065 288 1079 442 1044 586
img08018.jpg 974 977 960 758 964 552 1006 566 989 772 1006 1007 989 556 1024 280 1034 238 1059 105 901 171 873 280 978 273 1062 290 1079 444 1044 587
img08019.jpg 975 979 961 761 965 555 1003 569 986 775 1003 1005 986 558 1021 283 1035 237 1056 101 899 174 874 283 976 272 1063 290 1080 447 1042 586
img08020.jpg 970 979 961 761 968 557 1003 568 985 775 1003 1000 985 557 1021 280 1035 238 1052 104 894 171 877 280 975 273 1059 291 1080 445 1042 585
img08021.jpg 970 978 960 760 968 559 1002 566 985 777 1002 999 985 559 1020 281 1030 239 1051 108 891 170 874 278 975 274 1058 288 1082 444 1041 583
img08022.jpg 976 980 963 761 966 560 1001 564 984 778 1001 997 984 560 1018 280 1029 241 1049 106 887 169 874 275 973 276 1056 290 1084 442 1039 581
img08023.jpg 970 983 961 764 968 563 999 563 985 778 999 993 985 563 1016 282 1027 243 1048 107 881 170 878 277 978 274 1058 288 1082 441 1034 580
img08024.jpg 972 983 963 764 970 559 998 563 988 774 998 993 988 559 1015 282 1026 243 1047 111 876 167 880 273 981 275 1053 289 1081 437 1029 577
img08025.jpg 983 985 966 766 966 558 998 562 987 773 998 995 987 558 1011 285 1025 243 1046 108 876 167 877 272 980 274 1053 288 1084 437 1022 569
img08026.jpg 983 983 967 765 967 555 998 562 988 771 998 995 988 555 1012 287 1026 245 1047 105 872 171 876 274 987 272 1054 290 1085 436 1012 559
img08027.jpg 990 983 970 765 966 552 997 562 987 768 997 995 987 552 1015 287 1025 245 1043 105 872 171 871 275 987 273 1057 287 1088 437 1001 545
img08028.jpg 995 982 971 764 964 547 999 561 985 767 999 994 982 551 1016 285 1023 243 1041 103 873 177 866 281 982 275 1055 289 1090 435 992 523
img08029.jpg 993 980 969 762 962 546 1000 560 983 769 1000 995 980 549 1018 285 1025 247 1042 101 875 181 861 288 979 278 1056 289 1091 438 983 501
img08030.jpg 987 981 968 762 964 547 999 561 981 769 999 995 978 550 1023 283 1026 248 1044 102 877 185 863 297 981 279 1058 286 1089 439 975 478
img08031.jpg 992 980 969 762 962 548 996 558 979 769 996 995 976 551 1024 281 1027 246 1041 104 879 191 861 302 979 281 1059 285 1083 437 966 451
img08032.jpg 985 980 965 762 961 551 996 561 982 772 999 997 975 557 1020 281 1027 243 1044 101 878 201 864 312 978 281 1058 288 1076 437 959 430
img08033.jpg 982 978 962 759 959 555 997 562 983 773 1001 998 976 559 1021 282 1028 241 1045 99 876 206 865 320 983 282 1059 289 1066 434 947 408
img08034.jpg 981 978 961 759 958 558 996 562 986 773 1000 999 975 562 1024 281 1027 239 1041 97 875 215 864 322 986 281 1062 291 1055 430 939 383
img08035.jpg 985 977 963 759 956 558 997 561 987 773 1000 998 976 561 1024 282 1024 237 1038 94 870 227 858 323 987 282 1062 292 1041 428 930 366
img08036.jpg 984 978 961 759 955 558 999 561 989 773 1003 999 975 561 1023 284 1023 233 1037 89 872 233 867 340 985 281 1064 295 1030 424 925 348
img08037.jpg 986 975 963 757 957 555 1001 558 987 771 1001 997 973 555 1025 284 1022 233 1035 89 874 236 873 354 987 281 1063 295 1018 418 920 328
img08038.jpg 985 973 963 755 956 552 997 556 987 769 1001 996 973 552 1025 284 1022 233 1032 89 881 247 883 368 987 281 1063 292 1008 415 914 316
img08039.jpg 987 977 965 758 958 549 999 556 985 769 1002 995 975 549 1023 286 1020 228 1033 91 883 262 892 387 985 282 1061 289 999 412 909 310
img08040.jpg 984 975 965 756 961 549 999 556 985 770 1003 996 975 549 1020 288 1020 226 1031 94 885 275 906 406 989 281 1058 289 992 406 906 302
img08041.jpg 984 973 964 754 961 549 999 556 985 769 1003 998 975 549 1020 288 1020 229 1027 93 885 289 909 410 992 281 1055 288 989 403 902 302
img08042.jpg 982 976 963 757 960 552 998 555 984 768 1001 1001 977 552 1019 291 1019 232 1022 92 885 301 915 413 994 280 1057 287 987 406 901 305
img08043.jpg 981 976 962 757 958 551 1000 555 983 768 1000 1001 976 551 1018 294 1018 231 1018 91 883 308 915 414 997 280 1056 290 986 405 899 308
img08044.jpg 980 975 961 756 957 553 999 553 982 766 999 1001 975 553 1017 295 1017 235 1014 92 886 310 925 419 999 281 1059 291 986 407 902 312
img08045.jpg 983 975 960 757 954 554 999 557 982 767 999 999 971 554 1017 295 1017 238 1013 87 889 310 931 422 999 280 1059 295 989 410 901 319
img08046.jpg 984 976 961 757 954 553 996 557 983 767 1000 996 972 553 1018 294 1018 237 1011 90 889 313 939 422 996 283 1060 294 989 413 902 322
img08047.jpg 988 976 962 757 952 554 997 557 984 768 1001 993 969 554 1019 294 1019 237 1008 93 892 313 943 419 997 283 1057 294 990 413 903 329
img08048.jpg 991 979 965 761 955 555 997 558 983 768 1000 995 969 555 1018 293 1018 241 1007 94 893 317 950 417 997 283 1056 293 993 416 906 335
img08049.jpg 996 977 967 759 953 554 994 557 984 769 1001 998 967 554 1019 294 1019 242 1005 92 893 317 951 409 998 280 1053 294 998 419 904 335
img08050.jpg 994 976 965 758 951 553 993 556 982 769 1000 999 969 553 1017 291 1017 239 1000 92 890 318 949 402 996 281 1052 291 1000 420 906 337
img08051.jpg 994 979 965 761 951 552 993 559 979 771 996 998 969 552 1018 290 1014 238 996 92 889 321 947 400 996 280 1052 290 1004 423 906 339
img08052.jpg 993 977 964 758 950 549 992 559 978 772 996 999 968 552 1017 290 1013 238 996 91 883 324 944 397 992 280 1051 290 1006 427 905 339
img08053.jpg 998 974 965 756 948 546 990 560 980 773 997 997 969 549 1018 290 1011 237 994 90 879 326 942 393 990 280 1050 290 1008 430 903 339
img08054.jpg 998 973 966 755 948 544 991 562 980 773 998 994 969 547 1019 291 1008 237 991 90 876 331 941 390 987 280 1050 291 1012 431 903 343
img08055.jpg 999 972 967 754 950 543 992 561 981 771 999 996 970 550 1020 291 1006 238 988 91 873 336 940 387 984 280 1051 291 1013 435 904 347
img08056.jpg 999 973 967 755 950 545 992 563 985 769 999 997 971 552 1016 292 1006 240 988 92 874 340 941 385 985 282 1048 292 1016 436 904 352
img08057.jpg 1000 973 968 755 950 546 992 564 985 769 999 996 975 553 1016 292 1003 239 985 93 875 345 942 384 985 284 1048 292 1016 435 905 354
img08058.jpg 1001 976 968 757 951 549 992 566 982 771 996 997 975 556 1013 292 1003 239 982 93 877 348 943 381 985 285 1048 292 1020 434 909 358
img08059.jpg 1001 979 969 761 951 552 993 570 983 772 996 997 976 559 1010 292 1003 240 979 94 879 347 944 378 986 285 1045 292 1021 435 913 361
img08060.jpg 996 980 968 761 954 554 992 568 982 772 995 999 975 558 1009 293 1002 241 978 99 883 349 945 375 985 286 1044 293 1023 434 913 365
img08061.jpg 996 980 968 761 953 554 992 565 981 772 999 999 974 558 1009 293 1002 241 974 99 891 356 949 377 985 286 1043 293 1022 434 916 365
img08062.jpg 997 981 969 762 955 556 990 563 983 772 1000 999 973 556 1007 294 1000 243 973 102 896 361 953 377 983 284 1042 291 1024 435 914 367
img08063.jpg 996 983 969 764 955 557 989 560 986 771 1003 998 972 557 1006 295 1000 243 972 102 900 367 955 380 982 284 1041 291 1024 436 914 367
img08064.jpg 996 983 968 764 954 557 988 557 985 771 1003 998 971 557 1006 295 999 243 971 102 903 377 958 384 982 285 1040 288 1023 433 913 368
img08065.jpg 999 984 968 765 951 556 989 560 985 769 1003 995 968 556 1003 295 1000 242 968 96 902 383 959 387 982 284 1038 288 1024 434 913 368
img08066.jpg 997 985 966 766 949 557 991 560 984 769 1001 995 966 557 1001 296 998 243 966 94 893 382 953 384 977 282 1039 285 1026 432 911 369
img08067.jpg 995 984 964 765 947 557 992 560 981 769 999 995 967 557 1002 293 999 240 967 94 888 383 950 384 978 282 1040 286 1026 432 908 369
img08068.jpg 995 984 964 765 947 557 992 560 978 768 996 994 968 557 1003 291 996 238 968 96 881 382 945 383 975 284 1041 284 1027 429 906 367
img08069.jpg 994 982 963 763 946 556 995 559 977 770 995 994 967 556 1001 287 995 235 967 100 877 379 943 383 970 283 1039 283 1029 432 901 366
img08070.jpg 994 982 963 763 946 556 994 559 977 773 994 994 970 556 1001 287 994 235 967 100 873 374 941 383 967 283 1043 283 1029 428 898 362
img08071.jpg 995 980 964 761 947 552 992 559 978 774 996 993 971 556 1003 285 992 233 968 102 877 372 947 386 968 282 1041 285 1027 428 895 362
img08072.jpg 996 981 966 762 949 553 990 563 980 773 998 993 970 556 1001 287 994 235 966 99 875 368 945 385 966 284 1039 287 1025 424 896 361
img08073.jpg 996 980 966 761 949 551 991 565 980 775 998 995 970 558 1001 289 994 236 963 100 871 365 945 386 963 285 1040 289 1025 422 893 362
img08074.jpg 992 980 966 760 952 552 987 566 980 771 998 993 969 559 1001 290 994 237 962 96 866 364 949 389 962 287 1040 290 1022 417 892 365
img08075.jpg 995 980 969 761 955 552 987 566 979 768 997 994 969 562 1001 290 994 237 962 96 862 364 951 390 962 287 1040 290 1018 414 891 368
img08076.jpg 996 980 969 761 955 551 987 565 980 764 998 994 969 558 1001 289 994 236 962 97 856 358 951 388 962 289 1039 292 1018 415 886 373
img08077.jpg 992 981 969 761 959 551 987 565 980 764 998 994 969 558 1001 289 994 237 962 97 852 362 958 392 962 289 1039 293 1018 415 879 376
img08078.jpg 992 979 969 759 959 550 987 563 980 762 1001 996 969 557 1001 288 994 235 962 96 849 364 961 394 966 288 1039 291 1014 413 875 382
img08079.jpg 998 976 971 756 957 548 989 561 978 763 999 1000 971 555 999 290 992 238 961 95 844 370 959 393 968 287 1037 290 1013 408 867 384
img08080.jpg 996 976 970 756 956 545 987 559 980 763 1001 999 970 552 1001 289 991 241 960 95 840 375 951 391 970 286 1032 292 1012 407 859 389
img08081.jpg 992 978 969 758 959 548 986 559 979 765 1001 999 969 555 1001 290 994 241 959 95 834 372 941 384 973 286 1028 290 1004 402 854 395
img08082.jpg 990 974 968 754 958 547 988 557 978 764 999 999 971 557 999 288 992 240 958 95 828 379 930 378 975 285 1026 291 999 399 851 402
img08083.jpg 992 975 969 754 959 548 990 555 980 765 997 995 973 555 1000 287 993 242 959 95 826 388 921 373 973 284 1024 294 993 397 846 407
img08084.jpg 990 977 968 757 958 548 988 558 982 763 999 993 971 554 1002 284 992 239 961 95 822 395 910 369 971 284 1026 297 989 397 841 414
img08085.jpg 990 977 968 757 958 550 989 557 982 763 999 994 972 554 999 285 992 237 962 96 818 404 907 368 972 285 1027 299 986 395 838 419
img08086.jpg 996 975 970 755 957 550 991 557 981 765 998 994 974 553 998 287 991 239 960 95 817 423 906 369 967 283 1028 300 984 396 837 420
img08087.jpg 1002 978 973 758 957 552 991 556 984 765 998 996 973 552 997 288 991 240 960 96 814 427 902 370 963 285 1028 298 981 398 836 422
img08088.jpg 1002 978 973 758 956 555 991 558 984 765 998 997 973 555 994 289 987 237 960 95 813 433 901 371 963 285 1029 296 980 399 832 423
img08089.jpg 1003 979 975 759 958 553 992 557 982 770 995 996 975 557 992 289 988 237 958 99 818 435 906 368 961 285 1026 292 982 398 830 426
img08090.jpg 1003 978 975 758 958 553 992 557 981 768 995 997 975 557 992 290 988 239 958 99 816 436 906 365 961 283 1026 290 981 399 831 427
img08091.jpg 1004 975 974 755 957 553 991 557 981 766 995 1000 974 557 991 289 988 237 957 100 811 436 902 368 961 285 1026 289 981 402 830 430
img08092.jpg 1003 971 974 751 956 552 991 556 977 765 994 999 974 556 991 288 987 236 956 102 808 436 902 370 960 284 1026 288 981 401 829 432
img08093.jpg 996 971 971 751 957 550 991 554 978 765 995 1000 974 554 991 288 988 237 954 104 804 435 900 370 957 285 1026 288 981 401 835 435
img08094.jpg 997 968 971 748 958 550 992 553 978 761 995 1001 975 553 992 291 985 236 951 99 794 436 893 376 958 284 1026 291 978 403 838 434
img08095.jpg 997 968 971 747 958 550 992 553 978 761 995 1000 975 553 992 291 985 236 951 100 794 436 893 379 954 287 1026 291 975 407 838 434
img08096.jpg 995 968 970 747 957 548 991 555 981 761 998 998 974 551 991 291 984 234 947 101 791 438 893 379 954 288 1024 291 974 406 838 433
img08097.jpg 994 968 969 747 956 545 993 555 983 761 1000 997 973 548 990 292 983 235 946 100 794 439 895 376 953 289 1023 292 976 407 838 434
img08098.jpg 998 967 970 747 954 543 991 557 981 761 1001 998 970 547 988 292 984 235 947 99 798 437 896 377 954 289 1021 292 977 408 835 435
img08099.jpg 996 968 969 748 952 545 989 558 982 762 1003 999 969 545 986 290 986 236 949 101 803 433 894 378 952 290 1020 290 979 409 833 436
img08100.jpg 996 970 968 750 951 543 989 560 982 763 1002 1000 968 543 985 289 985 235 948 103 809 428 894 377 951 289 1019 289 982 408 833 438
img08101.jpg 995 970 967 750 951 543 991 560 981 763 1001 1001 967 543 984 289 984 238 947 99 815 425 896 377 951 289 1018 289 984 408 832 441
img08102.jpg 996 971 968 751 951 544 992 561 979 764 999 1001 968 544 985 290 982 239 945 97 819 423 894 378 951 287 1019 287 985 409 836 439
img08103.jpg 996 972 969 751 952 544 993 561 979 765 999 1002 969 544 986 290 979 239 942 97 820 423 894 378 952 287 1020 287 986 409 837 439
img08104.jpg 992 974 968 753 955 545 995 558 978 763 998 1001 972 545 988 289 978 239 941 98 820 424 898 377 955 286 1022 289 985 410 844 437
img08105.jpg 993 973 969 752 956 545 996 558 976 762 996 999 973 548 989 290 976 239 939 97 817 429 898 379 956 287 1023 290 986 409 847 436
img08106.jpg 991 976 971 755 960 546 994 556 974 761 994 997 974 549 991 289 974 238 940 97 817 429 899 378 957 286 1025 289 988 408 847 436
img08107.jpg 990 976 970 755 960 545 991 555 977 762 997 996 973 548 991 286 977 235 942 97 814 430 901 379 960 286 1025 293 987 407 846 438
img08108.jpg 990 976 970 755 960 544 991 554 977 761 998 996 974 551 991 288 977 232 942 94 814 432 901 381 960 284 1025 295 988 409 845 437
img08109.jpg 989 976 970 755 959 542 990 555 976 762 997 993 973 552 990 287 976 231 942 94 808 434 901 383 959 287 1025 294 990 410 842 435
img08110.jpg 984 974 968 752 961 541 992 554 975 762 999 994 975 551 989 286 978 231 944 95 805 435 900 384 961 285 1023 292 992 415 842 432
img08111.jpg 984 973 969 751 962 540 993 557 972 765 1000 994 979 550 990 284 979 232 945 96 805 437 904 386 965 283 1020 294 997 417 850 427
img08112.jpg 980 976 969 754 965 538 996 555 968 764 1000 994 982 548 989 285 979 233 944 96 813 442 914 387 969 284 1016 291 1003 422 856 425
img08113.jpg 972 980 968 757 971 541 999 554 964 764 999 991 985 544 989 283 982 235 944 98 819 441 924 390 975 283 1012 290 1010 424 869 421
img08114.jpg 968 981 968 758 975 544 1000 555 957 765 1000 992 989 544 989 285 982 236 943 96 833 442 937 394 979 281 1007 289 1014 425 881 422
img08115.jpg 967 983 970 761 980 545 1002 556 956 768 1002 994 995 545 991 284 984 238 941 96 847 442 949 400 984 280 1005 287 1019 428 892 425
img08116.jpg 957 982 968 760 986 546 1007 553 954 767 1003 998 996 546 989 286 986 237 943 97 859 442 956 407 986 279 1003 283 1024 430 901 430
img08117.jpg 955 983 969 761 990 548 1007 555 951 768 1004 999 1000 548 993 285 986 239 944 99 871 444 963 415 990 278 1004 282 1025 432 909 439
img08118.jpg 964 984 975 761 992 545 1010 555 950 768 1003 998 1006 548 996 287 989 241 947 101 890 455 973 423 989 280 1006 280 1027 433 915 450
img08119.jpg 972 981 983 759 1000 543 1014 553 951 769 1004 999 1011 546 997 289 990 243 952 104 908 464 981 429 990 278 1007 278 1028 435 920 463
img08120.jpg 973 981 988 759 1009 544 1015 551 953 766 1002 1002 1012 544 998 288 991 243 957 104 927 477 994 432 994 278 1005 278 1026 433 925 479
img08121.jpg 979 983 997 761 1021 542 1014 552 955 765 1000 994 1017 542 1004 285 993 243 958 104 948 493 1007 436 1000 278 1004 278 1021 434 927 497
img08122.jpg 980 979 1005 758 1036 542 1015 553 960 765 998 994 1022 542 1005 285 994 243 960 104 969 503 1019 435 1008 278 998 281 1015 434 928 514
img08123.jpg 973 975 1008 755 1049 542 1012 553 967 762 998 992 1025 546 1008 285 998 243 967 106 985 511 1029 434 1022 278 991 282 1005 436 926 535
img08124.jpg 976 979 1014 760 1059 544 1007 557 977 763 997 989 1028 550 1011 283 1004 242 970 108 1000 519 1040 433 1038 280 984 283 994 437 925 554
img08125.jpg 983 982 1020 762 1065 544 1004 558 983 766 997 980 1031 551 1014 285 1007 241 973 111 1011 526 1047 432 1051 282 977 285 984 438 922 567
img08126.jpg 991 985 1028 765 1071 544 1001 557 991 768 998 979 1034 554 1015 290 1011 240 981 113 1027 530 1057 428 1065 283 968 287 972 444 924 577
img08127.jpg 999 988 1035 767 1078 545 998 558 998 767 998 973 1038 555 1018 292 1018 240 992 117 1037 536 1063 428 1075 286 962 286 965 445 925 585
img08128.jpg 1004 992 1041 772 1084 551 1001 561 1004 772 1001 976 1044 555 1021 294 1021 237 998 117 1057 541 1076 426 1088 287 954 287 957 447 930 588
img08129.jpg 1000 991 1043 772 1093 553 1007 560 1007 772 1001 978 1053 553 1024 295 1024 239 1004 119 1079 546 1088 425 1097 288 951 288 957 450 934 590
img08130.jpg 1000 989 1049 771 1106 553 1017 560 1010 775 1003 990 1063 553 1030 295 1026 239 1010 119 1099 546 1104 423 1106 288 947 288 957 454 940 589
img08131.jpg 1008 984 1057 767 1111 559 1024 562 1014 777 1007 1001 1071 556 1034 294 1030 241 1018 120 1123 552 1121 425 1118 291 947 291 957 455 943 589
img08132.jpg 1020 982 1067 764 1117 562 1030 562 1017 781 1010 1013 1077 556 1036 294 1033 240 1020 119 1146 554 1137 428 1127 290 946 290 956 458 949 586
img08133.jpg 1036 980 1080 759 1124 558 1030 558 1020 779 1010 1017 1077 555 1040 291 1037 241 1027 117 1158 559 1147 431 1134 291 950 291 960 458 950 585
img08134.jpg 1056 978 1095 756 1125 558 1028 558 1021 779 1015 1025 1075 554 1045 292 1041 242 1038 114 1170 561 1159 437 1143 292 954 292 961 457 951 584
img08135.jpg 1078 978 1112 755 1125 559 1024 556 1024 778 1014 1021 1071 553 1048 293 1048 242 1051 111 1183 570 1166 441 1149 293 960 293 960 458 953 583
img08136.jpg 1095 981 1125 758 1129 557 1022 554 1025 777 1012 1021 1069 548 1052 290 1055 240 1062 117 1189 571 1169 444 1153 294 962 290 965 457 955 584
img08137.jpg 1115 988 1142 760 1129 555 1023 552 1027 776 1014 1024 1070 549 1056 291 1063 242 1079 116 1195 575 1172 446 1156 294 971 291 968 456 957 585
img08138.jpg 1135 989 1158 765 1129 555 1027 552 1027 778 1014 1028 1073 548 1063 292 1070 243 1096 118 1204 578 1178 450 1162 295 975 292 972 453 962 584
img08139.jpg 1156 991 1173 768 1134 555 1031 552 1031 781 1012 1026 1077 549 1070 291 1080 243 1108 120 1212 581 1183 452 1167 294 983 291 980 449 970 581
img08140.jpg 1177 994 1184 771 1140 556 1038 556 1035 781 1013 1029 1086 550 1076 292 1089 245 1124 127 1219 584 1187 454 1171 296 990 292 991 442 981 581
img08141.jpg 1195 996 1195 774 1145 558 1046 555 1040 780 1015 1028 1094 552 1084 295 1097 247 1138 126 1227 590 1195 457 1179 295 1005 295 1002 431 995 576
img08142.jpg 1213 998 1207 779 1153 560 1051 554 1045 782 1013 1026 1099 548 1092 297 1108 247 1150 132 1235 592 1200 456 1188 294 1017 297 1015 424 1007 573
img08143.jpg 1228 1004 1216 781 1165 564 1062 557 1053 784 1014 1023 1110 548 1104 298 1123 251 1161 135 1241 595 1206 455 1197 295 1030 298 1029 420 1023 572
img08144.jpg 1241 1009 1225 784 1174 566 1075 560 1062 784 1017 1024 1120 547 1113 303 1135 252 1177 139 1251 598 1216 454 1206 297 1042 303 1040 421 1035 577
img08145.jpg 1249 1013 1237 786 1185 566 1085 560 1075 783 1017 1022 1127 544 1120 311 1152 246 1188 139 1262 599 1227 453 1217 294 1059 304 1053 423 1044 579
img08146.jpg 1254 1015 1248 791 1199 567 1099 560 1089 785 1017 1025 1141 544 1134 313 1170 248 1202 141 1274 599 1235 453 1229 297 1076 307 1067 429 1052 586
img08147.jpg 1255 1014 1255 792 1213 568 1119 562 1106 782 1019 1024 1158 549 1151 313 1183 251 1219 142 1287 598 1248 455 1239 300 1096 306 1086 432 1067 589
img08148.jpg 1255 1013 1265 795 1227 569 1137 563 1127 782 1018 1022 1172 550 1166 316 1198 248 1236 142 1304 595 1262 457 1249 299 1118 306 1104 433 1081 592
img08149.jpg 1255 1014 1275 794 1243 571 1152 561 1152 778 1026 1008 1191 551 1181 315 1213 250 1252 140 1317 594 1271 457 1262 299 1139 302 1123 431 1096 590
img08150.jpg 1256 1012 1282 796 1259 572 1171 559 1175 776 1039 989 1211 556 1204 310 1227 255 1269 138 1330 592 1282 459 1275 300 1159 300 1143 430 1113 590
img08151.jpg 1257 1011 1286 794 1270 570 1189 560 1199 774 1058 963 1225 557 1219 310 1238 256 1285 137 1343 589 1295 460 1286 300 1177 297 1158 425 1131 585
img08152.jpg 1259 1011 1291 793 1281 568 1201 558 1226 770 1082 938 1240 554 1230 310 1253 255 1300 136 1355 590 1307 461 1297 300 1191 294 1168 422 1144 583
img08153.jpg 1259 1010 1291 790 1294 567 1214 553 1261 767 1115 909 1255 553 1243 307 1265 256 1316 138 1364 589 1316 460 1307 301 1204 291 1175 418 1157 582
img08154.jpg 1259 1008 1294 788 1303 562 1227 549 1290 764 1138 888 1268 549 1256 304 1275 256 1329 138 1377 587 1329 463 1316 301 1214 291 1191 417 1166 578
img08155.jpg 1259 1008 1297 786 1309 559 1237 546 1321 762 1167 876 1278 546 1265 300 1284 259 1344 138 1389 587 1341 464 1325 300 1224 290 1201 415 1177 575
img08156.jpg 1260 1007 1301 786 1317 556 1244 540 1351 753 1194 867 1285 543 1275 298 1295 260 1355 138 1400 588 1352 460 1336 298 1231 292 1211 418 1186 575
img08157.jpg 1256 1007 1304 788 1326 555 1256 539 1379 749 1226 863 1294 542 1287 297 1304 262 1370 138 1409 587 1361 459 1348 297 1240 291 1224 418 1195 574
img08158.jpg 1254 1006 1308 786 1330 551 1263 535 1394 739 1256 865 1298 539 1298 298 1311 266 1381 137 1417 587 1372 462 1359 298 1250 292 1237 420 1202 571
img08159.jpg 1254 1005 1311 785 1337 550 1273 534 1415 729 1295 869 1305 537 1308 300 1321 265 1395 139 1424 589 1382 457 1369 300 1263 290 1243 419 1212 569
img08160.jpg 1254 1003 1315 780 1344 549 1279 533 1432 720 1330 871 1311 539 1318 302 1331 266 1408 141 1430 587 1389 456 1379 302 1273 289 1250 421 1219 568
img08161.jpg 1253 1003 1317 780 1351 548 1288 533 1447 716 1365 879 1323 539 1329 302 1341 267 1421 143 1437 586 1396 460 1389 305 1285 289 1259 422 1225 568
img08162.jpg 1255 1002 1321 780 1358 550 1298 535 1457 715 1396 890 1330 541 1336 302 1352 267 1427 144 1446 588 1405 459 1399 305 1292 292 1264 427 1232 569
img08163.jpg 1300 992 1330 785 1371 555 1311 539 1462 722 1385 917 1342 545 1342 303 1361 268 1434 145 1456 589 1415 460 1408 306 1298 296 1270 432 1245 570
img08164.jpg 1349 984 1348 790 1385 560 1322 545 1441 740 1364 945 1353 554 1353 306 1372 271 1438 149 1466 588 1426 463 1419 306 1303 300 1271 441 1256 573
img08165.jpg 1400 975 1373 796 1401 568 1334 553 1419 755 1338 971 1366 559 1363 309 1382 271 1445 151 1476 593 1439 467 1429 309 1309 306 1277 451 1268 578
img08166.jpg 1448 969 1399 795 1415 574 1347 558 1398 769 1310 993 1379 565 1373 313 1392 271 1449 153 1488 593 1453 469 1440 310 1315 310 1283 459 1280 581
img08167.jpg 1498 963 1424 794 1427 573 1354 560 1379 780 1283 1011 1392 566 1385 316 1401 272 1456 156 1497 592 1465 467 1449 310 1324 313 1292 467 1292 582
img08168.jpg 1505 971 1441 791 1438 573 1364 563 1370 792 1300 1016 1405 570 1395 319 1412 271 1460 159 1511 592 1479 464 1463 310 1334 316 1302 473 1302 586
img08169.jpg 1499 977 1446 787 1449 573 1376 563 1386 788 1325 1017 1417 569 1404 319 1421 271 1465 159 1523 592 1491 461 1475 310 1343 319 1315 476 1315 588
img08170.jpg 1500 982 1449 785 1458 568 1388 559 1403 783 1354 1014 1433 568 1413 320 1430 272 1468 160 1538 587 1503 454 1487 307 1353 320 1328 476 1328 587
img08171.jpg 1507 982 1455 783 1471 565 1400 558 1421 776 1386 1008 1441 565 1425 320 1438 271 1469 160 1552 586 1517 450 1499 305 1361 320 1339 475 1339 586
img08172.jpg 1514 981 1465 778 1486 563 1414 557 1437 770 1413 1002 1453 563 1434 318 1447 270 1469 158 1567 584 1531 451 1513 306 1366 321 1350 472 1350 584
img08173.jpg 1519 979 1476 775 1495 561 1424 551 1450 758 1439 989 1463 561 1445 315 1457 268 1472 158 1579 581 1543 449 1525 303 1371 318 1362 471 1359 581
img08174.jpg 1533 977 1493 774 1503 558 1433 552 1461 753 1460 983 1475 558 1456 314 1465 267 1474 155 1592 578 1556 449 1539 302 1377 319 1371 467 1365 578
img08175.jpg 1539 975 1507 771 1514 557 1442 553 1471 752 1480 980 1480 557 1465 311 1471 267 1473 154 1602 574 1570 451 1553 302 1383 320 1377 466 1371 577
img08176.jpg 1553 968 1523 765 1521 556 1448 556 1477 751 1495 977 1489 556 1471 310 1477 269 1474 153 1613 570 1581 452 1563 301 1388 319 1385 464 1377 573
img08177.jpg 1554 964 1533 761 1529 557 1454 557 1484 749 1510 972 1496 557 1481 311 1481 269 1475 153 1622 566 1592 452 1571 299 1397 317 1391 464 1379 572
img08178.jpg 1556 958 1544 755 1539 554 1458 556 1485 748 1515 970 1500 554 1488 311 1485 269 1473 156 1629 562 1602 452 1578 300 1404 317 1395 461 1387 571
img08179.jpg 1559 950 1552 750 1549 550 1464 553 1488 747 1518 967 1507 550 1494 310 1488 271 1470 156 1637 559 1610 453 1582 302 1409 313 1400 459 1391 571
img08180.jpg 1562 944 1555 747 1556 546 1470 552 1488 747 1519 969 1516 546 1504 311 1494 272 1470 159 1641 558 1616 452 1586 303 1415 311 1406 458 1397 571
img08181.jpg 1558 944 1552 753 1565 545 1475 548 1491 749 1518 972 1522 545 1509 310 1500 273 1469 158 1643 554 1621 449 1593 304 1423 310 1410 455 1401 573
img08182.jpg 1565 942 1552 756 1571 543 1483 549 1493 753 1512 973 1527 543 1515 307 1505 273 1468 157 1644 552 1628 449 1600 304 1430 307 1417 452 1408 574
img08183.jpg 1569 939 1550 756 1576 542 1491 548 1497 753 1510 973 1535 542 1522 306 1513 271 1469 151 1645 551 1629 444 1604 306 1437 306 1428 451 1412 574
img08184.jpg 1570 937 1548 757 1576 543 1496 549 1502 751 1508 968 1539 543 1530 307 1520 270 1471 152 1642 549 1629 441 1608 307 1449 307 1436 450 1418 571
img08185.jpg 1568 935 1546 753 1580 543 1500 546 1506 750 1506 963 1540 543 1534 308 1525 268 1469 147 1636 546 1630 438 1608 308 1460 305 1447 447 1423 570
img08186.jpg 1563 932 1545 746 1581 541 1508 544 1511 749 1505 960 1545 541 1542 308 1530 269 1468 149 1625 543 1628 434 1606 308 1474 302 1462 446 1431 568
img08187.jpg 1556 932 1541 739 1580 541 1511 541 1514 743 1508 956 1547 541 1544 307 1533 270 1466 153 1600 543 1617 427 1602 309 1487 301 1475 445 1439 568
img08188.jpg 1553 930 1541 739 1579 542 1520 542 1517 742 1511 957 1550 542 1547 306 1535 273 1466 153 1574 541 1606 425 1594 309 1499 303 1487 446 1448 568
img08189.jpg 1544 929 1538 736 1580 541 1529 541 1517 742 1517 958 1553 541 1547 302 1535 272 1463 155 1553 541 1596 423 1586 305 1514 299 1502 446 1460 568
img08190.jpg 1537 930 1537 740 1579 544 1537 544 1516 740 1522 956 1558 544 1549 301 1537 274 1462 157 1532 545 1580 422 1576 301 1528 298 1516 445 1471 571
img08191.jpg 1533 928 1536 742 1575 548 1542 548 1511 739 1529 955 1560 548 1547 302 1536 271 1460 157 1523 551 1570 423 1565 298 1539 299 1526 443 1485 572
img08192.jpg 1529 925 1535 742 1572 550 1550 550 1507 739 1535 956 1560 550 1550 303 1535 269 1459 157 1524 557 1561 429 1556 297 1547 300 1541 440 1499 571
img08193.jpg 1529 920 1528 738 1559 551 1553 554 1504 738 1541 949 1556 551 1553 306 1534 269 1458 159 1518 559 1551 431 1553 297 1559 297 1553 437 1513 569
img08194.jpg 1529 918 1525 735 1553 552 1559 555 1501 738 1541 948 1553 549 1556 307 1538 270 1457 156 1515 561 1543 434 1550 298 1566 298 1563 437 1529 570
img08195.jpg 1532 913 1523 730 1545 552 1560 555 1501 737 1541 946 1551 549 1557 308 1538 267 1457 155 1519 559 1541 432 1551 298 1573 302 1573 436 1545 568
img08196.jpg 1535 910 1522 727 1540 550 1565 553 1503 736 1540 941 1550 547 1559 307 1540 267 1459 153 1518 556 1537 430 1547 298 1578 301 1585 437 1556 566
img08197.jpg 1539 910 1521 727 1537 552 1568 558 1509 737 1540 938 1553 549 1559 307 1543 266 1462 153 1513 550 1536 425 1543 297 1584 300 1590 439 1568 567
img08198.jpg 1539 911 1525 727 1543 554 1572 558 1515 737 1537 939 1556 551 1559 306 1543 265 1465 149 1515 545 1540 422 1537 296 1587 300 1597 441 1578 567
img08199.jpg 1550 911 1528 728 1540 553 1569 560 1522 737 1537 940 1556 556 1559 307 1540 263 1469 151 1510 541 1540 422 1531 295 1590 298 1603 441 1587 566
img08200.jpg 1557 910 1530 727 1539 555 1570 561 1527 740 1536 941 1555 558 1558 308 1542 264 1472 150 1503 539 1539 422 1524 295 1592 295 1607 444 1595 567
img08201.jpg 1567 912 1533 731 1536 555 1570 561 1533 743 1536 943 1554 558 1557 309 1545 265 1474 149 1489 536 1539 423 1524 296 1594 296 1610 444 1603 567
img08202.jpg 1570 913 1532 732 1532 555 1569 558 1535 744 1535 945 1551 558 1557 311 1544 268 1477 147 1486 537 1538 422 1523 299 1597 299 1613 447 1609 568
img08203.jpg 1573 916 1531 736 1528 553 1568 559 1538 745 1538 944 1547 556 1556 311 1544 271 1476 150 1482 537 1538 423 1522 302 1600 302 1615 448 1615 572
img08204.jpg 1570 918 1527 738 1524 553 1571 560 1536 744 1540 939 1546 553 1555 309 1546 275 1477 146 1480 538 1536 422 1521 306 1602 303 1618 450 1614 575
img08205.jpg 1560 919 1519 739 1519 552 1572 561 1537 745 1541 938 1544 554 1556 309 1544 277 1478 146 1478 539 1534 427 1519 308 1603 305 1618 452 1615 576
img08206.jpg 1546 919 1509 737 1515 551 1571 563 1537 743 1540 935 1540 554 1555 307 1540 279 1478 146 1478 539 1531 427 1518 310 1602 307 1621 455 1614 579
img08207.jpg 1532 916 1501 733 1513 551 1571 563 1538 742 1541 930 1541 554 1556 308 1541 280 1479 144 1479 539 1528 428 1516 308 1602 305 1621 458 1612 579
img08208.jpg 1522 914 1494 730 1509 553 1570 562 1540 742 1540 929 1540 556 1555 308 1540 278 1479 143 1479 540 1524 431 1515 305 1601 302 1622 458 1610 577
img08209.jpg 1515 910 1489 731 1507 553 1568 562 1544 746 1538 930 1538 556 1553 310 1538 277 1476 145 1476 544 1522 433 1516 304 1602 304 1620 458 1611 577
img08210.jpg 1512 910 1485 731 1506 553 1567 562 1543 747 1534 934 1537 556 1552 310 1537 276 1476 147 1476 544 1521 430 1515 304 1602 304 1620 457 1608 578
img08211.jpg 1506 914 1485 733 1507 556 1569 562 1547 748 1532 938 1538 559 1553 310 1538 276 1476 148 1476 546 1522 432 1513 304 1603 304 1618 456 1603 577
img08212.jpg 1508 916 1486 736 1505 557 1568 563 1549 752 1527 941 1537 560 1552 308 1537 274 1474 151 1474 547 1521 434 1511 305 1603 305 1618 453 1599 579
img08213.jpg 1506 918 1487 738 1506 556 1565 565 1547 754 1525 943 1534 559 1553 306 1537 275 1471 152 1474 549 1521 432 1509 306 1603 306 1616 451 1594 581
img08214.jpg 1503 924 1487 736 1506 555 1565 564 1544 752 1522 946 1534 558 1553 307 1537 276 1472 150 1475 548 1522 429 1506 304 1600 304 1616 451 1587 580
img08215.jpg 1501 927 1489 735 1505 555 1565 564 1543 754 1520 943 1533 555 1552 308 1536 276 1470 150 1473 548 1520 428 1505 302 1599 305 1615 450 1583 580
img08216.jpg 1502 928 1490 734 1506 553 1563 562 1534 754 1518 945 1531 553 1547 308 1534 276 1467 152 1470 550 1518 429 1502 301 1594 305 1611 448 1582 582
img08217.jpg 1503 929 1490 733 1503 550 1560 563 1525 753 1515 945 1531 550 1544 310 1531 278 1465 149 1468 550 1515 430 1500 301 1591 304 1607 449 1582 582
img08218.jpg 1501 930 1489 732 1501 550 1560 562 1520 751 1513 946 1532 550 1539 311 1526 279 1463 151 1466 550 1507 434 1495 301 1586 305 1602 452 1579 581
img08219.jpg 1501 927 1489 732 1501 550 1561 563 1514 751 1514 945 1532 553 1533 312 1520 280 1457 155 1463 550 1498 437 1489 302 1580 305 1599 453 1576 584
img08220.jpg 1501 926 1487 734 1502 554 1560 563 1508 749 1514 947 1533 557 1527 312 1514 281 1452 157 1461 554 1490 442 1484 306 1573 306 1592 455 1573 588
img08221.jpg 1503 922 1485 734 1500 558 1560 568 1503 749 1515 946 1536 562 1524 316 1509 286 1445 161 1460 555 1482 443 1479 310 1570 310 1591 458 1570 592
img08222.jpg 1500 922 1479 732 1503 561 1566 570 1500 750 1518 949 1539 567 1518 321 1500 290 1437 170 1461 558 1473 447 1473 317 1563 314 1587 462 1563 597
img08223.jpg 1500 922 1476 734 1506 568 1573 574 1494 752 1521 949 1543 574 1512 328 1494 298 1430 180 1458 565 1470 453 1467 325 1558 322 1585 465 1561 604
img08224.jpg 1498 925 1471 738 1507 578 1576 581 1489 756 1522 950 1546 581 1506 340 1489 310 1422 192 1455 575 1468 464 1461 337 1552 334 1579 473 1558 612
img08225.jpg 1496 928 1463 743 1508 586 1581 589 1481 761 1523 949 1551 589 1502 353 1481 323 1411 211 1454 586 1466 477 1457 350 1548 347 1578 480 1554 622
img08226.jpg 1495 930 1454 747 1516 593 1588 596 1475 765 1526 951 1555 596 1495 367 1475 340 1402 232 1453 599 1465 494 1450 364 1538 361 1571 497 1550 635
img08227.jpg 1496 935 1448 754 1523 603 1592 606 1466 769 1526 953 1559 606 1490 384 1472 357 1394 257 1451 615 1466 510 1448 381 1532 381 1565 516 1547 655
img08228.jpg 1486 938 1438 758 1531 611 1595 617 1461 775 1526 953 1566 617 1485 404 1467 378 1383 287 1450 632 1464 529 1447 401 1526 401 1561 541 1543 675
img08229.jpg 1471 942 1427 761 1541 619 1600 627 1457 782 1525 955 1572 625 1480 421 1463 396 1373 313 1449 647 1463 548 1446 421 1520 424 1556 564 1539 697
img08230.jpg 1457 948 1420 767 1550 629 1605 638 1455 790 1524 956 1578 635 1477 443 1461 418 1365 339 1447 662 1461 566 1444 440 1513 448 1551 593 1537 722
img08231.jpg 1434 956 1411 773 1557 645 1605 653 1453 803 1520 955 1581 650 1475 466 1456 439 1358 364 1443 682 1456 583 1443 463 1510 471 1547 620 1534 746
img08232.jpg 1413 961 1403 779 1562 661 1606 668 1453 817 1519 954 1585 663 1473 488 1452 462 1352 386 1439 701 1452 604 1439 483 1506 496 1545 645 1529 768
img08233.jpg 1399 966 1398 788 1563 680 1603 687 1449 835 1515 955 1585 682 1473 510 1448 484 1348 407 1436 720 1448 625 1438 502 1505 520 1541 667 1526 792
img08234.jpg 1391 971 1392 796 1561 694 1597 702 1443 850 1511 954 1585 700 1471 531 1444 506 1345 430 1429 738 1444 645 1435 523 1500 538 1538 690 1521 814
img08235.jpg 1378 971 1387 801 1563 709 1593 724 1437 870 1508 960 1585 719 1467 550 1441 526 1343 451 1422 754 1439 664 1432 545 1496 557 1533 712 1515 835
img08236.jpg 1367 972 1383 806 1565 726 1592 743 1435 888 1511 967 1585 737 1465 568 1439 546 1343 470 1416 766 1435 684 1428 566 1498 580 1531 730 1509 857
img08237.jpg 1351 969 1378 809 1566 748 1592 762 1434 906 1516 976 1583 758 1462 586 1436 565 1342 490 1406 777 1428 702 1424 587 1494 596 1525 747 1502 874
img08238.jpg 1336 962 1371 808 1567 761 1593 779 1435 922 1521 985 1585 773 1458 601 1435 579 1343 506 1399 790 1425 715 1421 607 1488 613 1521 765 1493 889
img08239.jpg 1321 956 1370 809 1571 784 1595 800 1436 942 1529 995 1585 794 1456 617 1434 594 1344 524 1389 805 1420 728 1420 625 1485 631 1517 780 1483 903
img08240.jpg 1309 951 1368 811 1570 806 1596 818 1436 959 1534 1002 1584 811 1457 632 1435 607 1344 539 1377 825 1416 741 1418 640 1488 650 1513 793 1473 915
img08241.jpg 1303 946 1367 813 1565 821 1593 833 1432 973 1534 1006 1581 827 1455 643 1434 619 1343 554 1361 844 1414 751 1420 651 1484 664 1508 806 1463 923
img08242.jpg 1304 943 1367 813 1560 825 1590 841 1428 981 1533 1002 1578 833 1456 654 1434 630 1345 565 1349 862 1413 760 1421 662 1487 679 1505 817 1452 931
img08243.jpg 1307 942 1370 816 1559 834 1589 848 1426 986 1533 996 1573 840 1459 665 1435 641 1344 575 1334 872 1411 767 1421 673 1492 690 1502 826 1443 937
img08244.jpg 1309 941 1369 818 1552 836 1586 856 1422 993 1530 991 1569 846 1461 674 1435 650 1344 580 1320 872 1409 773 1421 682 1486 698 1496 833 1443 946
img08245.jpg 1314 940 1369 818 1550 836 1584 863 1419 999 1526 986 1564 846 1460 680 1434 659 1344 584 1310 864 1409 777 1422 688 1472 693 1493 840 1434 950
img08246.jpg 1315 936 1368 817 1550 838 1585 867 1419 1002 1524 978 1565 850 1459 686 1434 664 1345 587 1302 849 1407 780 1422 695 1475 699 1492 844 1427 952
img08247.jpg 1315 932 1367 817 1548 842 1585 876 1418 1010 1520 975 1565 855 1459 691 1434 668 1344 592 1295 831 1405 785 1422 701 1476 701 1491 848 1424 954
img08248.jpg 1317 931 1366 818 1547 845 1585 879 1418 1012 1515 972 1568 858 1458 695 1434 673 1345 593 1294 816 1405 788 1422 703 1475 707 1491 851 1420 956
img08249.jpg 1317 924 1367 816 1547 850 1585 882 1417 1014 1516 968 1568 862 1459 700 1434 675 1344 594 1299 800 1406 788 1421 705 1489 711 1493 854 1412 954
img08250.jpg 1319 920 1366 815 1549 851 1588 876 1419 1007 1516 964 1573 863 1462 702 1435 676 1345 597 1306 787 1407 789 1420 708 1503 721 1494 855 1415 955
img08251.jpg 1324 918 1366 815 1546 847 1589 875 1419 1005 1514 963 1572 860 1463 705 1435 676 1345 597 1316 775 1409 789 1420 708 1505 718 1495 855 1416 956
img08252.jpg 1329 917 1367 816 1546 847 1589 874 1418 1003 1512 964 1574 861 1464 702 1438 678 1346 597 1327 764 1412 786 1419 708 1503 719 1496 854 1419 957
img08253.jpg 1333 914 1367 816 1547 846 1587 874 1415 1002 1513 966 1573 859 1463 700 1438 677 1346 598 1338 754 1412 786 1419 707 1504 715 1497 854 1421 957
img08254.jpg 1337 912 1366 816 1550 843 1588 869 1415 995 1512 966 1576 852 1462 696 1439 675 1347 598 1350 747 1413 786 1420 705 1505 717 1497 852 1424 957
img08255.jpg 1341 908 1367 815 1550 842 1585 868 1412 993 1511 966 1574 851 1461 695 1441 674 1346 599 1362 745 1412 789 1422 706 1504 719 1497 851 1425 956
img08256.jpg 1344 905 1367 815 1551 842 1585 864 1410 989 1513 966 1573 847 1461 694 1442 675 1348 598 1373 743 1412 789 1422 705 1504 722 1496 851 1427 956
img08257.jpg 1344 902 1367 815 1552 844 1586 860 1411 984 1516 966 1572 845 1462 695 1441 674 1349 597 1385 744 1413 791 1422 704 1505 722 1497 853 1427 957
img08258.jpg 1347 901 1368 816 1553 844 1587 857 1411 979 1516 963 1574 846 1462 695 1442 676 1350 597 1396 748 1416 792 1423 706 1505 726 1497 853 1430 957
img08259.jpg 1355 901 1368 817 1543 830 1590 858 1414 979 1520 967 1562 832 1461 695 1441 677 1351 596 1405 754 1417 793 1422 707 1504 726 1496 852 1429 960
img08260.jpg 1357 904 1367 818 1545 829 1594 859 1416 979 1524 971 1565 833 1459 693 1441 678 1354 592 1411 754 1419 789 1423 700 1502 723 1497 853 1429 961
img08261.jpg 1360 908 1369 818 1548 829 1595 857 1417 975 1528 975 1567 832 1459 690 1438 675 1354 591 1400 786 1420 786 1425 694 1487 713 1497 852 1433 963
img08262.jpg 1364 912 1369 815 1554 826 1595 857 1416 974 1532 983 1570 830 1458 685 1439 670 1352 589 1380 817 1419 785 1429 685 1484 710 1496 848 1432 958
img08263.jpg 1373 919 1370 814 1554 819 1596 858 1417 974 1536 993 1572 823 1456 679 1437 662 1350 585 1365 840 1418 777 1431 673 1478 700 1495 843 1430 953
img08264.jpg 1377 925 1373 809 1568 824 1595 853 1414 969 1536 999 1587 832 1456 670 1437 653 1350 578 1346 860 1418 768 1435 661 1474 692 1496 838 1428 942
img08265.jpg 1392 930 1377 805 1572 814 1597 843 1416 957 1539 999 1590 822 1459 662 1437 642 1350 570 1330 880 1418 761 1433 656 1477 684 1496 828 1426 929
img08266.jpg 1407 935 1375 803 1569 801 1600 833 1418 946 1542 999 1591 811 1461 652 1441 632 1346 562 1330 865 1416 753 1432 648 1491 678 1495 817 1418 912
img08267.jpg 1427 940 1376 802 1567 786 1604 816 1421 928 1544 994 1591 796 1460 641 1442 621 1346 552 1338 844 1416 740 1430 639 1492 665 1494 805 1417 899
img08268.jpg 1446 940 1376 800 1565 773 1607 800 1423 910 1544 989 1592 788 1462 629 1444 608 1348 539 1336 830 1413 732 1429 631 1500 649 1493 790 1414 882
img08269.jpg 1463 942 1375 798 1562 759 1611 780 1427 890 1545 981 1590 772 1464 616 1447 595 1348 525 1338 814 1411 721 1428 618 1505 633 1491 774 1413 865
img08270.jpg 1473 941 1372 796 1555 743 1612 765 1428 874 1541 978 1586 756 1464 602 1449 580 1346 510 1339 796 1410 706 1429 602 1506 615 1490 756 1411 848
img08271.jpg 1484 940 1377 792 1555 727 1613 750 1428 857 1535 973 1587 741 1465 586 1452 564 1350 493 1341 779 1410 692 1432 584 1507 599 1491 736 1412 829
img08272.jpg 1490 937 1380 788 1554 711 1611 734 1427 843 1529 967 1584 724 1468 570 1455 544 1355 469 1342 761 1413 674 1434 565 1514 577 1491 717 1413 807
img08273.jpg 1491 936 1384 784 1551 695 1610 718 1428 828 1525 964 1582 706 1472 553 1458 525 1359 445 1347 741 1415 654 1434 544 1519 555 1495 697 1415 786
img08274.jpg 1495 935 1391 781 1552 681 1610 703 1430 815 1521 960 1583 693 1474 535 1459 505 1365 423 1350 722 1418 637 1435 528 1526 534 1498 678 1418 765
img08275.jpg 1500 936 1401 780 1554 669 1609 686 1432 806 1519 957 1584 679 1479 516 1462 483 1372 398 1354 701 1422 618 1437 509 1530 511 1504 658 1424 743
img08276.jpg 1507 937 1411 779 1556 657 1607 672 1435 799 1520 954 1584 665 1484 494 1466 460 1381 370 1360 680 1427 597 1437 489 1535 486 1510 639 1430 721
img08277.jpg 1508 938 1418 776 1554 645 1607 655 1437 790 1519 953 1586 650 1490 471 1472 439 1389 345 1365 661 1431 578 1442 468 1538 469 1520 615 1434 701
img08278.jpg 1509 937 1426 772 1553 632 1605 640 1439 785 1520 951 1583 637 1493 449 1477 419 1398 321 1368 640 1436 558 1447 449 1542 449 1529 593 1441 678
img08279.jpg 1507 937 1431 768 1547 620 1600 628 1438 780 1519 951 1578 622 1497 425 1484 398 1408 293 1374 619 1441 538 1452 428 1542 426 1540 568 1450 659
img08280.jpg 1501 935 1432 763 1538 607 1595 616 1441 773 1521 951 1572 607 1501 404 1490 378 1416 269 1382 599 1447 519 1458 407 1547 407 1550 544 1458 636
img08281.jpg 1495 932 1432 756 1526 593 1588 602 1445 768 1521 949 1565 593 1506 386 1495 360 1422 249 1387 578 1451 500 1466 389 1553 389 1562 523 1469 613
img08282.jpg 1494 931 1437 750 1520 581 1580 590 1450 764 1523 950 1556 581 1509 369 1497 342 1430 227 1395 557 1456 484 1471 372 1559 369 1571 504 1480 590
img08283.jpg 1492 929 1442 744 1510 569 1574 579 1456 760 1522 948 1550 569 1513 354 1504 327 1435 209 1401 539 1462 466 1477 357 1565 351 1580 487 1486 572
img08284.jpg 1492 929 1449 739 1504 560 1568 569 1465 756 1525 947 1544 563 1519 342 1508 312 1438 194 1405 523 1468 451 1481 345 1571 339 1589 478 1492 553
img08285.jpg 1496 926 1457 735 1502 552 1560 562 1471 755 1526 948 1535 559 1523 332 1511 301 1444 181 1410 506 1474 439 1487 335 1575 325 1600 469 1499 540
img08286.jpg 1497 925 1466 733 1496 550 1555 556 1478 752 1528 950 1527 556 1528 324 1515 289 1450 168 1413 494 1481 429 1494 324 1580 318 1609 463 1503 528
img08287.jpg 1495 924 1473 733 1492 547 1551 553 1489 752 1526 949 1523 553 1533 318 1520 283 1454 161 1416 484 1485 425 1498 318 1583 312 1617 459 1507 519
img08288.jpg 1496 925 1481 735 1493 549 1546 552 1496 750 1527 947 1518 552 1537 311 1521 277 1459 155 1421 474 1490 424 1503 311 1584 308 1625 456 1515 508
img08289.jpg 1496 923 1486 734 1493 551 1543 551 1502 753 1527 948 1515 551 1540 308 1524 273 1464 150 1423 466 1493 425 1508 308 1587 305 1631 450 1521 497
img08290.jpg 1494 923 1491 734 1491 551 1541 551 1510 753 1525 948 1513 551 1541 305 1528 271 1469 148 1424 460 1494 425 1510 305 1591 305 1635 447 1522 488
img08291.jpg 1496 923 1493 734 1493 548 1540 551 1515 753 1524 948 1512 548 1540 303 1531 271 1474 145 1429 454 1493 429 1509 309 1593 303 1641 445 1528 479
img08292.jpg 1499 922 1495 735 1492 548 1540 554 1521 754 1524 948 1508 548 1540 303 1533 268 1479 144 1435 449 1495 427 1511 310 1593 303 1644 443 1530 471
img08293.jpg 1503 921 1494 733 1490 547 1538 554 1526 755 1522 950 1506 547 1541 304 1535 265 1484 141 1436 448 1494 429 1510 310 1596 304 1647 442 1535 467
img08294.jpg 1505 922 1495 736 1485 546 1537 553 1527 752 1521 951 1504 546 1543 306 1537 264 1485 139 1443 448 1495 431 1511 309 1594 306 1649 441 1540 463
img08295.jpg 1505 923 1495 737 1482 545 1538 555 1528 754 1521 949 1505 545 1544 307 1534 261 1489 135 1448 450 1498 431 1511 311 1593 307 1648 441 1544 461
img08296.jpg 1502 922 1495 737 1482 545 1537 555 1528 753 1521 948 1505 545 1544 308 1534 262 1489 132 1445 450 1498 432 1511 308 1593 308 1645 441 1544 461
img08297.jpg 1499 922 1493 736 1483 546 1538 553 1525 751 1521 951 1505 546 1547 309 1534 264 1489 132 1440 450 1496 431 1509 309 1595 309 1644 440 1544 460
img08298.jpg 1494 922 1494 737 1481 545 1538 555 1522 750 1522 951 1506 545 1545 309 1535 264 1490 133 1438 446 1497 427 1510 309 1593 309 1641 440 1542 456
img08299.jpg 1492 923 1492 736 1482 543 1540 556 1524 752 1521 948 1508 546 1543 309 1536 265 1492 138 1433 442 1495 423 1508 309 1594 309 1641 439 1540 455
img08300.jpg 1492 922 1492 737 1483 545 1539 555 1524 752 1521 950 1508 548 1542 306 1536 266 1492 140 1426 440 1492 423 1508 310 1593 306 1640 438 1539 451
img08301.jpg 1493 923 1493 739 1480 548 1539 555 1524 754 1518 948 1508 551 1542 308 1536 264 1493 145 1427 440 1496 420 1508 311 1593 308 1643 436 1539 448
img08302.jpg 1493 923 1493 741 1477 546 1540 556 1525 753 1518 948 1509 552 1540 308 1534 264 1493 144 1428 441 1499 421 1512 308 1591 308 1644 436 1540 449
img08303.jpg 1493 923 1493 740 1478 545 1541 554 1525 753 1519 949 1509 554 1541 308 1534 264 1493 144 1429 441 1503 422 1515 308 1591 308 1645 438 1537 450
img08304.jpg 1493 925 1493 739 1477 547 1541 554 1525 752 1522 950 1509 554 1541 307 1531 266 1493 141 1429 442 1506 423 1515 307 1589 307 1643 439 1538 451
img08305.jpg 1492 925 1492 737 1480 545 1540 554 1524 750 1521 951 1508 551 1540 309 1534 267 1492 142 1433 443 1508 424 1515 309 1588 309 1646 437 1537 452
img08306.jpg 1494 925 1494 738 1481 542 1539 554 1526 748 1523 954 1507 551 1542 310 1533 268 1491 139 1436 442 1510 425 1517 310 1584 310 1646 439 1539 455
img08307.jpg 1496 926 1496 740 1483 544 1538 554 1528 750 1522 955 1506 551 1544 310 1534 268 1487 140 1438 441 1512 425 1515 313 1586 310 1644 438 1541 451
img08308.jpg 1497 928 1497 742 1484 546 1539 556 1529 752 1523 954 1507 549 1545 308 1532 270 1484 141 1439 443 1513 427 1513 315 1587 308 1645 437 1542 450
img08309.jpg 1499 929 1499 746 1486 547 1537 556 1531 752 1521 954 1508 550 1543 309 1534 267 1483 142 1441 444 1515 427 1515 315 1588 309 1646 437 1540 450
img08310.jpg 1500 930 1500 749 1484 548 1539 555 1533 752 1523 952 1510 552 1545 309 1533 267 1481 138 1439 445 1516 429 1516 312 1587 309 1645 438 1542 448
img08311.jpg 1500 932 1500 750 1484 551 1539 555 1533 753 1526 952 1513 551 1542 307 1533 268 1481 138 1436 447 1516 431 1516 313 1588 307 1646 438 1539 447
img08312.jpg 1499 933 1499 750 1486 550 1542 556 1532 753 1529 953 1516 553 1542 307 1532 268 1480 137 1432 445 1512 432 1516 314 1585 304 1647 439 1536 448
img08313.jpg 1499 929 1499 749 1486 550 1541 556 1532 752 1525 952 1515 553 1541 308 1532 268 1479 134 1429 442 1509 432 1515 311 1584 304 1646 439 1538 448
img08314.jpg 1496 929 1500 747 1487 548 1542 558 1529 750 1526 952 1513 552 1542 308 1532 269 1477 132 1428 441 1506 435 1516 311 1584 304 1646 438 1536 447
img08315.jpg 1496 930 1496 744 1490 549 1541 558 1528 751 1525 953 1512 552 1541 308 1531 266 1477 134 1426 436 1503 433 1515 311 1586 305 1644 436 1531 449
img08316.jpg 1495 927 1495 742 1491 548 1542 558 1526 752 1523 952 1510 551 1542 309 1529 265 1476 134 1427 434 1501 433 1513 309 1583 303 1641 437 1533 449
img08317.jpg 1494 928 1495 739 1491 551 1542 557 1526 752 1523 951 1510 551 1542 307 1529 266 1475 134 1432 437 1504 435 1513 307 1584 304 1642 435 1529 451
img08318.jpg 1496 928 1493 740 1493 549 1544 556 1528 753 1528 951 1512 553 1541 307 1528 266 1474 138 1437 436 1506 435 1512 310 1582 304 1643 438 1528 450
img08319.jpg 1497 928 1491 741 1494 549 1544 555 1529 754 1532 953 1516 552 1541 306 1525 268 1472 142 1440 437 1507 435 1510 312 1579 303 1639 438 1529 451
img08320.jpg 1498 924 1491 742 1491 548 1546 554 1530 755 1533 953 1517 551 1539 305 1523 270 1469 142 1443 436 1507 436 1511 311 1578 302 1638 439 1530 451
img08321.jpg 1497 927 1490 742 1490 548 1548 557 1529 754 1532 952 1519 551 1538 305 1522 270 1465 146 1442 434 1506 433 1510 312 1577 302 1637 439 1526 452
img08322.jpg 1495 926 1486 740 1489 545 1549 558 1527 753 1530 951 1520 551 1536 306 1520 268 1467 145 1439 435 1504 432 1508 312 1577 303 1634 441 1524 453
img08323.jpg 1494 928 1485 741 1491 545 1550 557 1522 750 1528 953 1522 551 1535 307 1519 267 1463 148 1436 438 1503 432 1510 307 1576 301 1632 441 1519 457
img08324.jpg 1495 928 1482 740 1492 547 1552 556 1520 753 1526 953 1520 553 1533 308 1517 267 1463 149 1433 441 1501 429 1507 308 1574 302 1631 441 1514 460
img08325.jpg 1492 930 1479 740 1495 547 1552 556 1514 750 1524 952 1520 553 1530 309 1514 268 1460 150 1426 447 1501 426 1504 309 1572 303 1628 442 1504 468
img08326.jpg 1494 931 1478 741 1497 544 1554 554 1510 747 1526 953 1522 550 1526 309 1510 271 1456 150 1420 452 1500 426 1500 309 1570 303 1624 442 1497 477
img08327.jpg 1494 930 1478 743 1500 546 1554 552 1503 749 1526 952 1525 549 1519 311 1507 277 1450 156 1412 457 1497 425 1494 312 1564 302 1618 441 1494 486
img08328.jpg 1491 929 1479 739 1501 549 1556 552 1498 748 1523 951 1527 549 1514 314 1504 281 1446 159 1408 465 1495 426 1485 317 1559 304 1611 442 1488 497
img08329.jpg 1491 928 1478 737 1503 550 1557 553 1491 747 1522 950 1532 550 1510 318 1500 286 1440 162 1399 474 1491 429 1478 318 1557 308 1605 448 1484 508
img08330.jpg 1492 928 1477 738 1505 554 1559 557 1486 750 1524 950 1537 554 1508 326 1499 295 1432 171 1394 484 1483 434 1470 323 1552 313 1600 456 1483 519
img08331.jpg 1492 925 1471 736 1508 560 1562 563 1480 752 1520 950 1540 560 1505 333 1496 302 1427 182 1392 497 1477 440 1467 330 1549 323 1593 465 1480 531
img08332.jpg 1494 928 1471 737 1515 564 1568 567 1473 752 1521 952 1543 564 1503 341 1491 310 1418 193 1387 510 1470 449 1466 338 1547 335 1587 477 1476 545
img08333.jpg 1493 934 1468 742 1523 572 1572 575 1467 753 1523 952 1548 572 1503 351 1488 320 1409 205 1379 526 1464 460 1463 347 1542 347 1582 493 1470 559
img08334.jpg 1485 940 1459 747 1524 579 1578 585 1459 755 1524 953 1551 579 1501 364 1486 334 1402 223 1376 540 1459 471 1462 360 1537 360 1573 504 1465 573
img08335.jpg 1482 944 1457 752 1530 587 1586 593 1453 756 1522 954 1557 587 1499 374 1482 346 1397 241 1371 555 1455 485 1458 374 1537 377 1563 517 1458 590
img08336.jpg 1478 951 1455 759 1535 598 1589 604 1447 761 1524 955 1561 598 1498 387 1478 359 1393 259 1364 573 1450 499 1455 387 1535 393 1555 533 1453 604
img08337.jpg 1478 953 1450 766 1539 609 1593 618 1443 766 1522 956 1567 612 1497 402 1474 374 1386 280 1361 590 1446 513 1451 402 1533 408 1548 550 1446 623
img08338.jpg 1483 952 1446 770 1543 619 1596 630 1438 773 1518 954 1574 622 1494 421 1471 390 1379 300 1357 605 1440 529 1449 418 1532 423 1538 563 1440 641
img08339.jpg 1492 949 1445 773 1551 628 1601 639 1435 777 1515 954 1578 634 1491 438 1466 405 1372 319 1353 623 1435 545 1446 432 1532 441 1532 579 1435 661
img08340.jpg 1494 946 1439 777 1552 638 1602 651 1432 783 1517 954 1580 646 1487 454 1462 421 1363 339 1350 641 1432 561 1446 448 1528 457 1525 597 1432 679
img08341.jpg 1498 944 1436 782 1557 650 1605 663 1428 789 1516 953 1583 658 1482 471 1460 438 1358 358 1348 655 1428 578 1442 468 1524 473 1519 615 1426 698
img08342.jpg 1496 944 1427 789 1554 664 1607 677 1423 795 1517 953 1580 670 1479 489 1458 457 1352 378 1345 672 1423 596 1439 486 1523 494 1515 632 1421 714
img08343.jpg 1491 943 1415 795 1549 677 1604 690 1421 802 1518 955 1575 683 1475 504 1454 476 1348 398 1343 688 1421 610 1436 504 1518 512 1511 651 1416 732
img08344.jpg 1489 943 1408 803 1548 693 1601 708 1418 811 1518 958 1573 698 1470 519 1453 494 1344 418 1339 703 1418 627 1433 524 1513 529 1506 672 1410 748
img08345.jpg 1489 945 1402 810 1548 707 1600 725 1415 818 1514 960 1573 712 1467 537 1450 512 1341 438 1336 720 1413 646 1428 542 1509 544 1504 690 1405 767
img08346.jpg 1487 946 1394 817 1546 723 1597 740 1415 825 1514 963 1570 730 1464 556 1447 531 1335 459 1333 738 1408 662 1425 558 1505 563 1503 708 1403 784
img08347.jpg 1486 947 1388 821 1544 736 1592 755 1416 834 1512 966 1570 746 1462 573 1445 549 1334 478 1332 753 1407 677 1422 577 1500 580 1500 726 1400 802
img08348.jpg 1486 950 1385 827 1545 750 1593 771 1419 843 1516 970 1572 762 1461 590 1442 565 1331 499 1328 771 1404 693 1422 593 1500 599 1500 743 1401 819
img08349.jpg 1484 953 1382 830 1546 763 1592 785 1420 854 1519 973 1572 776 1458 607 1439 581 1327 519 1325 789 1401 708 1419 609 1496 615 1500 758 1401 835
img08350.jpg 1479 956 1378 832 1545 774 1589 797 1420 866 1524 976 1571 789 1456 621 1437 594 1324 537 1322 803 1401 720 1418 625 1492 632 1500 774 1401 851
img08351.jpg 1470 960 1374 832 1544 783 1587 808 1418 878 1525 977 1569 798 1454 634 1434 607 1321 554 1319 818 1401 732 1415 642 1490 646 1499 787 1403 867
img08352.jpg 1457 966 1371 832 1544 793 1587 819 1417 890 1528 978 1568 807 1450 645 1430 619 1318 567 1318 833 1400 743 1416 651 1488 659 1500 798 1406 882
img08353.jpg 1445 971 1368 830 1543 801 1586 828 1415 901 1528 979 1567 814 1447 654 1427 630 1316 578 1318 846 1402 752 1414 658 1486 672 1498 810 1406 896
img08354.jpg 1430 976 1365 828 1541 809 1584 834 1413 908 1527 976 1565 818 1447 662 1427 641 1315 587 1317 854 1402 758 1416 660 1476 672 1497 820 1408 911
img08355.jpg 1430 973 1363 827 1531 802 1582 842 1410 917 1525 975 1555 807 1445 668 1425 649 1313 593 1323 866 1404 765 1415 667 1466 672 1496 829 1410 921
img08356.jpg 1416 976 1361 825 1535 809 1581 850 1409 926 1523 974 1556 813 1443 674 1424 654 1312 598 1323 875 1403 769 1415 670 1453 670 1495 834 1411 932
img08357.jpg 1407 978 1361 824 1536 814 1580 855 1408 932 1521 971 1557 818 1444 678 1424 661 1311 604 1324 882 1402 773 1411 678 1453 678 1494 839 1411 938
img08358.jpg 1399 981 1361 824 1537 818 1579 856 1407 935 1516 968 1557 821 1442 680 1423 665 1309 609 1327 887 1400 774 1412 683 1440 671 1494 843 1414 944
img08359.jpg 1390 981 1360 822 1539 820 1566 841 1393 922 1513 966 1545 808 1440 684 1419 667 1305 612 1334 893 1399 778 1408 692 1438 672 1493 845 1415 947
img08360.jpg 1370 988 1360 821 1549 834 1565 836 1392 918 1509 962 1555 825 1440 688 1418 669 1304 614 1335 896 1397 782 1407 696 1448 684 1491 846 1416 949
img08361.jpg 1381 984 1360 820 1537 818 1553 816 1380 899 1505 961 1542 808 1440 689 1416 670 1303 616 1341 895 1400 781 1408 695 1455 694 1490 848 1416 950
img08362.jpg 1373 984 1360 818 1539 820 1552 816 1378 901 1501 960 1541 809 1440 691 1414 669 1301 615 1341 898 1400 781 1408 693 1451 693 1489 850 1418 953
img08363.jpg 1367 984 1359 818 1538 820 1551 816 1377 902 1500 960 1541 809 1441 695 1415 671 1302 618 1341 900 1399 784 1407 699 1461 704 1488 850 1419 954
img08364.jpg 1363 986 1358 819 1536 819 1564 832 1389 920 1502 961 1553 825 1443 696 1415 672 1302 620 1341 899 1399 780 1409 693 1461 706 1488 851 1419 955
img08365.jpg 1358 987 1359 820 1534 819 1566 836 1391 925 1504 963 1551 825 1442 696 1416 674 1303 622 1341 899 1399 782 1408 694 1461 707 1487 851 1420 956
img08366.jpg 1340 991 1360 820 1544 833 1578 856 1403 946 1505 965 1561 841 1442 698 1417 675 1305 624 1342 904 1398 787 1406 700 1463 707 1487 852 1421 957
img08367.jpg 1337 992 1361 820 1543 831 1579 852 1404 944 1506 966 1562 841 1443 697 1419 677 1306 626 1342 897 1398 783 1407 696 1453 698 1487 852 1422 958
img08368.jpg 1331 991 1361 820 1544 833 1579 854 1403 947 1506 969 1560 840 1442 694 1417 673 1305 623 1343 893 1398 780 1406 693 1452 696 1487 854 1423 958
img08369.jpg 1323 989 1360 818 1545 833 1579 854 1403 949 1505 970 1560 841 1442 693 1419 676 1307 626 1342 891 1399 780 1406 695 1465 708 1488 854 1423 961
img08370.jpg 1314 987 1359 818 1549 837 1577 854 1402 950 1505 969 1562 843 1441 694 1419 677 1307 627 1342 890 1400 776 1409 692 1464 707 1489 856 1424 962
img08371.jpg 1304 985 1358 817 1547 840 1579 855 1403 952 1508 970 1564 844 1442 695 1417 676 1306 627 1343 893 1400 776 1409 691 1464 708 1489 855 1426 961
img08372.jpg 1298 984 1357 817 1546 840 1580 857 1403 955 1510 971 1561 842 1440 695 1416 676 1304 628 1347 903 1402 781 1410 695 1476 719 1489 855 1425 962
img08373.jpg 1296 984 1358 817 1545 838 1580 855 1404 955 1512 969 1565 844 1443 697 1417 678 1303 631 1349 907 1402 781 1411 693 1479 720 1488 855 1426 962
img08374.jpg 1291 982 1359 817 1543 838 1581 855 1404 956 1514 968 1566 843 1442 697 1415 676 1301 629 1352 908 1403 785 1410 697 1475 719 1489 855 1427 960
img08375.jpg 1289 982 1360 817 1544 836 1583 855 1407 958 1517 967 1566 845 1443 696 1415 673 1301 626 1351 905 1405 785 1409 692 1479 718 1487 853 1428 959
img08376.jpg 1289 982 1362 817 1545 833 1583 851 1406 956 1516 962 1568 844 1444 693 1415 671 1301 623 1344 895 1405 781 1412 686 1482 714 1486 849 1427 958
img08377.jpg 1284 980 1363 817 1548 833 1584 850 1407 956 1517 962 1573 844 1444 690 1417 667 1303 619 1340 890 1405 779 1413 678 1484 709 1486 846 1428 954
img08378.jpg 1278 976 1363 815 1552 833 1585 850 1408 957 1517 966 1573 840 1443 683 1416 659 1305 610 1338 885 1406 776 1412 675 1484 702 1486 838 1429 949
img08379.jpg 1273 971 1361 810 1553 825 1587 844 1409 953 1517 967 1571 832 1443 675 1417 651 1308 600 1337 882 1405 768 1411 665 1484 693 1484 830 1433 943
img08380.jpg 1274 967 1361 805 1553 813 1587 835 1409 945 1516 968 1573 819 1444 663 1418 641 1310 588 1337 877 1404 760 1412 657 1482 683 1486 821 1436 934
img08381.jpg 1271 962 1357 799 1551 800 1588 826 1410 938 1514 971 1571 806 1444 650 1420 630 1314 576 1345 870 1406 748 1412 646 1482 672 1488 810 1442 922
img08382.jpg 1278 961 1358 794 1549 783 1590 811 1412 925 1513 969 1572 793 1445 635 1422 617 1317 560 1354 850 1407 737 1411 637 1480 657 1490 795 1447 911
img08383.jpg 1284 959 1357 788 1544 762 1588 791 1410 905 1506 960 1568 776 1449 621 1427 602 1321 544 1363 831 1408 724 1414 621 1479 641 1493 780 1455 897
img08384.jpg 1299 968 1363 792 1545 752 1588 777 1411 893 1501 958 1572 765 1452 605 1429 586 1325 526 1370 812 1411 713 1419 603 1485 623 1498 764 1462 884
img08385.jpg 1313 976 1366 796 1542 739 1590 761 1412 878 1500 955 1570 752 1455 589 1433 569 1330 505 1378 790 1414 696 1420 586 1487 599 1502 745 1472 867
img08386.jpg 1326 983 1371 800 1544 728 1588 746 1410 865 1501 951 1571 741 1460 570 1438 549 1336 482 1385 770 1416 683 1425 567 1492 578 1504 727 1483 851
img08387.jpg 1334 987 1371 801 1546 715 1588 731 1410 852 1500 951 1569 727 1465 554 1443 528 1342 458 1390 756 1421 666 1427 547 1500 558 1509 710 1496 830
img08388.jpg 1346 991 1377 803 1546 708 1588 720 1410 843 1504 953 1569 716 1467 533 1447 505 1351 430 1398 737 1425 647 1430 528 1507 535 1512 690 1508 809
img08389.jpg 1358 990 1378 800 1533 695 1584 705 1406 829 1508 951 1564 703 1472 511 1454 483 1363 403 1406 720 1431 628 1434 508 1513 513 1515 670 1518 786
img08390.jpg 1362 985 1378 794 1523 685 1583 693 1401 819 1507 951 1562 690 1479 492 1463 461 1375 375 1416 703 1435 612 1437 487 1523 497 1523 647 1528 765
img08391.jpg 1378 983 1381 791 1512 674 1578 679 1401 809 1509 952 1554 679 1483 473 1469 438 1389 347 1427 684 1440 590 1440 468 1528 473 1527 619 1536 743
img08392.jpg 1396 982 1387 789 1499 664 1566 669 1400 805 1512 953 1545 667 1490 451 1477 418 1403 320 1433 666 1444 568 1447 449 1534 451 1536 592 1545 724
img08393.jpg 1408 979 1388 785 1488 651 1558 660 1405 802 1516 953 1534 654 1497 432 1486 399 1416 293 1440 651 1451 551 1453 429 1543 432 1544 569 1551 706
img08394.jpg 1415 974 1392 780 1488 639 1548 647 1411 797 1516 954 1524 642 1502 415 1491 379 1425 269 1452 631 1458 531 1458 412 1549 409 1554 546 1557 686
img08395.jpg 1432 968 1400 774 1487 626 1538 637 1417 794 1518 954 1512 629 1507 396 1498 362 1436 247 1463 614 1470 514 1465 396 1557 390 1559 528 1563 671
img08396.jpg 1441 960 1406 766 1484 616 1532 625 1423 786 1518 953 1507 616 1513 379 1504 345 1445 227 1467 595 1479 498 1470 379 1567 376 1569 518 1569 656
img08397.jpg 1451 953 1413 759 1484 607 1532 613 1430 779 1518 953 1504 607 1518 365 1510 328 1456 208 1474 576 1490 485 1475 365 1575 362 1572 508 1572 641
img08398.jpg 1467 948 1423 754 1486 595 1532 601 1434 771 1517 953 1503 598 1523 353 1512 313 1463 195 1481 560 1500 474 1480 353 1581 350 1578 497 1575 630
img08399.jpg 1481 940 1431 746 1486 586 1533 594 1440 763 1521 953 1504 589 1530 341 1519 303 1472 181 1479 544 1507 466 1487 344 1586 341 1583 490 1580 620
img08400.jpg 1487 937 1437 743 1484 577 1534 586 1451 758 1525 953 1504 580 1537 332 1522 291 1478 169 1474 530 1510 456 1493 335 1590 332 1587 483 1581 610
img08401.jpg 1495 933 1444 741 1483 568 1534 580 1459 756 1525 954 1504 574 1542 323 1528 284 1483 159 1478 521 1515 451 1498 329 1593 326 1590 476 1581 601
img08402.jpg 1497 932 1449 739 1482 560 1534 575 1467 754 1528 953 1504 569 1546 315 1534 279 1489 149 1478 511 1515 445 1501 324 1597 322 1594 470 1582 593
img08403.jpg 1497 931 1454 737 1481 556 1537 571 1478 749 1530 952 1506 565 1549 310 1540 276 1497 141 1478 501 1515 438 1506 319 1601 316 1595 467 1583 589
img08404.jpg 1496 930 1462 737 1480 550 1540 565 1487 749 1530 952 1509 562 1549 307 1543 273 1503 135 1483 494 1514 434 1509 313 1605 316 1596 463 1580 587
img08405.jpg 1497 929 1469 737 1481 547 1541 563 1494 749 1529 951 1510 560 1551 304 1545 273 1510 131 1488 485 1513 433 1510 311 1607 317 1595 462 1582 585
img08406.jpg 1497 931 1475 736 1484 547 1542 560 1504 749 1529 950 1510 557 1552 304 1545 269 1516 129 1490 474 1510 429 1510 308 1612 314 1596 461 1584 586
img08407.jpg 1499 927 1480 734 1483 547 1544 560 1509 747 1528 950 1512 554 1551 306 1544 267 1522 129 1499 465 1512 428 1512 306 1612 312 1596 461 1583 586
img08408.jpg 1499 927 1483 733 1483 549 1541 559 1515 750 1528 953 1512 553 1551 307 1544 265 1525 130 1500 455 1509 426 1512 307 1612 314 1596 459 1583 585
img08409.jpg 1501 928 1485 733 1485 554 1539 560 1523 749 1528 955 1512 554 1550 310 1544 262 1528 131 1503 444 1507 424 1512 310 1615 310 1598 457 1582 586
img08410.jpg 1499 927 1483 733 1483 555 1531 555 1531 749 1531 959 1515 555 1547 312 1547 264 1531 134 1497 435 1499 425 1515 312 1612 312 1596 458 1580 587
